1 0.10390625 0.08984375 0.1484375 0.1234375
1 0.24453125 0.05078125 0.1765625 0.0859375
1 0.38046875 0.09921875 0.1359375 0.1140625
1 0.53671875 0.0390625 0.171875 0.078125
1 0.69375 0.09375 0.1296875 0.096875
1 0.8390625 0.04375 0.1625 0.0875
1 0.83515625 0.1671875 0.1796875 0.1453125
1 0.540625 0.1578125 0.1734375 0.1375
1 0.23984375 0.1703125 0.13125 0.103125
1 0.40625 0.225 0.1453125 0.1203125
1 0.10546875 0.2359375 0.109375 0.128125
1 0.5375 0.3015625 0.1328125 0.1328125
1 0.7015625 0.34140625 0.1953125 0.1765625
1 0.2765625 0.29765625 0.165625 0.0953125
1 0.090625 0.375 0.178125 0.1515625
1 0.25078125 0.43828125 0.1734375 0.1515625
1 0.4140625 0.36953125 0.0984375 0.121875
1 0.55546875 0.45546875 0.1515625 0.14375
1 0.39609375 0.5015625 0.1328125 0.1546875
1 0.71953125 0.5171875 0.153125 0.1265625
1 0.534375 0.58125 0.1828125 0.1671875
1 0.22421875 0.6 0.184375 0.1390625
1 0.075 0.5078125 0.1359375 0.11875
1 0.07734375 0.671875 0.1546875 0.1453125
1 0.40390625 0.77578125 0.1890625 0.1328125
1 0.55546875 0.865625 0.159375 0.1421875
1 0.0953125 0.803125 0.159375 0.1234375
1 0.265625 0.85859375 0.134375 0.1296875
1 0.0859375 0.93984375 0.1390625 0.10625
1 0.39921875 0.93125 0.13125 0.128125
1 0.853125 0.7109375 0.165625 0.1234375
1 0.8609375 0.8640625 0.184375 0.140625
1 0.953125 0.5078125 0.09375 0.1875