1 0.50234375 0.103125 0.140625 0.1171875
1 0.671875 0.04140625 0.1359375 0.0828125
1 0.93984375 0.0453125 0.1203125 0.090625
1 0.9453125 0.159375 0.109375 0.103125
1 0.9421875 0.29375 0.115625 0.090625
1 0.94765625 0.4328125 0.1046875 0.1109375
1 0.94765625 0.57890625 0.1046875 0.109375
1 0.1875 0.94765625 0.1375 0.1046875
1 0.1859375 0.3953125 0.146875 0.1203125
1 0.5 0.23671875 0.1140625 0.090625
1 0.68203125 0.2984375 0.1125 0.084375
1 0.79296875 0.21328125 0.075 0.0734375
1 0.50390625 0.378125 0.13125 0.115625
1 0.68046875 0.4484375 0.140625 0.0875
1 0.3734375 0.43984375 0.13125 0.0953125
1 0.50703125 0.52421875 0.1296875 0.109375
1 0.78671875 0.3765625 0.1328125 0.1
1 0.1703125 0.109375 0.1203125 0.1078125
1 0.05859375 0.18671875 0.1171875 0.125
1 0.0625 0.0421875 0.125 0.0765625
1 0.196875 0.53203125 0.0859375 0.0828125
1 0.51171875 0.66796875 0.1125 0.09375
1 0.68046875 0.60234375 0.0984375 0.0875
1 0.79453125 0.66484375 0.1265625 0.10625
1 0.78359375 0.5109375 0.14375 0.09375
1 0.36171875 0.5875 0.1140625 0.0890625
1 0.16796875 0.67265625 0.1625 0.1140625
1 0.359375 0.72890625 0.140625 0.1015625
1 0.1734375 0.8234375 0.1421875 0.0828125
1 0.3734375 0.88046875 0.1203125 0.096875
1 0.509375 0.81484375 0.14375 0.1
1 0.684375 0.73671875 0.1171875 0.0953125
1 0.6765625 0.16640625 0.1453125 0.103125
1 0.0609375 0.33515625 0.121875 0.09375
1 0.06484375 0.5921875 0.1296875 0.1109375
1 0.79453125 0.9484375 0.09375 0.103125
1 0.51484375 0.96015625 0.1125 0.0796875
1 0.95859375 0.74375 0.0828125 0.071875
1 0.9609375 0.878125 0.078125 0.125