1 0.9 0.01796875 0.2 0.0359375
1 0.5828125 0.01640625 0.23125 0.0328125
1 0.3859375 0.06640625 0.196875 0.1328125
1 0.74296875 0.21328125 0.3 0.209375
1 0.3671875 0.209375 0.23125 0.128125
1 0.07578125 0.19375 0.1515625 0.14609375
1 0.0578125 0.06171875 0.115625 0.12265625
1 0.9125 0.28359375 0.17109375 0.18203125
1 0.88515625 0.46328125 0.15859375 0.1875
1 0.74296875 0.38515625 0.18046875 0.140625
1 0.56640625 0.25703125 0.14765625 0.1515625
1 0.37578125 0.36875 0.19140625 0.13203125
1 0.203125 0.4296875 0.14296875 0.16953125
1 0.04921875 0.36953125 0.0984375 0.1296875
1 0.56953125 0.440625 0.15859375 0.1296875
1 0.36875 0.509375 0.21640625 0.128125
1 0.0578125 0.53046875 0.115625 0.1625
1 0.19765625 0.60390625 0.14296875 0.14765625
1 0.56796875 0.59375 0.20234375 0.14453125
1 0.89140625 0.60859375 0.2 0.15
1 0.728125 0.66796875 0.1640625 0.15859375
1 0.54609375 0.7625 0.19140625 0.1375
1 0.359375 0.6640625 0.18046875 0.14453125
1 0.35703125 0.81875 0.14765625 0.1140625
1 0.8890625 0.7859375 0.21875 0.13515625
1 0.7171875 0.83671875 0.13515625 0.15546875
1 0.19296875 0.91953125 0.1734375 0.1609375
1 0.5515625 0.92109375 0.16796875 0.13203125
1 0.378125 0.9609375 0.1859375 0.07734375
1 0.7171875 0.97578125 0.1859375 0.0484375