1 0.94375 0.05546875 0.1125 0.1109375
1 0.81015625 0.02265625 0.203125 0.0453125
1 0.65390625 0.05859375 0.15625 0.1171875
1 0.47578125 0.01328125 0.1984375 0.0265625
1 0.29453125 0.05 0.1484375 0.1
1 0.12578125 0.01875 0.18671875 0.0375
1 0.13046875 0.1296875 0.20703125 0.1671875
1 0.46953125 0.11875 0.2 0.15859375
1 0.815625 0.1328125 0.15078125 0.11875
1 0.62421875 0.19609375 0.1671875 0.13828125
1 0.95390625 0.20859375 0.09140625 0.14765625
1 0.47265625 0.284375 0.153125 0.153125
1 0.284375 0.3296875 0.225 0.203125
1 0.7734375 0.2796875 0.190625 0.109375
1 0.9421875 0.36796875 0.11484375 0.17421875
1 0.803125 0.44140625 0.2 0.17421875
1 0.61484375 0.3625 0.11328125 0.140625
1 0.45234375 0.46171875 0.17421875 0.165625
1 0.6359375 0.5140625 0.153125 0.178125
1 0.26328125 0.53203125 0.1765625 0.1453125
1 0.4765625 0.60625 0.21015625 0.1921875
1 0.83359375 0.62734375 0.2125 0.16015625
1 0.9640625 0.521875 0.071875 0.13671875
1 0.95703125 0.70859375 0.0859375 0.1671875
1 0.6265625 0.8296875 0.21796875 0.153125
1 0.453125 0.925 0.18359375 0.14921875
1 0.9453125 0.8609375 0.109375 0.1421875
1 0.7859375 0.925 0.1546875 0.14921875
1 0.63359375 0.9671875 0.1515625 0.065625
1 0.109375 0.75546875 0.190625 0.1421875
1 0.10390625 0.92421875 0.2078125 0.1484375
1 0.02421875 0.521875 0.0484375 0.215625