1 0.6765625 0.19296875 0.2515625 0.17109375
1 0.34140625 0.18828125 0.20625 0.18984375
1 0.0515625 0.18515625 0.10234375 0.159375
1 0.06953125 0.04453125 0.1390625 0.0890625
1 0.34296875 0.06484375 0.23359375 0.12890625
1 0.8078125 0.11328125 0.21640625 0.1640625
1 0.8265625 0.27890625 0.18828125 0.159375
1 0.6734375 0.34765625 0.228125 0.1625
1 0.165625 0.27109375 0.228125 0.19140625
1 0.1609375 0.10625 0.18828125 0.16953125
1 0.4859375 0.125 0.2046875 0.14765625
1 0.48203125 0.27265625 0.18125 0.16953125
1 0.165625 0.41875 0.19453125 0.14453125
1 0.05625 0.49375 0.1125 0.1859375
1 0.67421875 0.5125 0.26015625 0.16796875
1 0.33984375 0.48515625 0.27890625 0.1625
1 0.34609375 0.6484375 0.26640625 0.1796875
1 0.15703125 0.7296875 0.2453125 0.203125
1 0.0515625 0.79453125 0.10234375 0.1828125
1 0.8359375 0.41875 0.2 0.16953125
1 0.8203125 0.58359375 0.24296875 0.1796875
1 0.67109375 0.053125 0.184375 0.10546875
1 0.8328125 0.74296875 0.19765625 0.1640625
1 0.6546875 0.65546875 0.26015625 0.1625
1 0.66640625 0.8015625 0.2234375 0.1578125
1 0.33046875 0.80234375 0.23515625 0.1546875
1 0.9171875 0.93125 0.165625 0.1375
1 0.6625 0.93359375 0.23515625 0.1328125
1 0.328125 0.9375 0.215625 0.125
1 0.15078125 0.96015625 0.2421875 0.0796875
1 0.159375 0.57578125 0.184375 0.15625
1 0.4859375 0.58671875 0.17109375 0.14609375
1 0.4921875 0.88203125 0.2078125 0.16796875
1 0.04921875 0.9328125 0.0984375 0.134375
1 0.80546875 0.98046875 0.19765625 0.03828125
1 0.49375 0.428125 0.17421875 0.1640625
1 0.96953125 0.1953125 0.06015625 0.1359375
1 0.95 0.0671875 0.1 0.134375
1 0.9609375 0.35 0.078125 0.1875
1 0.4625 0.9734375 0.221875 0.053125
1 0.80625 0.88828125 0.16953125 0.109375