1 0.77265625 0.146875 0.1796875 0.115625
1 0.59140625 0.39453125 0.146875 0.1171875
1 0.07890625 0.16171875 0.15 0.1296875
1 0.60234375 0.09140625 0.1609375 0.10859375
1 0.77734375 0.02890625 0.16953125 0.0578125
1 0.0828125 0.30234375 0.1609375 0.103125
1 0.07734375 0.45625 0.1546875 0.134375
1 0.28828125 0.390625 0.12578125 0.090625
1 0.26640625 0.23984375 0.15 0.07890625
1 0.41875 0.14609375 0.134375 0.09453125
1 0.2625 0.09375 0.1640625 0.12734375
1 0.08046875 0.0375 0.1609375 0.075
1 0.07890625 0.61484375 0.15546875 0.11875
1 0.26640625 0.72890625 0.15234375 0.1328125
1 0.59296875 0.56796875 0.1625 0.11015625
1 0.43125 0.4828125 0.11875 0.1015625
1 0.92109375 0.38125 0.15703125 0.12265625
1 0.78359375 0.478125 0.1484375 0.12734375
1 0.92109375 0.56875 0.15703125 0.1453125
1 0.91640625 0.88125 0.15703125 0.13125
1 0.78046875 0.75625 0.11328125 0.09453125
1 0.26015625 0.8625 0.13984375 0.11171875
1 0.43984375 0.63046875 0.11875 0.10703125
1 0.0765625 0.76171875 0.153125 0.1078125
1 0.06015625 0.92734375 0.1203125 0.11328125
1 0.43203125 0.90234375 0.15546875 0.1328125
1 0.59140625 0.82890625 0.14296875 0.115625
1 0.4359375 0.7515625 0.14296875 0.10859375
1 0.59296875 0.6984375 0.134375 0.1015625
1 0.7796875 0.63671875 0.13984375 0.10859375
1 0.77890625 0.97109375 0.1453125 0.0578125
1 0.23828125 0.965625 0.15234375 0.06796875