1 0.7390625 0.3296875 0.1375 0.1234375
1 0.41171875 0.346875 0.1484375 0.1
1 0.5703125 0.11015625 0.146875 0.1015625
1 0.74140625 0.04375 0.1765625 0.0859375
1 0.42890625 0.1890625 0.1234375 0.0953125
1 0.25 0.15 0.153125 0.0921875
1 0.28828125 0.03671875 0.1390625 0.0734375
1 0.1015625 0.08046875 0.14375 0.109375
1 0.09609375 0.35546875 0.1421875 0.0953125
1 0.08984375 0.51015625 0.125 0.096875
1 0.434375 0.634375 0.1171875 0.08125
1 0.41171875 0.48671875 0.109375 0.084375
1 0.59609375 0.5359375 0.090625 0.0859375
1 0.7390625 0.47109375 0.1125 0.0703125
1 0.8921875 0.54921875 0.1265625 0.075
1 0.91328125 0.41171875 0.109375 0.090625
1 0.89921875 0.2546875 0.1328125 0.1046875
1 0.91328125 0.696875 0.0921875 0.0828125
1 0.9015625 0.8453125 0.1015625 0.090625
1 0.90234375 0.9609375 0.109375 0.0765625
1 0.75 0.89453125 0.1171875 0.075
1 0.59375 0.84921875 0.121875 0.071875
1 0.7515625 0.7578125 0.078125 0.0859375
1 0.43828125 0.78359375 0.1265625 0.0953125
1 0.6015625 0.67890625 0.1234375 0.0859375
1 0.278125 0.7328125 0.1234375 0.0921875
1 0.28203125 0.59609375 0.115625 0.0921875
1 0.28203125 0.8625 0.1109375 0.078125
1 0.43203125 0.91875 0.096875 0.0765625
1 0.10625 0.9484375 0.1296875 0.08125
1 0.62734375 0.26171875 0.0984375 0.0734375
1 0.5953125 0.9625 0.13125 0.075
1 0.2828125 0.9734375 0.134375 0.053125