1 0.14375 0.5390625 0.1515625 0.10625
1 0.48828125 0.8734375 0.14765625 0.1140625
1 0.4859375 0.06171875 0.1765625 0.11015625
1 0.30234375 0.10546875 0.14453125 0.0953125
1 0.33515625 0.2390625 0.10859375 0.08671875
1 0.50703125 0.2328125 0.15859375 0.09765625
1 0.48359375 0.5 0.1375 0.08828125
1 0.70859375 0.390625 0.1171875 0.09765625
1 0.82578125 0.228125 0.11875 0.08515625
1 0.9765625 0.14140625 0.046875 0.08828125
1 0.971875 0.471875 0.05625 0.0921875
1 0.81953125 0.56171875 0.14609375 0.09921875
1 0.82734375 0.884375 0.128125 0.11171875
1 0.66640625 0.95078125 0.1515625 0.0984375
1 0.2671875 0.92578125 0.12421875 0.0921875
1 0.1359375 0.8640625 0.13515625 0.09375
1 0.1390625 0.6796875 0.1609375 0.0921875
1 0.6734375 0.7921875 0.1171875 0.08828125
1 0.4921875 0.715625 0.15703125 0.08515625
1 0.95390625 0.64765625 0.0921875 0.10859375
1 0.98046875 0.81171875 0.0390625 0.1109375
1 0.8328125 0.703125 0.12109375 0.08671875
1 0.98125 0.31328125 0.0375 0.0859375
1 0.84921875 0.3796875 0.11875 0.090625
1 0.66953125 0.14609375 0.13359375 0.10859375
1 0.84296875 0.08671875 0.1515625 0.0953125
1 0.6828125 0.0078125 0.1375 0.015625
1 0.4921875 0.37578125 0.14765625 0.090625
1 0.67890625 0.27734375 0.103125 0.08125
1 0.6578125 0.48125 0.0921875 0.08125
1 0.5859375 0.34375 0.090625 0.06875
1 0.1390625 0.05 0.1296875 0.09765625
1 0.32421875 0.59375 0.12265625 0.11015625