1 0.64609375 0.203125 0.1921875 0.1359375
1 0.1625 0.78359375 0.15703125 0.12890625
1 0.50234375 0.765625 0.17265625 0.125
1 0.48046875 0.12421875 0.196875 0.12890625
1 0.64609375 0.3625 0.1671875 0.1265625
1 0.14296875 0.303125 0.178125 0.13359375
1 0.47265625 0.6125 0.1640625 0.1234375
1 0.6671875 0.67578125 0.1546875 0.11796875
1 0.4875 0.925 0.14453125 0.13203125
1 0.328125 0.8515625 0.14609375 0.10390625
1 0.83515625 0.62265625 0.1140625 0.0953125
1 0.65078125 0.50859375 0.140625 0.0984375
1 0.840625 0.44609375 0.18671875 0.1140625
1 0.03984375 0.87109375 0.07890625 0.1265625
1 0.01953125 0.5328125 0.0390625 0.13203125
1 0.021875 0.20234375 0.04375 0.1125
1 0.13359375 0.12421875 0.17578125 0.1234375
1 0.15703125 0.48203125 0.11796875 0.1
1 0.1609375 0.63359375 0.1359375 0.1
1 0.03203125 0.6984375 0.06328125 0.1140625
1 0.6921875 0.98359375 0.165625 0.0328125
1 0.84296875 0.76171875 0.11796875 0.0984375
1 0.84765625 0.93828125 0.153125 0.1234375
1 0.8421875 0.1359375 0.1640625 0.1234375
1 0.49140625 0.4375 0.1265625 0.10546875
1 0.3203125 0.525 0.15703125 0.109375
1 0.31796875 0.68984375 0.16171875 0.109375
1 0.31953125 0.3796875 0.125 0.10390625
1 0.1109375 0.021875 0.1546875 0.04375
1 0.8546875 0.0203125 0.153125 0.040625
1 0.64140625 0.040625 0.1640625 0.08125
1 0.29296875 0.0828125 0.16171875 0.09296875
1 0.96171875 0.22734375 0.0765625 0.1046875
1 0.465625 0.01875 0.153125 0.03671875