1 0.0546875 0.0421875 0.109375 0.084375
1 0.33515625 0.03515625 0.1828125 0.06953125
1 0.65234375 0.03671875 0.24140625 0.0734375
1 0.83984375 0.16015625 0.14296875 0.14296875
1 0.92734375 0.2484375 0.14453125 0.23984375
1 0.66796875 0.13828125 0.18671875 0.14296875
1 0.49296875 0.1015625 0.15546875 0.1578125
1 0.14921875 0.0921875 0.15390625 0.1265625
1 0.4078125 0.228125 0.2015625 0.1390625
1 0.55234375 0.25546875 0.1703125 0.1375
1 0.0328125 0.1609375 0.065625 0.12109375
1 0.159375 0.225 0.14140625 0.0953125
1 0.02734375 0.325 0.0546875 0.11875
1 0.3234375 0.3234375 0.15390625 0.1390625
1 0.46953125 0.41640625 0.17578125 0.1578125
1 0.67890625 0.41171875 0.19609375 0.19375
1 0.95 0.44921875 0.1 0.1265625
1 0.95703125 0.5796875 0.0859375 0.1078125
1 0.85078125 0.66015625 0.15234375 0.1375
1 0.95390625 0.73984375 0.09140625 0.1578125
1 0.97890625 0.9078125 0.0421875 0.15234375
1 0.69609375 0.765625 0.203125 0.19375
1 0.85546875 0.84375 0.14140625 0.11875
1 0.871875 0.96015625 0.2 0.0796875
1 0.36328125 0.9484375 0.26953125 0.10234375
1 0.04296875 0.95390625 0.0859375 0.09140625
1 0.1640625 0.40859375 0.1484375 0.1296875
1 0.03359375 0.47734375 0.0671875 0.1171875
1 0.165625 0.58828125 0.15 0.13359375
1 0.5203125 0.69609375 0.1921875 0.16484375
1 0.34765625 0.796875 0.20546875 0.2
1 0.0390625 0.82265625 0.078125 0.1390625
1 0.06875 0.71875 0.1375 0.16640625
1 0.1703125 0.765625 0.12265625 0.12421875
1 0.28359375 0.659375 0.17578125 0.11875
1 0.47890625 0.5703125 0.16328125 0.1046875
1 0.31171875 0.159375 0.11015625 0.09921875