1 0.04375 0.9765625 0.0875 0.046875
1 0.38046875 0.94765625 0.1765625 0.1046875
1 0.74453125 0.9515625 0.14765625 0.09609375
1 0.54375 0.8796875 0.1578125 0.16328125
1 0.9046875 0.8984375 0.13984375 0.11640625
1 0.74609375 0.8 0.178125 0.13125
1 0.89375 0.72890625 0.11796875 0.14765625
1 0.75546875 0.63984375 0.1671875 0.14921875
1 0.53125 0.72734375 0.15625 0.14375
1 0.37734375 0.8171875 0.165625 0.10390625
1 0.1484375 0.9109375 0.21484375 0.1421875
1 0.0609375 0.85078125 0.121875 0.14921875
1 0.17734375 0.72734375 0.21484375 0.17421875
1 0.3671875 0.65625 0.1984375 0.165625
1 0.53828125 0.5546875 0.23125 0.13671875
1 0.74453125 0.4734375 0.1875 0.1453125
1 0.91015625 0.4 0.1671875 0.14921875
1 0.16875 0.5625 0.26328125 0.1421875
1 0.06328125 0.4734375 0.1265625 0.18125
1 0.190625 0.39765625 0.23828125 0.1546875
1 0.0546875 0.28984375 0.109375 0.1578125
1 0.18984375 0.23125 0.1890625 0.11796875
1 0.4125 0.33359375 0.2328125 0.1234375
1 0.534375 0.24296875 0.19296875 0.09453125
1 0.74921875 0.32109375 0.165625 0.09609375
1 0.77578125 0.19296875 0.19453125 0.12734375
1 0.90390625 0.26875 0.1453125 0.109375
1 0.915625 0.10703125 0.1234375 0.1546875
1 0.57734375 0.09765625 0.1875 0.13984375
1 0.74453125 0.03828125 0.16875 0.0765625
1 0.39609375 0.16484375 0.17265625 0.10546875
1 0.38359375 0.04375 0.18203125 0.0875
1 0.178125 0.0953125 0.1984375 0.12578125
1 0.06640625 0.03359375 0.1328125 0.0671875
1 0.0390625 0.15078125 0.078125 0.0984375