1 0.7234375 0.36875 0.1078125 0.0890625
1 0.89375 0.4390625 0.125 0.0859375
1 0.7546875 0.51484375 0.1390625 0.090625
1 0.575 0.04375 0.1140625 0.0765625
1 0.5859375 0.17578125 0.0984375 0.0984375
1 0.87578125 0.0421875 0.1390625 0.084375
1 0.8640625 0.18515625 0.1203125 0.1
1 0.40859375 0.05859375 0.1328125 0.090625
1 0.2546875 0.0421875 0.1203125 0.0640625
1 0.41875 0.19921875 0.125 0.0953125
1 0.41171875 0.38046875 0.13125 0.103125
1 0.1203125 0.253125 0.128125 0.134375
1 0.2796875 0.56015625 0.1703125 0.1109375
1 0.56328125 0.58203125 0.1171875 0.09375
1 0.56484375 0.434375 0.1140625 0.1015625
1 0.42421875 0.50625 0.1234375 0.1328125
1 0.2640625 0.31796875 0.1328125 0.0953125
1 0.26640625 0.2 0.1375 0.0953125
1 0.084375 0.37578125 0.146875 0.1046875
1 0.2640625 0.703125 0.15 0.1140625
1 0.2796875 0.84375 0.1328125 0.109375
1 0.5875 0.74921875 0.1296875 0.109375
1 0.7421875 0.6703125 0.103125 0.0828125
1 0.859375 0.6140625 0.1 0.078125
1 0.4328125 0.66171875 0.115625 0.09375
1 0.86640625 0.7359375 0.1140625 0.0734375
1 0.88046875 0.86328125 0.1046875 0.09375
1 0.68828125 0.86640625 0.1140625 0.0984375
1 0.4328125 0.95 0.109375 0.0984375
1 0.28125 0.4375 0.1296875 0.103125
1 0.4421875 0.81875 0.125 0.11875
1 0.11328125 0.78359375 0.1265625 0.125
1 0.1078125 0.50078125 0.125 0.09375
1 0.10703125 0.63828125 0.1328125 0.1171875
1 0.5859375 0.90703125 0.1234375 0.125
1 0.759375 0.79609375 0.1296875 0.096875
1 0.10546875 0.9421875 0.140625 0.0953125
1 0.8 0.9625 0.1265625 0.075