1 0.86953125 0.49921875 0.13125 0.0921875
1 0.57109375 0.7890625 0.128125 0.0984375
1 0.5734375 0.0859375 0.153125 0.0953125
1 0.73203125 0.12421875 0.125 0.0828125
1 0.70390625 0.23984375 0.09375 0.075
1 0.5546875 0.234375 0.1375 0.084375
1 0.575 0.465625 0.11875 0.0765625
1 0.38046875 0.37109375 0.1015625 0.084375
1 0.27890625 0.23046875 0.103125 0.0734375
1 0.11171875 0.15625 0.1140625 0.0765625
1 0.12421875 0.4421875 0.10625 0.0796875
1 0.284375 0.51875 0.1265625 0.0859375
1 0.27734375 0.7984375 0.1109375 0.096875
1 0.26484375 0.9359375 0.1234375 0.09375
1 0.41796875 0.86171875 0.13125 0.09375
1 0.5609375 0.93046875 0.121875 0.0953125
1 0.72109375 0.9578125 0.1140625 0.084375
1 0.7625 0.834375 0.1078125 0.0796875
1 0.87578125 0.78046875 0.1171875 0.08125
1 0.87734375 0.92421875 0.0953125 0.0765625
1 0.8734375 0.62109375 0.1390625 0.0796875
1 0.4109375 0.71875 0.1015625 0.0765625
1 0.56796875 0.65234375 0.1359375 0.0734375
1 0.14140625 0.59375 0.1328125 0.09375
1 0.1078125 0.73671875 0.1109375 0.096875
1 0.27265625 0.64140625 0.1046875 0.075
1 0.10703125 0.3046875 0.109375 0.075
1 0.25859375 0.36171875 0.103125 0.078125
1 0.4140625 0.159375 0.115625 0.09375
1 0.2640625 0.1078125 0.13125 0.0828125
1 0.103125 0.0359375 0.1328125 0.071875
1 0.40390625 0.0234375 0.11875 0.046875
1 0.56796875 0.3578125 0.128125 0.078125
1 0.40625 0.27265625 0.0890625 0.0703125
1 0.42421875 0.44921875 0.0796875 0.0703125
1 0.48671875 0.33046875 0.078125 0.059375
1 0.8734375 0.07578125 0.1125 0.084375
1 0.71328125 0.546875 0.10625 0.0953125