1 0.309375 0.184375 0.234375 0.159375
1 0.62109375 0.1796875 0.1921875 0.1765625
1 0.92109375 0.178125 0.153125 0.1484375
1 0.90390625 0.04375 0.1890625 0.0875
1 0.6203125 0.0625 0.2171875 0.125
1 0.18671875 0.11015625 0.2015625 0.153125
1 0.16953125 0.2640625 0.175 0.1484375
1 0.31171875 0.328125 0.2125 0.1515625
1 0.78515625 0.25703125 0.2125 0.178125
1 0.7890625 0.10390625 0.175 0.1578125
1 0.48671875 0.12109375 0.190625 0.1375
1 0.48984375 0.25859375 0.16875 0.1578125
1 0.78515625 0.39453125 0.18125 0.134375
1 0.9171875 0.465625 0.165625 0.1734375
1 0.3109375 0.48203125 0.2421875 0.15625
1 0.62265625 0.45625 0.259375 0.1515625
1 0.61640625 0.60859375 0.2484375 0.1671875
1 0.79296875 0.684375 0.228125 0.1890625
1 0.921875 0.74453125 0.15625 0.1703125
1 0.1609375 0.39453125 0.1859375 0.1578125
1 0.175 0.5484375 0.2265625 0.1671875
1 0.3140625 0.0515625 0.171875 0.103125
1 0.16328125 0.696875 0.184375 0.153125
1 0.3296875 0.61484375 0.2421875 0.1515625
1 0.31875 0.75078125 0.2078125 0.146875
1 0.63125 0.7515625 0.21875 0.14375
1 0.08125 0.89921875 0.1625 0.1828125
1 0.32265625 0.89375 0.21875 0.1625
1 0.634375 0.90234375 0.2 0.1625
1 0.79921875 0.93125 0.2265625 0.1375
1 0.790625 0.540625 0.171875 0.1453125
1 0.48671875 0.55078125 0.159375 0.1359375
1 0.48046875 0.82578125 0.19375 0.15625
1 0.92421875 0.88828125 0.1515625 0.153125
1 0.18984375 0.95 0.184375 0.1
1 0.47890625 0.403125 0.1625 0.153125
1 0.03203125 0.18671875 0.0640625 0.1265625
1 0.05078125 0.06484375 0.1015625 0.1296875
1 0.040625 0.33125 0.08125 0.175
1 0.51015625 0.94375 0.20625 0.1125
1 0.18828125 0.83203125 0.1578125 0.1015625