1 0.09609375 0.915625 0.1921875 0.16875
1 0.234375 0.853125 0.178125 0.1765625
1 0.08125 0.65546875 0.1625 0.159375
1 0.8421875 0.43046875 0.1828125 0.1390625
1 0.0625 0.3796875 0.125 0.1140625
1 0.671875 0.07890625 0.24375 0.1578125
1 0.2296875 0.2984375 0.215625 0.1828125
1 0.546875 0.29765625 0.175 0.1671875
1 0.5515625 0.44375 0.190625 0.18125
1 0.84375 0.14453125 0.2125 0.1578125
1 0.365625 0.0921875 0.171875 0.1640625
1 0.221875 0.1546875 0.121875 0.153125
1 0.0671875 0.08671875 0.134375 0.1390625
1 0.0828125 0.51328125 0.165625 0.13125
1 0.2375 0.4359375 0.24375 0.153125
1 0.07421875 0.23203125 0.1484375 0.1640625
1 0.8484375 0.2875 0.1796875 0.1265625
1 0.678125 0.353125 0.18125 0.221875
1 0.67578125 0.61953125 0.1875 0.1453125
1 0.85 0.56953125 0.2375 0.1515625
1 0.55078125 0.8359375 0.1828125 0.1515625
1 0.840625 0.83203125 0.203125 0.1765625
1 0.6921875 0.90703125 0.16875 0.1859375
1 0.36953125 0.65546875 0.14375 0.184375
1 0.24140625 0.5734375 0.2234375 0.159375
1 0.53203125 0.7234375 0.215625 0.1640625
1 0.684375 0.76640625 0.2078125 0.1484375
1 0.8546875 0.7125 0.1921875 0.128125
1 0.3734375 0.22421875 0.15625 0.1375
1 0.85859375 0.9640625 0.1609375 0.071875
1 0.21875 0.0375 0.19375 0.075
1 0.540625 0.0421875 0.190625 0.084375