1 0.05390625 0.9421875 0.10703125 0.115625
1 0.18046875 0.97421875 0.1953125 0.0515625
1 0.33125 0.9390625 0.15078125 0.12109375
1 0.503125 0.9828125 0.190625 0.034375
1 0.67734375 0.946875 0.14375 0.10546875
1 0.8390625 0.97734375 0.1796875 0.0453125
1 0.83515625 0.86640625 0.19921875 0.1609375
1 0.50859375 0.87734375 0.1921875 0.15234375
1 0.17578125 0.86328125 0.1453125 0.1140625
1 0.36015625 0.803125 0.1609375 0.13359375
1 0.04296875 0.79140625 0.0859375 0.1421875
1 0.50546875 0.71796875 0.146875 0.146875
1 0.68671875 0.67421875 0.21640625 0.1953125
1 0.21640625 0.72265625 0.18359375 0.10546875
1 0.0546875 0.6375 0.109375 0.16796875
1 0.1875 0.56640625 0.1921875 0.16796875
1 0.36875 0.64296875 0.109375 0.13515625
1 0.525 0.54765625 0.16796875 0.159375
1 0.3484375 0.496875 0.146875 0.17109375
1 0.70703125 0.47890625 0.16953125 0.13984375
1 0.5015625 0.40859375 0.20234375 0.18515625
1 0.15859375 0.3875 0.20390625 0.15390625
1 0.03359375 0.48984375 0.0671875 0.13125
1 0.040625 0.30859375 0.08125 0.1609375
1 0.35703125 0.19296875 0.209375 0.146875
1 0.525 0.09375 0.1765625 0.1578125
1 0.0515625 0.1640625 0.103125 0.1375
1 0.20390625 0.1015625 0.1484375 0.14375
1 0.040625 0.0359375 0.08125 0.071875
1 0.3515625 0.04609375 0.1453125 0.09140625
1 0.8546875 0.26484375 0.18359375 0.13671875
1 0.86328125 0.0953125 0.20390625 0.15546875
1 0.95625 0.48984375 0.0875 0.2078125