1 0.50703125 0.28828125 0.18203125 0.1578125
1 0.15 0.253125 0.2578125 0.1578125
1 0.94921875 0.17265625 0.1015625 0.1984375
1 0.95 0.05 0.1 0.1
1 0.66171875 0.0578125 0.2609375 0.115625
1 0.3171875 0.0859375 0.240625 0.17109375
1 0.159375 0.10390625 0.26953125 0.2078125
1 0.66328125 0.17265625 0.2421875 0.2109375
1 0.50546875 0.1078125 0.21640625 0.21484375
1 0.0484375 0.10625 0.096875 0.1953125
1 0.04140625 0.4328125 0.0828125 0.16640625
1 0.16953125 0.4265625 0.17265625 0.1453125
1 0.34453125 0.3625 0.259375 0.178125
1 0.509375 0.43203125 0.2234375 0.15546875
1 0.6640625 0.48359375 0.178125 0.1484375
1 0.84375 0.4296875 0.20234375 0.15546875
1 0.95234375 0.4765625 0.0953125 0.2125
1 0.953125 0.64375 0.09375 0.21796875
1 0.84453125 0.5796875 0.19375 0.1265625
1 0.5140625 0.74140625 0.18515625 0.16640625
1 0.67734375 0.64453125 0.2125 0.15234375
1 0.66875 0.80546875 0.209375 0.19921875
1 0.94609375 0.81171875 0.10703125 0.16640625
1 0.859375 0.85703125 0.27890625 0.19921875
1 0.6703125 0.9390625 0.2265625 0.12109375
1 0.953125 0.94921875 0.09375 0.1015625
1 0.06171875 0.92890625 0.12265625 0.1421875
1 0.36015625 0.925 0.2390625 0.15
1 0.17421875 0.86484375 0.196875 0.15546875
1 0.0671875 0.753125 0.134375 0.134375
1 0.0578125 0.596875 0.115625 0.1765625
1 0.33984375 0.5015625 0.15546875 0.10390625
1 0.49765625 0.57109375 0.23359375 0.1921875
1 0.18203125 0.71796875 0.209375 0.1296875
1 0.36796875 0.78984375 0.18359375 0.1296875
1 0.328125 0.65859375 0.2125 0.12109375
1 0.171875 0.56484375 0.21796875 0.15546875
1 0.85546875 0.7046875 0.1953125 0.13828125