1 0.51640625 0.0375 0.215625 0.0671875
1 0.0796875 0.09765625 0.1578125 0.15
1 0.090625 0.2453125 0.1765625 0.1390625
1 0.21875 0.0453125 0.15625 0.090625
1 0.83203125 0.04921875 0.1921875 0.0984375
1 0.68203125 0.10625 0.1625 0.1296875
1 0.8390625 0.16953125 0.1640625 0.1046875
1 0.68046875 0.24140625 0.1734375 0.13125
1 0.8671875 0.30859375 0.1890625 0.1140625
1 0.38828125 0.23515625 0.18125 0.1171875
1 0.5453125 0.31484375 0.1453125 0.146875
1 0.3984375 0.3828125 0.2 0.1234375
1 0.69296875 0.3953125 0.1453125 0.128125
1 0.86796875 0.4578125 0.1796875 0.15
1 0.5375 0.4609375 0.15 0.1375
1 0.7296875 0.53671875 0.171875 0.1203125
1 0.23671875 0.46015625 0.171875 0.153125
1 0.0828125 0.57734375 0.1296875 0.1015625
1 0.22734375 0.60390625 0.1390625 0.1078125
1 0.3984375 0.6640625 0.190625 0.15625
1 0.55703125 0.61015625 0.1390625 0.1171875
1 0.68203125 0.66875 0.1296875 0.1328125
1 0.86328125 0.7421875 0.1578125 0.1484375
1 0.68984375 0.8171875 0.1734375 0.1390625
1 0.42890625 0.80859375 0.146875 0.13125
1 0.5578125 0.8953125 0.1484375 0.1546875
1 0.6953125 0.95234375 0.175 0.0953125
1 0.25703125 0.88125 0.2140625 0.15
1 0.11953125 0.8046875 0.15625 0.134375