1 0.0703125 0.10703125 0.1171875 0.1765625
1 0.21484375 0.0546875 0.184375 0.103125
1 0.63515625 0.05234375 0.246875 0.0890625
1 0.8203125 0.1171875 0.1515625 0.146875
1 0.65703125 0.18046875 0.28125 0.1453125
1 0.93046875 0.1890625 0.1390625 0.134375
1 0.94921875 0.3484375 0.1015625 0.1515625
1 0.81015625 0.4 0.1671875 0.1875
1 0.665625 0.42890625 0.1890625 0.1515625
1 0.39296875 0.18984375 0.1671875 0.1296875
1 0.08203125 0.2796875 0.1640625 0.146875
1 0.3828125 0.31796875 0.1484375 0.10625
1 0.2140625 0.36640625 0.14375 0.1546875
1 0.08671875 0.43828125 0.14375 0.1390625
1 0.2265625 0.52265625 0.15625 0.1078125
1 0.36171875 0.45546875 0.1125 0.1015625
1 0.51484375 0.52578125 0.1421875 0.128125
1 0.23359375 0.6515625 0.2125 0.1171875
1 0.50625 0.6875 0.1984375 0.1296875
1 0.35703125 0.73515625 0.146875 0.125
1 0.08828125 0.7390625 0.1765625 0.146875
1 0.6765625 0.60390625 0.1296875 0.1265625
1 0.8140625 0.53515625 0.2328125 0.1421875
1 0.821875 0.6953125 0.190625 0.1375
1 0.82421875 0.834375 0.1921875 0.115625
1 0.9625 0.62421875 0.0625 0.1875
1 0.959375 0.77265625 0.08125 0.1671875
1 0.971875 0.92109375 0.05625 0.1359375
1 0.83359375 0.9421875 0.2375 0.115625
1 0.69765625 0.8921875 0.1578125 0.1375
1 0.37421875 0.878125 0.23125 0.11875
1 0.54296875 0.9578125 0.13125 0.084375
1 0.246875 0.9359375 0.1703125 0.128125
1 0.09921875 0.8578125 0.1984375 0.1203125
1 0.075 0.96640625 0.15 0.0671875