1 0.07109375 0.07109375 0.14140625 0.14140625
1 0.22265625 0.01796875 0.1640625 0.0359375
1 0.38984375 0.0703125 0.15 0.13984375
1 0.5515625 0.01328125 0.1765625 0.0265625
1 0.896875 0.01953125 0.1609375 0.03828125
1 0.7265625 0.0671875 0.13828125 0.134375
1 0.8953125 0.134375 0.14296875 0.11328125
1 0.72890625 0.225 0.1796875 0.15
1 0.55 0.13671875 0.1609375 0.146875
1 0.3984375 0.21953125 0.159375 0.15390625
1 0.55 0.3046875 0.1796875 0.15234375
1 0.73515625 0.3828125 0.21328125 0.1453125
1 0.5609375 0.46015625 0.2046875 0.1296875
1 0.4109375 0.37734375 0.19921875 0.14140625
1 0.075 0.22265625 0.146875 0.13125
1 0.215625 0.3 0.1484375 0.18515625
1 0.065625 0.3921875 0.13125 0.1796875
1 0.07421875 0.55390625 0.1484375 0.13671875
1 0.41171875 0.5421875 0.203125 0.134375
1 0.2265625 0.6109375 0.13671875 0.19765625
1 0.56640625 0.615625 0.1796875 0.1328125
1 0.4171875 0.69375 0.21171875 0.1453125
1 0.4171875 0.81796875 0.246875 0.1328125
1 0.0671875 0.69765625 0.134375 0.11875
1 0.21796875 0.75 0.1453125 0.12421875
1 0.0765625 0.8390625 0.153125 0.1375
1 0.24921875 0.90625 0.1609375 0.15703125
1 0.084375 0.96015625 0.16875 0.0796875
1 0.896875 0.89140625 0.18359375 0.1453125
1 0.890625 0.5953125 0.21484375 0.19609375
1 0.978125 0.365625 0.04375 0.15