1 0.1671875 0.95390625 0.2875 0.0921875
1 0.04453125 0.86640625 0.0890625 0.2390625
1 0.51875 0.9296875 0.2875 0.140625
1 0.69765625 0.83125 0.2640625 0.17890625
1 0.33125 0.85234375 0.19140625 0.14296875
1 0.15546875 0.79921875 0.18203125 0.14140625
1 0.34765625 0.71875 0.2375 0.1234375
1 0.16875 0.64296875 0.2265625 0.1265625
1 0.0546875 0.5640625 0.10859375 0.16796875
1 0.8890625 0.78046875 0.1625 0.14609375
1 0.70703125 0.67890625 0.2375 0.10859375
1 0.8921875 0.6125 0.19453125 0.15
1 0.53359375 0.59921875 0.18046875 0.16796875
1 0.70859375 0.52109375 0.1515625 0.1609375
1 0.33984375 0.55390625 0.16640625 0.16796875
1 0.1609375 0.47578125 0.12109375 0.09140625
1 0.05234375 0.40703125 0.1046875 0.1265625
1 0.35234375 0.37890625 0.12890625 0.12109375
1 0.53515625 0.42421875 0.1890625 0.13046875
1 0.70078125 0.36015625 0.1375 0.13046875
1 0.89375 0.45078125 0.20390625 0.15859375
1 0.1734375 0.32265625 0.14609375 0.1390625
1 0.35078125 0.2296875 0.1609375 0.1359375
1 0.5359375 0.2640625 0.1515625 0.125
1 0.89140625 0.2765625 0.1265625 0.09609375
1 0.7109375 0.19375 0.1859375 0.1609375
1 0.53828125 0.1140625 0.2 0.15703125
1 0.0421875 0.24609375 0.08359375 0.12890625
1 0.1703125 0.15625 0.13203125 0.1390625
1 0.3703125 0.06875 0.19140625 0.1375
1 0.0546875 0.07265625 0.10859375 0.14453125
1 0.175 0.02109375 0.140625 0.0421875
1 0.71171875 0.046875 0.1640625 0.09375
1 0.89296875 0.01640625 0.15390625 0.03203125
1 0.88125 0.0953125 0.12890625 0.10703125