1 0.04921875 0.08671875 0.09765625 0.17265625
1 0.1890625 0.0390625 0.19609375 0.078125
1 0.6359375 0.034375 0.2625 0.06796875
1 0.83359375 0.08984375 0.1609375 0.15625
1 0.66015625 0.15703125 0.29921875 0.1546875
1 0.93828125 0.16640625 0.12265625 0.14296875
1 0.95859375 0.334375 0.0828125 0.1609375
1 0.8234375 0.390625 0.178125 0.19921875
1 0.66953125 0.42109375 0.20078125 0.1609375
1 0.3796875 0.1671875 0.178125 0.1375
1 0.06796875 0.2625 0.1359375 0.15625
1 0.36875 0.303125 0.1578125 0.11328125
1 0.1890625 0.3546875 0.153125 0.1640625
1 0.06484375 0.43125 0.1296875 0.14765625
1 0.20234375 0.52109375 0.16640625 0.11484375
1 0.34609375 0.44921875 0.11953125 0.1078125
1 0.509375 0.52421875 0.15078125 0.1359375
1 0.21015625 0.6578125 0.22578125 0.12421875
1 0.5 0.69609375 0.2109375 0.1375
1 0.34140625 0.746875 0.15625 0.1328125
1 0.075 0.75078125 0.14921875 0.15625
1 0.68125 0.60703125 0.1375 0.134375
1 0.82734375 0.534375 0.24765625 0.15078125
1 0.8359375 0.7046875 0.20234375 0.14609375
1 0.83828125 0.85234375 0.2046875 0.12265625
1 0.97578125 0.628125 0.0484375 0.19921875
1 0.96875 0.7859375 0.0625 0.178125
1 0.98203125 0.9359375 0.0359375 0.128125
1 0.846875 0.95234375 0.25234375 0.09453125
1 0.703125 0.91328125 0.16796875 0.14609375
1 0.359375 0.8984375 0.24609375 0.1265625
1 0.5375 0.96875 0.140625 0.0625
1 0.2234375 0.94609375 0.18125 0.1078125
1 0.08671875 0.8765625 0.17265625 0.128125
1 0.0609375 0.978125 0.12109375 0.04296875