1 0.8125 0.5875 0.12578125 0.10390625
1 0.96875 0.50625 0.06171875 0.1
1 0.84921875 0.4171875 0.16171875 0.10546875
1 0.6390625 0.9609375 0.1328125 0.078125
1 0.65234375 0.81171875 0.11484375 0.11484375
1 0.9546875 0.959375 0.090625 0.08125
1 0.95234375 0.8015625 0.09453125 0.11640625
1 0.44609375 0.9484375 0.1546875 0.103125
1 0.26640625 0.965625 0.13984375 0.06875
1 0.4578125 0.784375 0.1453125 0.1109375
1 0.45 0.5734375 0.15234375 0.1203125
1 0.1109375 0.721875 0.14921875 0.15625
1 0.29609375 0.36484375 0.1984375 0.12890625
1 0.6265625 0.3390625 0.13671875 0.109375
1 0.628125 0.5109375 0.1328125 0.11796875
1 0.46484375 0.42734375 0.14375 0.1546875
1 0.278125 0.64609375 0.1546875 0.1109375
1 0.28125 0.78359375 0.16015625 0.1109375
1 0.07734375 0.57890625 0.1546875 0.121875
1 0.278125 0.1984375 0.17421875 0.1328125
1 0.2953125 0.04921875 0.1546875 0.0984375
1 0.6546875 0.14453125 0.15078125 0.12734375
1 0.834375 0.23671875 0.1203125 0.09609375
1 0.95625 0.3015625 0.0875 0.090625
1 0.47421875 0.24609375 0.134375 0.109375
1 0.95625 0.1609375 0.0875 0.08515625
1 0.9671875 0.03359375 0.065625 0.0671875
1 0.771875 0.0328125 0.1328125 0.065625
1 0.2984375 0.50703125 0.15078125 0.1203125
1 0.48515625 0.06640625 0.1453125 0.1328125
1 0.10234375 0.1046875 0.14765625 0.1453125
1 0.09609375 0.43359375 0.1453125 0.109375
1 0.0953125 0.2734375 0.1546875 0.13671875
1 0.6515625 0.0171875 0.14375 0.034375
1 0.8546875 0.08984375 0.15078125 0.1125