1 0.5703125 0.628125 0.21875 0.12734375
1 0.221875 0.48125 0.21328125 0.140625
1 0.24375 0.159375 0.19296875 0.12734375
1 0.24140625 0.915625 0.14609375 0.10703125
1 0.07265625 0.959375 0.13203125 0.08125
1 0.71953125 0.9640625 0.1578125 0.07109375
1 0.390625 0.9625 0.17421875 0.07421875
1 0.55703125 0.92734375 0.14765625 0.1015625
1 0.7296875 0.84140625 0.11875 0.11875
1 0.9 0.78125 0.15234375 0.10859375
1 0.89375 0.92421875 0.15234375 0.103125
1 0.37421875 0.8421875 0.14375 0.084375
1 0.559375 0.7703125 0.15625 0.08828125
1 0.746875 0.69453125 0.16640625 0.10859375
1 0.9234375 0.60703125 0.15234375 0.121875
1 0.91796875 0.3 0.1625 0.11875
1 0.8890625 0.0359375 0.17421875 0.07109375
1 0.91796875 0.1734375 0.1640625 0.11015625
1 0.57734375 0.17578125 0.13203125 0.13046875
1 0.584375 0.0265625 0.17265625 0.05234375
1 0.2453125 0.02421875 0.165625 0.0484375
1 0.0703125 0.23046875 0.1203125 0.121875
1 0.07578125 0.37578125 0.15078125 0.096875
1 0.38984375 0.38046875 0.178125 0.11171875
1 0.21640625 0.31015625 0.1421875 0.09453125
1 0.4 0.22421875 0.1765625 0.11015625
1 0.58359375 0.31328125 0.1640625 0.115625
1 0.7265625 0.39609375 0.17265625 0.1
1 0.90859375 0.45390625 0.1765625 0.11015625
1 0.74765625 0.5234375 0.1640625 0.11875
1 0.5828125 0.46796875 0.14375 0.10703125
1 0.7484375 0.2125 0.14609375 0.11875
1 0.40859375 0.07265625 0.140625 0.12578125
1 0.39921875 0.5484375 0.14765625 0.0984375
1 0.38828125 0.68359375 0.13359375 0.1015625