1 0.23515625 0.83125 0.19609375 0.14453125
1 0.59375 0.89296875 0.20234375 0.1328125
1 0.4171875 0.67578125 0.14296875 0.1328125
1 0.0828125 0.43359375 0.134375 0.12109375
1 0.09453125 0.57734375 0.14921875 0.11640625
1 0.0890625 0.71953125 0.1609375 0.1
1 0.5859375 0.72578125 0.14921875 0.1
1 0.7296875 0.80703125 0.1640625 0.09765625
1 0.38203125 0.46953125 0.14921875 0.1296875
1 0.59453125 0.4390625 0.1265625 0.09140625
1 0.39921875 0.115625 0.1265625 0.084375
1 0.23359375 0.61796875 0.1375 0.1109375
1 0.24296875 0.4828125 0.153125 0.1078125
1 0.25546875 0.3328125 0.1328125 0.1109375
1 0.2796875 0.94140625 0.140625 0.1171875
1 0.86875 0.86875 0.15625 0.09609375
1 0.88203125 0.703125 0.19296875 0.11328125
1 0.5625 0.56953125 0.1046875 0.09453125
1 0.25390625 0.18984375 0.12421875 0.1109375
1 0.03125 0.20390625 0.0625 0.0984375
1 0.10625 0.15078125 0.11640625 0.1078125
1 0.4078125 0.27578125 0.1546875 0.0828125
1 0.40625 0.19921875 0.1578125 0.0796875
1 0.41328125 0.36484375 0.13125 0.0828125
1 0.6875 0.5234375 0.1296875 0.1109375
1 0.065625 0.3265625 0.13125 0.12109375
1 0.0125 0.928125 0.025 0.11484375
1 0.859375 0.56015625 0.134375 0.10625
1 0.88203125 0.42109375 0.1359375 0.1046875
1 0.6984375 0.32734375 0.14609375 0.11328125
1 0.6984375 0.20625 0.134375 0.1015625
1 0.871875 0.27421875 0.1546875 0.1109375
1 0.8875 0.08828125 0.16953125 0.1265625