1 0.1140625 0.05859375 0.2078125 0.1125
1 0.390625 0.0546875 0.246875 0.1015625
1 0.728125 0.053125 0.3 0.10625
1 0.2734375 0.1171875 0.1765625 0.1328125
1 0.27578125 0.2484375 0.24375 0.1234375
1 0.56015625 0.25859375 0.2421875 0.13125
1 0.8984375 0.26796875 0.203125 0.1234375
1 0.74453125 0.30859375 0.159375 0.159375
1 0.10546875 0.30859375 0.1671875 0.1453125
1 0.30078125 0.3921875 0.159375 0.1203125
1 0.5828125 0.3953125 0.23125 0.13125
1 0.8953125 0.50703125 0.1875 0.11875
1 0.60234375 0.5359375 0.1375 0.121875
1 0.43828125 0.44609375 0.146875 0.1625
1 0.121875 0.4625 0.18125 0.1078125
1 0.2921875 0.534375 0.1453125 0.1078125
1 0.11953125 0.59296875 0.1796875 0.1171875
1 0.45078125 0.58046875 0.1640625 0.090625
1 0.7109375 0.60390625 0.1515625 0.1484375
1 0.90234375 0.66640625 0.134375 0.140625
1 0.29609375 0.67578125 0.1625 0.1109375
1 0.11640625 0.7359375 0.1640625 0.1109375
1 0.43828125 0.728125 0.159375 0.121875
1 0.29765625 0.803125 0.1515625 0.103125
1 0.128125 0.89140625 0.171875 0.1515625
1 0.8984375 0.80546875 0.203125 0.1046875
1 0.59921875 0.8109375 0.1578125 0.134375
1 0.74296875 0.85546875 0.1453125 0.1375
1 0.4375 0.88359375 0.1890625 0.15
1 0.59609375 0.946875 0.1640625 0.10625
1 0.2828125 0.9359375 0.15 0.109375
1 0.73671875 0.47109375 0.115625 0.1046875