1 0.0578125 0.0484375 0.115625 0.096875
1 0.328125 0.0328125 0.253125 0.065625
1 0.940625 0.04609375 0.11875 0.0796875
1 0.9546875 0.19765625 0.090625 0.153125
1 0.81640625 0.2421875 0.196875 0.1609375
1 0.62421875 0.16484375 0.190625 0.1078125
1 0.66953125 0.31953125 0.1796875 0.1703125
1 0.81015625 0.38359375 0.1671875 0.0984375
1 0.3359375 0.18125 0.19375 0.10625
1 0.17265625 0.23046875 0.196875 0.1421875
1 0.334375 0.31953125 0.1640625 0.1265625
1 0.190625 0.384375 0.203125 0.1296875
1 0.08515625 0.41953125 0.1703125 0.1640625
1 0.06875 0.6015625 0.1375 0.1734375
1 0.50703125 0.35625 0.1609375 0.1640625
1 0.51796875 0.4921875 0.1734375 0.128125
1 0.3546875 0.56484375 0.25 0.13125
1 0.81640625 0.49765625 0.2 0.103125
1 0.66953125 0.58046875 0.1484375 0.140625
1 0.5203125 0.6390625 0.1453125 0.1296875
1 0.846875 0.62578125 0.16875 0.125
1 0.68671875 0.715625 0.171875 0.1078125
1 0.83203125 0.78125 0.1296875 0.1203125
1 0.35546875 0.7046875 0.1921875 0.1140625
1 0.5203125 0.7890625 0.140625 0.146875
1 0.67421875 0.8484375 0.1328125 0.1140625
1 0.84609375 0.928125 0.1375 0.13125
1 0.3703125 0.8671875 0.15 0.1359375
1 0.21640625 0.92578125 0.2078125 0.1484375
1 0.53515625 0.93671875 0.165625 0.1265625
1 0.69609375 0.9625 0.1265625 0.0734375