1 0.11875 0.040625 0.2125 0.08125
1 0.41796875 0.034375 0.15625 0.06875
1 0.6875 0.0390625 0.20625 0.0671875
1 0.84765625 0.14609375 0.121875 0.121875
1 0.93046875 0.221875 0.1390625 0.2046875
1 0.70078125 0.12734375 0.159375 0.121875
1 0.5515625 0.09609375 0.1328125 0.134375
1 0.25859375 0.08828125 0.13125 0.1078125
1 0.47890625 0.20390625 0.171875 0.11875
1 0.60234375 0.22734375 0.1453125 0.1171875
1 0.1140625 0.146875 0.1484375 0.103125
1 0.2671875 0.2015625 0.1203125 0.08125
1 0.1125 0.2875 0.13125 0.1015625
1 0.40703125 0.28515625 0.13125 0.11875
1 0.53203125 0.36484375 0.15 0.134375
1 0.71015625 0.3609375 0.1671875 0.165625
1 0.95 0.39296875 0.1 0.1078125
1 0.95546875 0.50390625 0.0890625 0.0921875
1 0.85703125 0.57265625 0.1296875 0.1171875
1 0.953125 0.640625 0.09375 0.134375
1 0.97421875 0.78359375 0.0515625 0.1296875
1 0.9515625 0.93515625 0.096875 0.1296875
1 0.725 0.6625 0.1734375 0.165625
1 0.8609375 0.72890625 0.1203125 0.1015625
1 0.8765625 0.853125 0.1703125 0.115625
1 0.7359375 0.91875 0.253125 0.1625
1 0.45078125 0.953125 0.2171875 0.09375
1 0.4421875 0.8359375 0.2296875 0.1203125
1 0.12890625 0.84140625 0.153125 0.1140625
1 0.14453125 0.9609375 0.2609375 0.078125
1 0.27109375 0.3578125 0.1265625 0.1109375
1 0.1203125 0.41796875 0.1375 0.1
1 0.27265625 0.5109375 0.128125 0.1140625
1 0.575 0.603125 0.1640625 0.140625
1 0.428125 0.6890625 0.175 0.1703125
1 0.13359375 0.7109375 0.13125 0.11875
1 0.1765625 0.6234375 0.1453125 0.1421875
1 0.03671875 0.58671875 0.065625 0.1171875
1 0.2765625 0.6625 0.1046875 0.10625
1 0.3734375 0.571875 0.15 0.1015625
1 0.53984375 0.49609375 0.1390625 0.0890625
1 0.396875 0.1453125 0.09375 0.084375