1 0.56484375 0.06796875 0.1671875 0.1359375
1 0.3640625 0.02109375 0.1625 0.0421875
1 0.0578125 0.02578125 0.115625 0.0515625
1 0.0515625 0.1328125 0.103125 0.121875
1 0.0546875 0.29375 0.109375 0.1078125
1 0.0484375 0.4578125 0.096875 0.13203125
1 0.0484375 0.63203125 0.096875 0.13046875
1 0.9265625 0.41328125 0.146875 0.14296875
1 0.5671875 0.22578125 0.1359375 0.1078125
1 0.35 0.29921875 0.13359375 0.1
1 0.21875 0.19765625 0.0890625 0.0875
1 0.5625 0.39375 0.15625 0.1375
1 0.35234375 0.47734375 0.1671875 0.10390625
1 0.7171875 0.4671875 0.15625 0.11328125
1 0.55859375 0.56796875 0.15390625 0.13046875
1 0.22578125 0.3921875 0.1578125 0.11875
1 0.94453125 0.0734375 0.1109375 0.128125
1 0.92734375 0.57734375 0.10234375 0.0984375
1 0.553125 0.7390625 0.13359375 0.11171875
1 0.35234375 0.6609375 0.1171875 0.10390625
1 0.21640625 0.73515625 0.15078125 0.1265625
1 0.2296875 0.55234375 0.17109375 0.11171875
1 0.73125 0.64296875 0.1359375 0.10625
1 0.9328125 0.74453125 0.13359375 0.1359375
1 0.734375 0.81171875 0.1671875 0.12109375
1 0.9359375 0.92265625 0.128125 0.0984375
1 0.71875 0.96640625 0.14296875 0.0671875
1 0.55546875 0.91328125 0.17109375 0.11875
1 0.34765625 0.8203125 0.1390625 0.11328125
1 0.35703125 0.1421875 0.17265625 0.12265625
1 0.03515625 0.82890625 0.0703125 0.08515625
1 0.0328125 0.95703125 0.06484375 0.08515625