1 0.10390625 0.9765625 0.2078125 0.04609375
1 0.425 0.984375 0.178125 0.03125
1 0.73203125 0.98203125 0.234375 0.03515625
1 0.9140625 0.88046875 0.13828125 0.13828125
1 0.9640625 0.79609375 0.071875 0.2328125
1 0.74765625 0.9015625 0.18046875 0.13828125
1 0.57734375 0.93046875 0.15078125 0.13828125
1 0.24453125 0.9421875 0.14921875 0.115625
1 0.4953125 0.81484375 0.1953125 0.134375
1 0.6359375 0.78828125 0.16484375 0.1328125
1 0.0828125 0.8796875 0.16484375 0.1171875
1 0.25546875 0.8171875 0.13671875 0.0921875
1 0.0796875 0.71953125 0.14921875 0.115625
1 0.4140625 0.72265625 0.14921875 0.134375
1 0.55546875 0.63203125 0.1703125 0.15234375
1 0.7578125 0.63671875 0.18984375 0.18828125
1 0.98671875 0.6 0.0265625 0.12265625
1 0.925 0.39609375 0.146875 0.1328125
1 0.775 0.29453125 0.196875 0.18828125
1 0.92890625 0.21875 0.13671875 0.115625
1 0.92421875 0.078125 0.1515625 0.13125
1 0.7875 0.0484375 0.2875 0.096875
1 0.45390625 0.09765625 0.2609375 0.13671875
1 0.0984375 0.09140625 0.1734375 0.1296875
1 0.259375 0.63984375 0.14375 0.12578125
1 0.08828125 0.571875 0.15625 0.11328125
1 0.26171875 0.46640625 0.1453125 0.1296875
1 0.6046875 0.36171875 0.1859375 0.159375
1 0.43828125 0.2640625 0.1984375 0.19296875
1 0.10390625 0.2390625 0.14921875 0.134375
1 0.15234375 0.33828125 0.16484375 0.16171875
1 0.01484375 0.38046875 0.0296875 0.1328125
1 0.265625 0.29453125 0.11875 0.1203125
1 0.37578125 0.396875 0.1703125 0.115625
1 0.56484375 0.4828125 0.1578125 0.10078125
1 0.40234375 0.88125 0.10625 0.09609375