1 0.259375 0.05546875 0.2515625 0.103125
1 0.1125 0.1421875 0.1578125 0.209375
1 0.56640625 0.08046875 0.2515625 0.1375
1 0.72265625 0.17265625 0.23125 0.15625
1 0.40234375 0.15390625 0.1671875 0.125
1 0.2484375 0.20078125 0.159375 0.1234375
1 0.41640625 0.27109375 0.2078125 0.1078125
1 0.26015625 0.3375 0.1984375 0.1109375
1 0.11328125 0.40625 0.190625 0.146875
1 0.890625 0.2171875 0.1421875 0.128125
1 0.73125 0.30625 0.2078125 0.0953125
1 0.89296875 0.3640625 0.1703125 0.13125
1 0.5796875 0.37578125 0.1578125 0.146875
1 0.7328125 0.44375 0.1328125 0.140625
1 0.41015625 0.415625 0.1453125 0.146875
1 0.253125 0.48359375 0.10625 0.0796875
1 0.11640625 0.5453125 0.178125 0.1109375
1 0.42109375 0.56875 0.1125 0.10625
1 0.58046875 0.52890625 0.165625 0.1140625
1 0.72578125 0.58515625 0.1203125 0.1140625
1 0.89453125 0.50546875 0.178125 0.1390625
1 0.2640625 0.61796875 0.128125 0.121875
1 0.41953125 0.69921875 0.140625 0.11875
1 0.58125 0.66875 0.1328125 0.109375
1 0.8921875 0.6578125 0.1109375 0.084375
1 0.734375 0.73046875 0.1625 0.140625
1 0.58359375 0.8 0.175 0.1375
1 0.1234375 0.68515625 0.1265625 0.1125
1 0.26171875 0.76328125 0.115625 0.121875
1 0.43671875 0.86328125 0.1671875 0.165625
1 0.13046875 0.83671875 0.1546875 0.1265625
1 0.12421875 0.96796875 0.1609375 0.0640625
1 0.26640625 0.92265625 0.1234375 0.1171875
1 0.58359375 0.94296875 0.15625 0.1078125
1 0.7359375 0.87421875 0.14375 0.109375
1 0.89453125 0.92890625 0.134375 0.1140625
1 0.88359375 0.81640625 0.1125 0.09375