1 0.52734375 0.36796875 0.2015625 0.1171875
1 0.20625 0.503125 0.196875 0.1296875
1 0.2265625 0.8 0.178125 0.1171875
1 0.22421875 0.103125 0.134375 0.0984375
1 0.06953125 0.05 0.121875 0.1
1 0.665625 0.0515625 0.1453125 0.078125
1 0.3625 0.046875 0.1609375 0.09375
1 0.51484375 0.0921875 0.1359375 0.09375
1 0.67421875 0.17109375 0.109375 0.109375
1 0.83125 0.2265625 0.140625 0.1
1 0.82578125 0.09453125 0.140625 0.0953125
1 0.346875 0.1703125 0.1328125 0.078125
1 0.5171875 0.23671875 0.14375 0.08125
1 0.68984375 0.30625 0.153125 0.1
1 0.871875 0.38828125 0.178125 0.1125
1 0.84765625 0.6703125 0.15 0.109375
1 0.82109375 0.93359375 0.1609375 0.1046875
1 0.85703125 0.7875 0.16875 0.1015625
1 0.53359375 0.78515625 0.121875 0.1203125
1 0.54140625 0.9484375 0.159375 0.0984375
1 0.228125 0.9515625 0.153125 0.096875
1 0.06640625 0.734375 0.1109375 0.1125
1 0.0703125 0.60078125 0.140625 0.0890625
1 0.3609375 0.59609375 0.1640625 0.103125
1 0.20078125 0.6609375 0.13125 0.0875
1 0.3703125 0.73984375 0.1625 0.1015625
1 0.53984375 0.6578125 0.1515625 0.10625
1 0.67109375 0.58203125 0.159375 0.0921875
1 0.8390625 0.528125 0.1625 0.1015625
1 0.690625 0.4640625 0.1515625 0.109375
1 0.5390625 0.515625 0.1328125 0.0984375
1 0.69140625 0.75078125 0.134375 0.109375
1 0.378125 0.8796875 0.1296875 0.115625
1 0.36953125 0.44140625 0.1359375 0.090625
1 0.359375 0.31640625 0.1234375 0.09375