1 0.6609375 0.21640625 0.17890625 0.1234375
1 0.8875 0.5953125 0.14375 0.109375
1 0.8890625 0.74140625 0.14609375 0.096875
1 0.88359375 0.4765625 0.1265625 0.096875
1 0.68125 0.37578125 0.125 0.1109375
1 0.86875 0.3109375 0.1265625 0.10234375
1 0.88515625 0.134375 0.125 0.08671875
1 0.35 0.06796875 0.1390625 0.08359375
1 0.37578125 0.21328125 0.1234375 0.09375
1 0.390625 0.35390625 0.11796875 0.07109375
1 0.38203125 0.52578125 0.1109375 0.07265625
1 0.36875 0.6859375 0.11796875 0.1078125
1 0.54140625 0.88984375 0.0921875 0.07109375
1 0.69609375 0.9671875 0.10078125 0.0625
1 0.190625 0.76484375 0.09921875 0.059375
1 0.2015625 0.45078125 0.10078125 0.07265625
1 0.196875 0.3078125 0.0921875 0.078125
1 0.0375 0.3703125 0.075 0.07109375
1 0.0359375 0.53828125 0.07109375 0.09375
1 0.0375 0.053125 0.075 0.0921875
1 0.2046875 0.0078125 0.15625 0.015625
1 0.19296875 0.6078125 0.1421875 0.0953125
1 0.046875 0.8390625 0.09375 0.078125
1 0.54609375 0.7828125 0.090625 0.07265625
1 0.578125 0.6390625 0.10078125 0.08125
1 0.3625 0.83671875 0.09921875 0.07265625
1 0.37265625 0.9734375 0.0953125 0.053125
1 0.7125 0.578125 0.0921875 0.08515625
1 0.5984375 0.44375 0.1109375 0.08125
1 0.696875 0.05625 0.09375 0.09375