1 0.37734375 0.23671875 0.1609375 0.1109375
1 0.1734375 0.578125 0.1296875 0.0984375
1 0.171875 0.709375 0.13125 0.0875
1 0.1765625 0.47109375 0.1140625 0.0875
1 0.35859375 0.38046875 0.1125 0.1
1 0.18984375 0.321875 0.1140625 0.0921875
1 0.175 0.16328125 0.1125 0.078125
1 0.17734375 0.02421875 0.0890625 0.0484375
1 0.65703125 0.103125 0.125 0.075
1 0.63359375 0.234375 0.1109375 0.084375
1 0.6203125 0.3609375 0.10625 0.0640625
1 0.628125 0.515625 0.1 0.065625
1 0.63984375 0.659375 0.10625 0.096875
1 0.484375 0.84296875 0.0828125 0.0640625
1 0.3453125 0.9125 0.090625 0.05625
1 0.8 0.73046875 0.0890625 0.053125
1 0.790625 0.44765625 0.090625 0.065625
1 0.79453125 0.31953125 0.0828125 0.0703125
1 0.9515625 0.37578125 0.09375 0.0640625
1 0.95390625 0.5265625 0.0921875 0.084375
1 0.95234375 0.08984375 0.0953125 0.0828125
1 0.7875 0.028125 0.140625 0.05625
1 0.7984375 0.5890625 0.128125 0.0859375
1 0.93203125 0.79765625 0.0875 0.0703125
1 0.48046875 0.746875 0.08125 0.065625
1 0.4515625 0.6171875 0.090625 0.0734375
1 0.6453125 0.7953125 0.0890625 0.065625
1 0.6375 0.9265625 0.0859375 0.0625
1 0.1890625 0.975 0.128125 0.05
1 0.33046875 0.5625 0.0828125 0.0765625
1 0.43359375 0.44140625 0.1 0.0734375
1 0.34453125 0.09296875 0.084375 0.084375
1 0.4609375 0.975 0.1109375 0.05