1 0.3359375 0.1046875 0.1265625 0.0953125
1 0.94921875 0.39921875 0.1015625 0.09375
1 0.934375 0.24296875 0.13125 0.1015625
1 0.8 0.4625 0.153125 0.103125
1 0.94375 0.54296875 0.1125 0.1140625
1 0.9546875 0.803125 0.090625 0.1109375
1 0.66484375 0.953125 0.1421875 0.09375
1 0.8078125 0.88046875 0.140625 0.090625
1 0.80625 0.74375 0.121875 0.1015625
1 0.6625 0.66796875 0.1265625 0.09375
1 0.665625 0.79140625 0.1328125 0.103125
1 0.36015625 0.8234375 0.121875 0.0796875
1 0.509375 0.73203125 0.1125 0.0875
1 0.51328125 0.8765625 0.1359375 0.09375
1 0.371875 0.959375 0.1375 0.08125
1 0.19921875 0.8796875 0.1328125 0.0953125
1 0.06640625 0.9484375 0.13125 0.103125
1 0.1984375 0.753125 0.121875 0.1015625
1 0.0625 0.6671875 0.125 0.10625
1 0.06875 0.53515625 0.1375 0.1046875
1 0.34140625 0.6765625 0.1203125 0.096875
1 0.50546875 0.584375 0.15625 0.1
1 0.815625 0.61171875 0.125 0.0890625
1 0.6578125 0.51875 0.1203125 0.0703125
1 0.6453125 0.3765625 0.1078125 0.0828125
1 0.4921875 0.44375 0.134375 0.0859375
1 0.33125 0.5296875 0.1453125 0.1140625
1 0.34609375 0.37421875 0.1421875 0.090625
1 0.203125 0.4515625 0.1203125 0.1
1 0.196875 0.31796875 0.1421875 0.10625
1 0.05234375 0.2265625 0.1046875 0.08125
1 0.05234375 0.39375 0.1046875 0.1
1 0.059375 0.10078125 0.11875 0.1015625
1 0.175 0.025 0.165625 0.05
1 0.3390625 0.23671875 0.1375 0.090625
1 0.484375 0.3125 0.1109375 0.0796875
1 0.640625 0.23984375 0.1265625 0.08125
1 0.79140625 0.3109375 0.1046875 0.0828125
1 0.81484375 0.1890625 0.1234375 0.090625
1 0.66015625 0.103125 0.1203125 0.078125
1 0.48828125 0.16953125 0.125 0.0796875
1 0.48359375 0.03828125 0.1703125 0.0765625
1 0.7890625 0.0359375 0.1453125 0.071875