1 0.1546875 0.06328125 0.2015625 0.115625
1 0.33828125 0.1265625 0.125 0.121875
1 0.17109375 0.1984375 0.209375 0.121875
1 0.33359375 0.26796875 0.1421875 0.1390625
1 0.4765625 0.19765625 0.1140625 0.11875
1 0.63046875 0.1390625 0.1953125 0.134375
1 0.95859375 0.12734375 0.0828125 0.13125
1 0.80078125 0.215625 0.109375 0.1421875
1 0.9484375 0.278125 0.103125 0.125
1 0.63359375 0.2765625 0.16875 0.1
1 0.46484375 0.3421875 0.134375 0.125
1 0.04921875 0.28515625 0.0984375 0.1140625
1 0.1765625 0.34453125 0.1453125 0.121875
1 0.053125 0.44296875 0.096875 0.1546875
1 0.18203125 0.47890625 0.128125 0.10625
1 0.34609375 0.5609375 0.153125 0.1390625
1 0.06484375 0.5703125 0.1296875 0.090625
1 0.1953125 0.61875 0.1125 0.1203125
1 0.06328125 0.70234375 0.1265625 0.1390625
1 0.18125 0.76875 0.1328125 0.1578125
1 0.05546875 0.84140625 0.1015625 0.1140625
1 0.63828125 0.43125 0.1453125 0.1515625
1 0.7921875 0.34609375 0.1640625 0.1296875
1 0.93359375 0.55 0.1328125 0.1375
1 0.6375 0.56328125 0.1890625 0.1203125
1 0.7984375 0.63125 0.171875 0.1421875
1 0.95 0.70078125 0.1 0.1546875
1 0.4765625 0.6359375 0.115625 0.109375
1 0.34375 0.69375 0.1671875 0.0921875
1 0.4875 0.77734375 0.18125 0.1359375
1 0.7953125 0.77265625 0.2109375 0.128125
1 0.6484375 0.8328125 0.1546875 0.159375
1 0.9546875 0.8484375 0.090625 0.121875
1 0.803125 0.9171875 0.1984375 0.1265625
1 0.95703125 0.9609375 0.0859375 0.078125
1 0.646875 0.9609375 0.1734375 0.078125
1 0.4890625 0.92421875 0.1171875 0.090625
1 0.3515625 0.95 0.1859375 0.1
1 0.19375 0.9171875 0.1546875 0.115625
1 0.065625 0.95859375 0.115625 0.0828125