1 0.71953125 0.403125 0.18125 0.1171875
1 0.15859375 0.390625 0.1921875 0.15
1 0.15859375 0.6734375 0.159375 0.1203125
1 0.6171875 0.859375 0.175 0.121875
1 0.60234375 0.71484375 0.121875 0.0984375
1 0.43359375 0.6375 0.14375 0.1171875
1 0.44609375 0.20859375 0.11875 0.1125
1 0.74609375 0.125 0.153125 0.1015625
1 0.88671875 0.23203125 0.115625 0.096875
1 0.49375 0.096875 0.1015625 0.0921875
1 0.2859375 0.0375 0.1328125 0.075
1 0.909375 0.1078125 0.1296875 0.084375
1 0.89921875 0.65390625 0.1296875 0.103125
1 0.90625 0.81015625 0.1109375 0.1125
1 0.7671875 0.91015625 0.11875 0.0921875
1 0.31796875 0.86796875 0.1390625 0.10625
1 0.7421875 0.65234375 0.1234375 0.0953125
1 0.77578125 0.5375 0.0984375 0.084375
1 0.89765625 0.53125 0.0890625 0.071875
1 0.60625 0.59453125 0.109375 0.0890625
1 0.765625 0.78984375 0.128125 0.1
1 0.47109375 0.52734375 0.1203125 0.078125
1 0.3078125 0.4453125 0.11875 0.09375
1 0.4765625 0.39609375 0.1046875 0.0703125
1 0.30859375 0.31171875 0.1046875 0.0671875
1 0.5921875 0.30390625 0.125 0.0703125
1 0.69140625 0.2734375 0.1296875 0.0875
1 0.9109375 0.38984375 0.1265625 0.096875
1 0.1671875 0.53359375 0.090625 0.0859375
1 0.325 0.7203125 0.109375 0.1
1 0.3109375 0.58828125 0.109375 0.1015625
1 0.46875 0.8109375 0.1171875 0.096875
1 0.19375 0.79140625 0.1328125 0.103125
1 0.1640625 0.9265625 0.1265625 0.0921875