1 0.7765625 0.290625 0.15625 0.13984375
1 0.40546875 0.31015625 0.16875 0.11328125
1 0.58515625 0.05 0.16640625 0.09921875
1 0.425 0.13125 0.13984375 0.1078125
1 0.221875 0.08671875 0.1734375 0.1046875
1 0.0671875 0.034375 0.134375 0.06875
1 0.0640625 0.3203125 0.12734375 0.1078125
1 0.0546875 0.49375 0.109375 0.109375
1 0.43046875 0.63671875 0.1328125 0.0921875
1 0.40546875 0.46875 0.12421875 0.09609375
1 0.6140625 0.525 0.103125 0.09765625
1 0.7765625 0.4515625 0.12734375 0.0796875
1 0.93828125 0.53828125 0.1234375 0.0859375
1 0.95546875 0.3828125 0.08828125 0.103125
1 0.94140625 0.2046875 0.1171875 0.11875
1 0.9609375 0.70625 0.078125 0.09375
1 0.95078125 0.875 0.0984375 0.103125
1 0.94921875 0.98125 0.10078125 0.0375
1 0.7890625 0.93203125 0.1328125 0.08515625
1 0.61171875 0.88046875 0.13828125 0.08125
1 0.790625 0.7765625 0.08828125 0.09765625
1 0.43515625 0.80546875 0.14375 0.1078125
1 0.6203125 0.68671875 0.13984375 0.09765625
1 0.25390625 0.7484375 0.13984375 0.1046875
1 0.2578125 0.59296875 0.13125 0.1046875
1 0.2578125 0.8953125 0.12578125 0.08828125
1 0.4265625 0.95703125 0.109375 0.0859375
1 0.065625 0.9734375 0.13125 0.053125
1 0.65 0.21328125 0.11171875 0.08359375
1 0.61328125 0.9828125 0.14921875 0.03359375