1 0.25 0.23984375 0.1 0.1578125
1 0.01796875 0.028125 0.0359375 0.05625
1 0.16875 0.4875 0.14765625 0.1
1 0.034375 0.4078125 0.06875 0.103125
1 0.0328125 0.2296875 0.065625 0.09375
1 0.15078125 0.10859375 0.16796875 0.09453125
1 0.2484375 0.0671875 0.103125 0.1171875
1 0.3640625 0.07734375 0.12890625 0.12734375
1 0.93046875 0.51171875 0.1390625 0.05078125
1 0.75703125 0.440625 0.14375 0.11015625
1 0.5515625 0.50546875 0.178125 0.0640625
1 0.37578125 0.4375 0.15078125 0.121875
1 0.36953125 0.253125 0.1390625 0.1203125
1 0.5421875 0.35625 0.14765625 0.10546875
1 0.75078125 0.25859375 0.16796875 0.10859375
1 0.94140625 0.353125 0.1171875 0.11015625
1 0.95 0.18984375 0.1 0.121875
1 0.77734375 0.07578125 0.1609375 0.103125
1 0.54765625 0.1640625 0.16796875 0.10546875
1 0.540625 0.01953125 0.22734375 0.0390625
1 0.925 0.01640625 0.15 0.0328125
1 0.02109375 0.9359375 0.0421875 0.115625
1 0.17109375 0.65 0.16640625 0.13203125
1 0.015625 0.5859375 0.03046875 0.096875
1 0.19296875 0.98359375 0.14921875 0.03203125
1 0.0078125 0.7328125 0.015625 0.1171875
1 0.67421875 0.83984375 0.1828125 0.15234375
1 0.87578125 0.93359375 0.16796875 0.1203125
1 0.4625 0.9265625 0.1359375 0.11875
1 0.659375 0.98125 0.12578125 0.0375
1 0.48046875 0.740625 0.12890625 0.08984375
1 0.871875 0.7375 0.14765625 0.08828125
1 0.8609375 0.56171875 0.12578125 0.04921875
1 0.484375 0.578125 0.159375 0.08125
1 0.32109375 0.659375 0.0421875 0.115625
1 0.32890625 0.82734375 0.0578125 0.1015625