1 0.93984375 0.97109375 0.11953125 0.0578125
1 0.6546875 0.9875 0.26875 0.025
1 0.03359375 0.9765625 0.06640625 0.046875
1 0.01875 0.8359375 0.0375 0.1625
1 0.13515625 0.7875 0.209375 0.17109375
1 0.33984375 0.86953125 0.20234375 0.11484375
1 0.29140625 0.70546875 0.19140625 0.18125
1 0.1421875 0.63671875 0.178125 0.1046875
1 0.64609375 0.85234375 0.20625 0.11328125
1 0.81953125 0.8 0.209375 0.15078125
1 0.64765625 0.70546875 0.17421875 0.134375
1 0.80078125 0.6359375 0.215625 0.1375
1 0.9109375 0.59921875 0.178125 0.17421875
1 0.92890625 0.40625 0.1421875 0.184375
1 0.4640625 0.66640625 0.17109375 0.17421875
1 0.45234375 0.521875 0.184375 0.1359375
1 0.6265625 0.44453125 0.265625 0.13984375
1 0.13515625 0.515625 0.2125 0.109375
1 0.29140625 0.428125 0.1578125 0.14921875
1 0.45 0.365625 0.1546875 0.1375
1 0.103125 0.3796875 0.1796875 0.1328125
1 0.2734375 0.284375 0.1828125 0.11484375
1 0.11875 0.2140625 0.1375 0.128125
1 0.62578125 0.2953125 0.2046875 0.12109375
1 0.45 0.20625 0.14921875 0.15625
1 0.28671875 0.14296875 0.14140625 0.12109375
1 0.1046875 0.0640625 0.14609375 0.128125
1 0.609375 0.12265625 0.159375 0.14453125
1 0.77421875 0.0703125 0.2203125 0.140625
1 0.4359375 0.05859375 0.175 0.1171875
1 0.2640625 0.03125 0.134375 0.0625