1 0.0671875 0.90625 0.13359375 0.1
1 0.378125 0.715625 0.1203125 0.096875
1 0.19296875 0.82109375 0.1578125 0.09453125
1 0.3703125 0.90078125 0.1828125 0.09296875
1 0.8671875 0.89140625 0.14765625 0.12890625
1 0.684375 0.8484375 0.13359375 0.09140625
1 0.54375 0.78359375 0.1390625 0.096875
1 0.6828125 0.70390625 0.11171875 0.1
1 0.8671875 0.75546875 0.16640625 0.0984375
1 0.8484375 0.61015625 0.13359375 0.10546875
1 0.853125 0.44375 0.1234375 0.11015625
1 0.88046875 0.303125 0.13203125 0.09140625
1 0.2296875 0.209375 0.13046875 0.09296875
1 0.21171875 0.36015625 0.12578125 0.084375
1 0.2203125 0.509375 0.1375 0.121875
1 0.20234375 0.696875 0.13203125 0.1171875
1 0.046875 0.76015625 0.09296875 0.11015625
1 0.053125 0.61015625 0.10625 0.0890625
1 0.05703125 0.44296875 0.11328125 0.11015625
1 0.053125 0.27890625 0.10625 0.0921875
1 0.05625 0.15859375 0.11171875 0.0828125
1 0.21171875 0.05546875 0.11328125 0.09296875
1 0.384375 0.221875 0.1390625 0.115625
1 0.39453125 0.40390625 0.1578125 0.10859375
1 0.37578125 0.56875 0.1421875 0.103125
1 0.55546875 0.6328125 0.1359375 0.08828125
1 0.5296875 0.50703125 0.14921875 0.103125
1 0.55625 0.340625 0.13359375 0.09140625
1 0.7171875 0.40625 0.13203125 0.10703125
1 0.6859375 0.5765625 0.12734375 0.10546875
1 0.71015625 0.2515625 0.12890625 0.0828125
1 0.55859375 0.2140625 0.1234375 0.09296875
1 0.88984375 0.1578125 0.1609375 0.10546875
1 0.69453125 0.10390625 0.121875 0.09453125
1 0.5484375 0.05234375 0.153125 0.1046875
1 0.87421875 0.034375 0.1609375 0.06875
1 0.98984375 0.2609375 0.0203125 0.1015625
1 0.8578125 0.5390625 0.13203125 0.09453125
1 0.40234375 0.06953125 0.14609375 0.09140625