1 0.34140625 0.334375 0.1265625 0.10859375
1 0.85390625 0.29296875 0.15859375 0.078125
1 0.85859375 0.45 0.1796875 0.11640625
1 0.84296875 0.5953125 0.1703125 0.11328125
1 0.825 0.74140625 0.13203125 0.0796875
1 0.846875 0.88828125 0.15703125 0.1
1 0.653125 0.80546875 0.125 0.09140625
1 0.5109375 0.621875 0.13359375 0.1
1 0.6484375 0.50234375 0.13359375 0.09140625
1 0.49609375 0.43203125 0.128125 0.078125
1 0.64921875 0.36484375 0.1265625 0.071875
1 0.528125 0.13984375 0.15 0.0984375
1 0.52265625 0.034375 0.1515625 0.06796875
1 0.31171875 0.04765625 0.11640625 0.0953125
1 0.04921875 0.05234375 0.0984375 0.09140625
1 0.1734375 0.5765625 0.1453125 0.10859375
1 0.04375 0.63828125 0.0875 0.0921875
1 0.034375 0.8015625 0.06796875 0.10703125
1 0.19296875 0.7203125 0.11171875 0.0765625
1 0.33984375 0.19140625 0.125 0.1046875
1 0.1828125 0.2609375 0.09296875 0.08515625
1 0.04453125 0.1890625 0.08828125 0.10859375
1 0.18046875 0.4359375 0.11796875 0.09140625
1 0.0359375 0.48671875 0.071875 0.08984375
1 0.0359375 0.34609375 0.071875 0.09140625
1 0.665625 0.9625 0.0984375 0.075
1 0.49140625 0.88984375 0.11328125 0.08515625
1 0.02421875 0.94765625 0.0484375 0.1046875
1 0.94296875 0.97109375 0.1140625 0.0578125
1 0.30546875 0.7984375 0.1046875 0.08515625