1 0.30703125 0.1671875 0.196875 0.1390625
1 0.80234375 0.76171875 0.1609375 0.13203125
1 0.45390625 0.74375 0.1765625 0.128125
1 0.4765625 0.0859375 0.20234375 0.13203125
1 0.30703125 0.33046875 0.17109375 0.1296875
1 0.8234375 0.26875 0.18203125 0.1375
1 0.484375 0.58671875 0.16796875 0.1265625
1 0.28515625 0.6515625 0.15859375 0.12109375
1 0.46953125 0.90703125 0.14765625 0.13515625
1 0.6328125 0.83125 0.15 0.10625
1 0.1125 0.596875 0.1171875 0.09765625
1 0.30234375 0.48046875 0.14453125 0.10078125
1 0.10703125 0.41640625 0.19140625 0.1171875
1 0.94375 0.85234375 0.11171875 0.1296875
1 0.96484375 0.5046875 0.0703125 0.13515625
1 0.97578125 0.36015625 0.0484375 0.12421875
1 0.96171875 0.16640625 0.07578125 0.115625
1 0.83203125 0.0859375 0.18046875 0.1265625
1 0.971875 0.04140625 0.05625 0.0828125
1 0.80859375 0.453125 0.12109375 0.103125
1 0.80390625 0.60859375 0.1390625 0.103125
1 0.95234375 0.67421875 0.0953125 0.1171875
1 0.26015625 0.97578125 0.16953125 0.0484375
1 0.1046875 0.7390625 0.12109375 0.10078125
1 0.1 0.92109375 0.15703125 0.1265625
1 0.10546875 0.09765625 0.16796875 0.1265625
1 0.465625 0.40703125 0.1296875 0.10859375
1 0.640625 0.49609375 0.1609375 0.11171875
1 0.64375 0.66640625 0.16640625 0.11171875
1 0.64140625 0.34765625 0.128125 0.10625
1 0.31171875 0.02109375 0.16796875 0.04140625
1 0.66953125 0.0453125 0.16640625 0.090625
1 0.0109375 0.1921875 0.021875 0.10625