1 0.43984375 0.865625 0.17265625 0.14140625
1 0.7921875 0.678125 0.1453125 0.1375
1 0.61640625 0.7484375 0.19296875 0.12265625
1 0.79609375 0.859375 0.14140625 0.109375
1 0.6328125 0.946875 0.17265625 0.10625
1 0.95390625 0.77578125 0.0921875 0.1109375
1 0.96015625 0.94765625 0.0796875 0.10390625
1 0.08515625 0.84921875 0.1703125 0.1140625
1 0.27265625 0.78046875 0.184375 0.12265625
1 0.07734375 0.69921875 0.15390625 0.11171875
1 0.06171875 0.95859375 0.1234375 0.0828125
1 0.4296875 0.98671875 0.13359375 0.02578125
1 0.79609375 0.98203125 0.146875 0.03515625
1 0.79296875 0.30859375 0.1171875 0.10390625
1 0.96484375 0.4078125 0.0703125 0.109375
1 0.63671875 0.42109375 0.1875 0.09453125
1 0.45 0.52265625 0.14140625 0.10625
1 0.6375 0.578125 0.16328125 0.0875
1 0.4421875 0.68671875 0.1390625 0.09453125
1 0.2484375 0.6109375 0.1484375 0.09296875
1 0.06328125 0.51796875 0.1265625 0.09140625
1 0.24453125 0.440625 0.14140625 0.09296875
1 0.065625 0.3453125 0.13125 0.1125
1 0.05234375 0.190625 0.10390625 0.08359375
1 0.23671875 0.27109375 0.1453125 0.11328125
1 0.43515625 0.3421875 0.17109375 0.10625
1 0.4421875 0.175 0.1453125 0.0984375
1 0.63125 0.23203125 0.15390625 0.1078125
1 0.63046875 0.05234375 0.1484375 0.10390625
1 0.78359375 0.08046875 0.13046875 0.115625
1 0.44296875 0.02890625 0.17265625 0.0578125
1 0.253125 0.10234375 0.165625 0.1390625
1 0.07578125 0.0265625 0.1515625 0.053125
1 0.79140625 0.01640625 0.1265625 0.0328125
1 0.94296875 0.06328125 0.11328125 0.11171875