1 0.11015625 0.03515625 0.2203125 0.0703125
1 0.40859375 0.03046875 0.2671875 0.0609375
1 0.7734375 0.03125 0.32421875 0.0625
1 0.28203125 0.07421875 0.190625 0.14375
1 0.284375 0.21640625 0.26328125 0.13359375
1 0.5921875 0.22734375 0.26171875 0.1421875
1 0.9234375 0.23671875 0.153125 0.1328125
1 0.79140625 0.28125 0.17265625 0.17265625
1 0.10078125 0.28125 0.18046875 0.15703125
1 0.31171875 0.371875 0.17265625 0.1296875
1 0.61640625 0.375 0.25 0.1421875
1 0.9265625 0.4953125 0.146875 0.128125
1 0.6375 0.52734375 0.1484375 0.13203125
1 0.46015625 0.4296875 0.15859375 0.17578125
1 0.11796875 0.44765625 0.19609375 0.11640625
1 0.30234375 0.525 0.15703125 0.11640625
1 0.115625 0.5890625 0.19453125 0.1265625
1 0.4734375 0.575 0.17734375 0.09765625
1 0.7546875 0.60078125 0.1640625 0.16015625
1 0.94375 0.66640625 0.1125 0.1515625
1 0.30625 0.678125 0.17578125 0.1203125
1 0.1125 0.74296875 0.17734375 0.1203125
1 0.46015625 0.73515625 0.17265625 0.13203125
1 0.30859375 0.815625 0.1640625 0.11171875
1 0.125 0.9109375 0.1859375 0.1640625
1 0.9234375 0.81796875 0.153125 0.1140625
1 0.634375 0.82421875 0.1703125 0.1453125
1 0.78984375 0.87265625 0.15703125 0.1484375
1 0.459375 0.903125 0.2046875 0.1625
1 0.63125 0.95703125 0.17734375 0.0859375
1 0.2921875 0.95 0.1625 0.1
1 0.7828125 0.45703125 0.125 0.11328125