1 0.7375 0.80625 0.19921875 0.146875
1 0.37265625 0.86875 0.20625 0.13515625
1 0.55234375 0.6484375 0.1453125 0.13515625
1 0.8921875 0.40234375 0.13671875 0.1234375
1 0.8796875 0.5484375 0.15234375 0.11796875
1 0.8859375 0.6921875 0.1640625 0.1015625
1 0.38125 0.69921875 0.15234375 0.1015625
1 0.23359375 0.78203125 0.1671875 0.1
1 0.5875 0.43828125 0.15234375 0.13203125
1 0.371875 0.4078125 0.128125 0.09296875
1 0.5703125 0.07890625 0.128125 0.0859375
1 0.7390625 0.58984375 0.13984375 0.11328125
1 0.72890625 0.4515625 0.15546875 0.11015625
1 0.71640625 0.3 0.13515625 0.11328125
1 0.69375 0.91875 0.1421875 0.1234375
1 0.09296875 0.84453125 0.15859375 0.09765625
1 0.0890625 0.67734375 0.17734375 0.11484375
1 0.4046875 0.540625 0.10625 0.09609375
1 0.71796875 0.1546875 0.1265625 0.11328125
1 0.95703125 0.16796875 0.0859375 0.1
1 0.86796875 0.11484375 0.11796875 0.11015625
1 0.56171875 0.24140625 0.15703125 0.084375
1 0.56328125 0.1640625 0.16015625 0.08125
1 0.55546875 0.33203125 0.13359375 0.084375
1 0.27734375 0.49296875 0.13203125 0.11328125
1 0.92109375 0.29296875 0.15703125 0.1234375
1 0.975 0.90546875 0.05 0.1171875
1 0.10234375 0.53046875 0.13671875 0.1078125
1 0.0796875 0.3890625 0.13828125 0.10625
1 0.26640625 0.29375 0.1484375 0.11484375
1 0.26640625 0.1703125 0.13671875 0.103125
1 0.08984375 0.23984375 0.15703125 0.11328125
1 0.0796875 0.0578125 0.15859375 0.11484375