1 0.70546875 0.3140625 0.121875 0.0765625
1 0.3875 0.58359375 0.109375 0.0890625
1 0.40078125 0.4515625 0.13125 0.0875
1 0.26953125 0.3671875 0.1390625 0.0875
1 0.0765625 0.453125 0.1140625 0.0890625
1 0.09140625 0.59765625 0.1328125 0.0875
1 0.09921875 0.7328125 0.14375 0.0890625
1 0.26875 0.95703125 0.121875 0.0859375
1 0.56171875 0.2375 0.125 0.1
1 0.39609375 0.175 0.1234375 0.1015625
1 0.096875 0.31875 0.1171875 0.1015625
1 0.1640625 0.21875 0.090625 0.0875
1 0.2390625 0.10390625 0.1265625 0.103125
1 0.071875 0.04140625 0.1375 0.0828125
1 0.54140625 0.09453125 0.1265625 0.0921875
1 0.71015625 0.1578125 0.1203125 0.0859375
1 0.87109375 0.25 0.1046875 0.0875
1 0.8609375 0.103125 0.125 0.090625
1 0.3875 0.0328125 0.128125 0.065625
1 0.86015625 0.66875 0.1234375 0.1015625
1 0.70546875 0.70703125 0.14375 0.090625
1 0.55625 0.81015625 0.1359375 0.0953125
1 0.4046875 0.87734375 0.1234375 0.1078125
1 0.565625 0.94453125 0.1234375 0.1109375
1 0.85703125 0.80390625 0.1546875 0.1125
1 0.90078125 0.9421875 0.1828125 0.115625
1 0.7046875 0.8703125 0.153125 0.11875
1 0.5484375 0.684375 0.1515625 0.0953125
1 0.396875 0.746875 0.1953125 0.0984375
1 0.26640625 0.8265625 0.1546875 0.090625
1 0.703125 0.59140625 0.121875 0.075
1 0.865625 0.51875 0.1171875 0.0859375
1 0.7125 0.44765625 0.1078125 0.0796875
1 0.57890625 0.51953125 0.1109375 0.0875
1 0.3859375 0.3 0.1203125 0.0875
1 0.2375 0.52734375 0.1296875 0.0859375
1 0.69921875 0.0328125 0.146875 0.065625