1 0.39921875 0.5953125 0.14375 0.11875
1 0.209375 0.6453125 0.16171875 0.09921875
1 0.7625 0.2703125 0.1421875 0.12421875
1 0.37578125 0.10546875 0.17421875 0.12578125
1 0.5875 0.1859375 0.14921875 0.1078125
1 0.403125 0.28359375 0.165625 0.12265625
1 0.221875 0.17421875 0.165625 0.12578125
1 0.0515625 0.075 0.10234375 0.13515625
1 0.06328125 0.24453125 0.12578125 0.12578125
1 0.03828125 0.4015625 0.0765625 0.1125
1 0.3875 0.4453125 0.1671875 0.1328125
1 0.7546875 0.43671875 0.16875 0.1203125
1 0.5796875 0.3640625 0.1546875 0.13125
1 0.75234375 0.09296875 0.17109375 0.11328125
1 0.5796875 0.03671875 0.13828125 0.0734375
1 0.21875 0.32734375 0.16875 0.10234375
1 0.94765625 0.2953125 0.1046875 0.1328125
1 0.92890625 0.5 0.1421875 0.12265625
1 0.91953125 0.69296875 0.1609375 0.1453125
1 0.92265625 0.96953125 0.1546875 0.0609375
1 0.7640625 0.59453125 0.1203125 0.1078125
1 0.5890625 0.515625 0.15859375 0.1171875
1 0.59140625 0.659375 0.16015625 0.13125
1 0.7421875 0.76171875 0.16171875 0.1296875
1 0.58671875 0.83828125 0.15859375 0.11328125
1 0.7421875 0.92734375 0.12421875 0.1046875
1 0.3921875 0.7640625 0.15625 0.10625
1 0.38515625 0.9203125 0.1328125 0.10625
1 0.57421875 0.9796875 0.1484375 0.040625
1 0.225 0.959375 0.14765625 0.08125
1 0.2328125 0.8140625 0.13515625 0.11328125
1 0.05 0.72578125 0.1 0.1078125
1 0.0484375 0.88671875 0.096875 0.1078125
1 0.04375 0.5640625 0.0875 0.1125
1 0.20625 0.02890625 0.13828125 0.0578125