1 0.06875 0.02734375 0.1375 0.0546875
1 0.07109375 0.13046875 0.1421875 0.1578125
1 0.0765625 0.2890625 0.153125 0.1875
1 0.0828125 0.47421875 0.165625 0.1921875
1 0.05859375 0.80234375 0.1171875 0.1171875
1 0.375 0.91796875 0.25 0.1640625
1 0.7234375 0.771875 0.2671875 0.190625
1 0.92578125 0.79765625 0.1484375 0.15234375
1 0.89921875 0.94375 0.2015625 0.11171875
1 0.56484375 0.9671875 0.21796875 0.065625
1 0.56015625 0.85703125 0.21953125 0.15
1 0.35078125 0.78515625 0.3171875 0.20859375
1 0.35234375 0.6125 0.2328125 0.15
1 0.540625 0.68515625 0.16328125 0.15234375
1 0.71953125 0.60703125 0.28203125 0.19609375
1 0.8984375 0.51484375 0.203125 0.18671875
1 0.7015625 0.43671875 0.23046875 0.190625
1 0.35703125 0.44375 0.26015625 0.18828125
1 0.31484375 0.2640625 0.246875 0.13359375
1 0.55 0.3578125 0.18125 0.1578125
1 0.70625 0.26640625 0.21640625 0.1828125
1 0.55 0.19140625 0.2328125 0.16875
1 0.35234375 0.12109375 0.2890625 0.19765625
1 0.340625 0.03046875 0.2453125 0.06015625
1 0.5625 0.05859375 0.234375 0.1171875
1 0.696875 0.1 0.27265625 0.1828125
1 0.89296875 0.17109375 0.2140625 0.18515625
1 0.89765625 0.34453125 0.2046875 0.1890625