1 0.29375 0.775 0.27265625 0.22578125
1 0.6546875 0.94375 0.21484375 0.11171875
1 0.65546875 0.79140625 0.26953125 0.19921875
1 0.31171875 0.92890625 0.1796875 0.12734375
1 0.1625 0.8609375 0.28984375 0.23046875
1 0.4953125 0.871875 0.18671875 0.1625
1 0.825 0.85390625 0.24296875 0.16640625
1 0.5 0.96875 0.20625 0.0625
1 0.19296875 0.97890625 0.18671875 0.0421875
1 0.053125 0.95 0.10625 0.1
1 0.17421875 0.5484375 0.253125 0.221875
1 0.17109375 0.3875 0.25703125 0.16640625
1 0.16953125 0.23203125 0.21875 0.1609375
1 0.49765625 0.2328125 0.1890625 0.14296875
1 0.66171875 0.3109375 0.21484375 0.15234375
1 0.6546875 0.63046875 0.253125 0.16640625
1 0.9375 0.48359375 0.125 0.1796875
1 0.5015625 0.384375 0.2640625 0.18203125
1 0.659375 0.46875 0.27421875 0.175
1 0.93671875 0.7859375 0.12578125 0.2046875
1 0.9578125 0.9390625 0.08125 0.121875
1 0.81328125 0.96875 0.1703125 0.0625
1 0.49296875 0.71171875 0.21015625 0.146875
1 0.49765625 0.54140625 0.2328125 0.1640625
1 0.82109375 0.53984375 0.23984375 0.18671875
1 0.8171875 0.69609375 0.2046875 0.146875
1 0.1703125 0.07421875 0.21484375 0.1484375
1 0.66640625 0.15546875 0.2078125 0.159375
1 0.51484375 0.075 0.2328125 0.15
1 0.8328125 0.2296875 0.2234375 0.20625
1 0.95546875 0.040625 0.0890625 0.08125
1 0.3359375 0.1421875 0.175 0.1640625
1 0.3265625 0.2875 0.16953125 0.18359375
1 0.03984375 0.028125 0.0796875 0.05625
1 0.3171875 0.04296875 0.19765625 0.0859375
1 0.6796875 0.03671875 0.22734375 0.0734375
1 0.82109375 0.08359375 0.19921875 0.13984375
1 0.953125 0.16484375 0.09375 0.1609375
1 0.95 0.3203125 0.1 0.19609375
1 0.02421875 0.1421875 0.0484375 0.14375
1 0.02109375 0.31328125 0.0421875 0.18515625
1 0.03515625 0.47734375 0.0703125 0.19921875
1 0.0390625 0.65234375 0.078125 0.1546875
1 0.03515625 0.79609375 0.0703125 0.2078125