1 0.0234375 0.04140625 0.046875 0.0828125
1 0.3515625 0.0109375 0.25390625 0.02109375
1 0.21875 0.184375 0.20234375 0.1421875
1 0.60625 0.12890625 0.25 0.1578125
1 0.76484375 0.20859375 0.2078125 0.11328125
1 0.62578125 0.30390625 0.20390625 0.115625
1 0.7578125 0.375 0.2125 0.1453125
1 0.41171875 0.36171875 0.25859375 0.18984375
1 0.92734375 0.1359375 0.1453125 0.1578125
1 0.77421875 0.53046875 0.1953125 0.1421875
1 0.1125 0.53359375 0.225 0.17734375
1 0.26484375 0.63203125 0.16640625 0.1296875
1 0.446875 0.5765625 0.1578125 0.1203125
1 0.61953125 0.6046875 0.221875 0.196875
1 0.76171875 0.69609375 0.17734375 0.12734375
1 0.9421875 0.6125 0.115625 0.20390625
1 0.42890625 0.6859375 0.159375 0.10078125
1 0.24296875 0.78828125 0.15078125 0.12421875
1 0.421875 0.834375 0.1734375 0.13671875
1 0.62421875 0.7828125 0.17734375 0.10625
1 0.796875 0.84296875 0.16328125 0.13671875
1 0.9546875 0.940625 0.090625 0.11875
1 0.4546875 0.9703125 0.203125 0.059375
1 0.26171875 0.93359375 0.2125 0.1078125
1 0.09609375 0.984375 0.1921875 0.03125
1 0.55234375 0.8640625 0.05859375 0.0015625
1 0.6359375 0.9328125 0.15625 0.12734375
1 0.8015625 0.96796875 0.14921875 0.0640625
1 0.946875 0.7609375 0.10625 0.07109375