1 0.1578125 0.05234375 0.2046875 0.10390625
1 0.403125 0.26640625 0.16171875 0.11875
1 0.77109375 0.7640625 0.12109375 0.115625
1 0.7734375 0.0921875 0.13046875 0.109375
1 0.5421875 0.51015625 0.115625 0.1171875
1 0.7765625 0.2703125 0.184375 0.11171875
1 0.3875 0.0890625 0.09453125 0.1078125
1 0.53046875 0.3234375 0.13359375 0.12421875
1 0.7953125 0.4171875 0.10625 0.11875
1 0.77578125 0.59609375 0.109375 0.10625
1 0.9265625 0.67109375 0.14296875 0.115625
1 0.1625 0.9875 0.184375 0.025
1 0.0359375 0.7625 0.071875 0.125
1 0.175 0.36796875 0.10390625 0.109375
1 0.034375 0.27890625 0.06875 0.1
1 0.16953125 0.175 0.14140625 0.10234375
1 0.03125 0.11171875 0.0625 0.0984375
1 0.146875 0.503125 0.09453125 0.096875
1 0.4015625 0.6 0.1265625 0.096875
1 0.16953125 0.68125 0.115625 0.10625
1 0.0453125 0.61796875 0.090625 0.0984375
1 0.36953125 0.90390625 0.11171875 0.0890625
1 0.53515625 0.1671875 0.1078125 0.0703125