1 0.19765625 0.16015625 0.2046875 0.1484375
1 0.33828125 0.2140625 0.1703125 0.1140625
1 0.51640625 0.15546875 0.2078125 0.134375
1 0.8078125 0.1515625 0.1328125 0.125
1 0.21640625 0.31015625 0.16875 0.1359375
1 0.52890625 0.29296875 0.1375 0.1171875
1 0.646875 0.20390625 0.1109375 0.1421875
1 0.83671875 0.29296875 0.2 0.1203125
1 0.94375 0.21171875 0.1125 0.13125
1 0.834375 0.42734375 0.1265625 0.134375
1 0.95625 0.48359375 0.0875 0.1234375
1 0.65234375 0.35546875 0.121875 0.1078125
1 0.65625 0.5078125 0.1390625 0.1046875
1 0.528125 0.4390625 0.171875 0.1171875
1 0.19609375 0.44453125 0.1875 0.10625
1 0.36953125 0.3546875 0.096875 0.13125
1 0.05 0.228125 0.1 0.1140625
1 0.05546875 0.38046875 0.1109375 0.121875
1 0.0484375 0.51953125 0.096875 0.1171875
1 0.228125 0.58359375 0.1734375 0.0984375
1 0.053125 0.6453125 0.10625 0.1015625
1 0.2328125 0.71953125 0.2046875 0.1328125
1 0.05859375 0.7890625 0.1171875 0.1453125
1 0.05234375 0.9390625 0.1 0.1015625
1 0.53359375 0.59765625 0.1953125 0.115625
1 0.65703125 0.6484375 0.1484375 0.1140625
1 0.83515625 0.71328125 0.1140625 0.128125
1 0.828125 0.58515625 0.0828125 0.109375
1 0.953125 0.640625 0.0921875 0.13125
1 0.9609375 0.7671875 0.078125 0.0953125
1 0.665625 0.790625 0.1328125 0.125
1 0.22890625 0.8734375 0.16875 0.1140625
1 0.371875 0.93359375 0.1328125 0.1328125
1 0.36953125 0.79609375 0.1640625 0.1375
1 0.54765625 0.86953125 0.1421875 0.115625
1 0.840625 0.86953125 0.121875 0.1125
1 0.96796875 0.92421875 0.0640625 0.0953125
1 0.84140625 0.984375 0.1046875 0.03125
1 0.54921875 0.9828125 0.1453125 0.034375
1 0.21015625 0.97734375 0.1671875 0.0453125