1 0.48046875 0.0875 0.15078125 0.12578125
1 0.29921875 0.0328125 0.14609375 0.065625
1 0.03828125 0.03671875 0.0765625 0.0734375
1 0.03203125 0.14765625 0.0640625 0.1109375
1 0.03515625 0.2921875 0.0703125 0.09765625
1 0.0296875 0.440625 0.05859375 0.11875
1 0.0296875 0.59765625 0.05859375 0.1171875
1 0.81875 0.96875 0.14765625 0.06171875
1 0.8203125 0.40078125 0.1578125 0.12890625
1 0.48359375 0.23046875 0.12265625 0.09765625
1 0.2875 0.296875 0.12109375 0.090625
1 0.16875 0.20546875 0.08046875 0.07890625
1 0.47890625 0.3828125 0.140625 0.12421875
1 0.2890625 0.4578125 0.15078125 0.09375
1 0.61875 0.4484375 0.140625 0.10234375
1 0.47578125 0.5390625 0.1390625 0.1171875
1 0.175 0.38125 0.14296875 0.10703125
1 0.8375 0.09375 0.12890625 0.115625
1 0.946875 0.1765625 0.10546875 0.134375
1 0.94296875 0.03125 0.1140625 0.06171875
1 0.80859375 0.54765625 0.0921875 0.0890625
1 0.4703125 0.69375 0.12109375 0.10078125
1 0.2890625 0.6234375 0.10546875 0.09375
1 0.1671875 0.690625 0.1359375 0.1140625
1 0.17890625 0.525 0.1546875 0.10078125
1 0.63203125 0.60703125 0.12265625 0.0953125
1 0.83984375 0.6984375 0.17421875 0.12265625
1 0.634375 0.759375 0.15078125 0.109375
1 0.83359375 0.8609375 0.15234375 0.0890625
1 0.61875 0.921875 0.12890625 0.10390625
1 0.4734375 0.8515625 0.1546875 0.10703125
1 0.28515625 0.76796875 0.12578125 0.10234375
1 0.29375 0.15546875 0.15625 0.1109375
1 0.94453125 0.3359375 0.1109375 0.10078125
1 0.940625 0.61171875 0.11875 0.11875
1 0.16796875 0.96953125 0.10078125 0.06015625
1 0.46796875 0.98203125 0.12109375 0.03515625
1 0.01796875 0.775 0.03515625 0.07734375
1 0.015625 0.91875 0.03125 0.134375