1 0.03359375 0.95234375 0.0671875 0.0953125
1 0.296875 0.94609375 0.203125 0.1078125
1 0.46328125 0.89453125 0.175 0.14140625
1 0.64453125 0.828125 0.21640625 0.159375
1 0.3015625 0.828125 0.18671875 0.146875
1 0.021875 0.8265625 0.04375 0.146875
1 0.02890625 0.659375 0.0578125 0.14296875
1 0.12578125 0.59609375 0.19609375 0.1484375
1 0.4515625 0.43203125 0.27109375 0.15546875
1 0.93671875 0.50078125 0.12578125 0.159375
1 0.796875 0.2671875 0.18515625 0.15
1 0.63046875 0.1828125 0.15703125 0.1
1 0.8 0.425 0.2203125 0.14140625
1 0.93984375 0.346875 0.1203125 0.1765625
1 0.61796875 0.33984375 0.17109375 0.15703125
1 0.46328125 0.11875 0.2671875 0.16953125
1 0.79375 0.0171875 0.184375 0.034375
1 0.4734375 0.01953125 0.175 0.03828125
1 0.27265625 0.03203125 0.2421875 0.0640625
1 0.11640625 0.26484375 0.2328125 0.15234375
1 0.29140625 0.50546875 0.190625 0.134375
1 0.4625 0.253125 0.28359375 0.1921875
1 0.78671875 0.11015625 0.26015625 0.1609375
1 0.11953125 0.43984375 0.2390625 0.1859375
1 0.640625 0.675 0.221875 0.190625
1 0.93515625 0.671875 0.1296875 0.13125
1 0.803125 0.5890625 0.1625 0.13125
1 0.29375 0.675 0.2625 0.178125
1 0.1203125 0.7546875 0.2203125 0.1609375
1 0.1234375 0.90859375 0.1921875 0.13125
1 0.63671875 0.9578125 0.17109375 0.08359375
1 0.93046875 0.95546875 0.1390625 0.0890625
1 0.93359375 0.83515625 0.1328125 0.1796875
1 0.7953125 0.9125 0.19375 0.1328125
1 0.8078125 0.753125 0.15703125 0.1625
1 0.64140625 0.5171875 0.18359375 0.14296875
1 0.4578125 0.58828125 0.1890625 0.178125
1 0.0265625 0.48828125 0.05234375 0.190625
1 0.01328125 0.3359375 0.0265625 0.18515625
1 0.92578125 0.184375 0.1484375 0.190625
1 0.4640625 0.97109375 0.16640625 0.0578125