1 0.9328125 0.04765625 0.134375 0.0953125
1 0.92109375 0.178125 0.1578125 0.1578125
1 0.27109375 0.046875 0.184375 0.09375
1 0.09296875 0.09296875 0.1859375 0.11875
1 0.271875 0.175 0.196875 0.14921875
1 0.084375 0.25078125 0.16875 0.1296875
1 0.60390625 0.1671875 0.20546875 0.1328125
1 0.42578125 0.2578125 0.16484375 0.16640625
1 0.5921875 0.33515625 0.2265625 0.13984375
1 0.2578125 0.34921875 0.16484375 0.1453125
1 0.08125 0.41953125 0.1625 0.1703125
1 0.434375 0.4234375 0.1703125 0.15625
1 0.21640625 0.509375 0.1953125 0.13671875
1 0.77578125 0.42265625 0.1953125 0.1734375
1 0.9390625 0.5546875 0.121875 0.115625
1 0.78671875 0.5859375 0.1578125 0.12265625
1 0.5921875 0.65390625 0.21640625 0.17734375
1 0.4125 0.59296875 0.1578125 0.1328125
1 0.2703125 0.659375 0.146875 0.15078125
1 0.07734375 0.7421875 0.15390625 0.16875
1 0.26171875 0.828125 0.196875 0.1578125
1 0.5578125 0.81796875 0.16640625 0.14921875
1 0.4125 0.9140625 0.16875 0.171875
1 0.25546875 0.96328125 0.1984375 0.07265625
1 0.75234375 0.90078125 0.24296875 0.1703125
1 0.90859375 0.8140625 0.17734375 0.15234375