1 0.85703125 0.14296875 0.1859375 0.13359375
1 0.63515625 0.35703125 0.146875 0.1078125
1 0.30078125 0.809375 0.11015625 0.1046875
1 0.31875 0.03984375 0.13359375 0.0796875
1 0.29921875 0.1984375 0.11796875 0.1
1 0.509375 0.57890625 0.1046875 0.10625
1 0.2953125 0.3609375 0.1671875 0.1015625
1 0.021875 0.1890625 0.04375 0.07734375
1 0.64921875 0.19609375 0.0859375 0.09765625
1 0.51953125 0.40859375 0.121875 0.11328125
1 0.27890625 0.49375 0.09609375 0.1078125
1 0.29609375 0.65625 0.1 0.09609375
1 0.159375 0.725 0.1296875 0.1046875
1 0.01640625 0.503125 0.03203125 0.09765625
1 0.96796875 0.80859375 0.0640625 0.11328125
1 0.84296875 0.44921875 0.09453125 0.1
1 0.96953125 0.36796875 0.0609375 0.09140625
1 0.84765625 0.2734375 0.128125 0.09296875
1 0.971875 0.2171875 0.05546875 0.08984375
1 0.86796875 0.571875 0.0859375 0.0875
1 0.63671875 0.66015625 0.11484375 0.0875
1 0.84765625 0.73359375 0.1046875 0.09609375
1 0.959375 0.6765625 0.08125 0.08984375
1 0.665625 0.93671875 0.1015625 0.08125
1 0.51484375 0.2671875 0.09765625 0.0640625