1 0.19921875 0.06875 0.2125 0.125
1 0.49296875 0.0640625 0.2 0.128125
1 0.6640625 0.15234375 0.1703125 0.128125
1 0.8109375 0.05859375 0.221875 0.10625
1 0.35390625 0.284375 0.259375 0.18125
1 0.67890625 0.28125 0.2 0.1109375
1 0.9328125 0.26796875 0.134375 0.1265625
1 0.9484375 0.140625 0.103125 0.13125
1 0.05078125 0.2234375 0.1015625 0.1453125
1 0.0578125 0.3640625 0.115625 0.1546875
1 0.04453125 0.1 0.0890625 0.1234375
1 0.20703125 0.3453125 0.1484375 0.1578125
1 0.23046875 0.50078125 0.1375 0.1625
1 0.06328125 0.48984375 0.1265625 0.1421875
1 0.35390625 0.43359375 0.15625 0.121875
1 0.50625 0.32265625 0.128125 0.13125
1 0.671875 0.41953125 0.165625 0.1140625
1 0.82109375 0.471875 0.1234375 0.146875
1 0.95625 0.4203125 0.0875 0.1125
1 0.50390625 0.48125 0.1375 0.1125
1 0.67734375 0.540625 0.1875 0.1109375
1 0.9484375 0.56015625 0.103125 0.140625
1 0.82578125 0.62265625 0.1234375 0.128125
1 0.50546875 0.6140625 0.175 0.125
1 0.053125 0.640625 0.10625 0.134375
1 0.225 0.6265625 0.1734375 0.1296875
1 0.36640625 0.678125 0.1421875 0.1375
1 0.52421875 0.76015625 0.165625 0.11875
1 0.6859375 0.675 0.15625 0.125
1 0.6875 0.80859375 0.128125 0.0984375
1 0.22734375 0.78046875 0.1890625 0.1171875
1 0.37578125 0.82421875 0.1171875 0.134375
1 0.8296875 0.9046875 0.15 0.1546875
1 0.51953125 0.89765625 0.1453125 0.1140625
1 0.66953125 0.94921875 0.1609375 0.1015625
1 0.3765625 0.96171875 0.1609375 0.0765625