1 0.3953125 0.9453125 0.1640625 0.109375
1 0.71953125 0.78671875 0.12890625 0.1
1 0.225 0.975 0.1234375 0.04921875
1 0.08125 0.9125 0.16171875 0.1109375
1 0.075 0.775 0.15 0.10234375
1 0.71640625 0.9234375 0.14765625 0.09296875
1 0.90234375 0.8390625 0.14296875 0.1
1 0.88046875 0.68984375 0.153125 0.1140625
1 0.903125 0.20703125 0.1640625 0.11640625
1 0.553125 0.04765625 0.13046875 0.0953125
1 0.73828125 0.11640625 0.14453125 0.10703125
1 0.55546875 0.2125 0.140625 0.10234375
1 0.3859375 0.125 0.14453125 0.1140625
1 0.221875 0.05703125 0.1546875 0.10703125
1 0.0609375 0.13046875 0.12109375 0.1234375
1 0.23203125 0.221875 0.14609375 0.09296875
1 0.06171875 0.2765625 0.1234375 0.08828125
1 0.215625 0.37109375 0.1921875 0.08984375
1 0.22421875 0.51640625 0.16015625 0.13359375
1 0.0625 0.446875 0.10390625 0.09140625
1 0.0640625 0.6125 0.10703125 0.11796875
1 0.41640625 0.77265625 0.1125 0.1
1 0.225 0.68515625 0.14296875 0.08828125
1 0.40078125 0.61953125 0.153125 0.09296875
1 0.55 0.85859375 0.1375 0.1
1 0.8828125 0.971875 0.14609375 0.05625
1 0.55859375 0.67890625 0.14453125 0.10234375
1 0.5421875 0.528125 0.17109375 0.125
1 0.39296875 0.45234375 0.1546875 0.08984375
1 0.54375 0.3828125 0.15 0.10234375
1 0.3984375 0.29609375 0.18671875 0.125
1 0.40234375 0.01171875 0.14609375 0.02265625
1 0.7359375 0.01015625 0.1375 0.0203125
1 0.884375 0.05859375 0.11953125 0.07734375
1 0.90859375 0.3734375 0.14453125 0.0984375
1 0.9109375 0.51953125 0.13046875 0.0953125
1 0.7484375 0.584375 0.1390625 0.109375
1 0.7296875 0.45234375 0.1375 0.0984375
1 0.72109375 0.29140625 0.14453125 0.1140625