1 0.50390625 0.34765625 0.1171875 0.103125
1 0.690625 0.13515625 0.14609375 0.09296875
1 0.6921875 0.28125 0.12578125 0.084375
1 0.69765625 0.4421875 0.09453125 0.0828125
1 0.315625 0.1234375 0.14296875 0.0859375
1 0.45703125 0.07578125 0.103125 0.1
1 0.15 0.225 0.1359375 0.10625
1 0.17109375 0.08046875 0.1375 0.09609375
1 0.19453125 0.378125 0.14296875 0.10859375
1 0.35234375 0.4515625 0.121875 0.11171875
1 0.3421875 0.5875 0.1234375 0.1046875
1 0.34609375 0.75234375 0.11484375 0.09296875
1 0.55390625 0.83359375 0.09765625 0.09140625
1 0.85859375 0.52578125 0.134375 0.11171875
1 0.43203125 0.94921875 0.153125 0.1015625
1 0.040625 0.91484375 0.08046875 0.1015625
1 0.028125 0.7703125 0.05625 0.0875
1 0.0328125 0.61953125 0.065625 0.10859375
1 0.0359375 0.45390625 0.071875 0.103125
1 0.85546875 0.2046875 0.10625 0.0890625
1 0.9703125 0.29140625 0.059375 0.0765625
1 0.97734375 0.128125 0.04453125 0.07734375
1 0.8609375 0.371875 0.1 0.0859375
1 0.8484375 0.68828125 0.12890625 0.09140625
1 0.68984375 0.7609375 0.1015625 0.09453125
1 0.84765625 0.82265625 0.121875 0.0890625
1 0.98671875 0.88984375 0.0265625 0.1109375
1 0.69921875 0.9109375 0.0859375 0.065625
1 0.86484375 0.9734375 0.12578125 0.053125
1 0.33046875 0.296875 0.1203125 0.0890625