1 0.496875 0.78359375 0.25625 0.1921875
1 0.21796875 0.8125 0.246875 0.1765625
1 0.534375 0.64375 0.2375 0.184375
1 0.14765625 0.70703125 0.209375 0.14375
1 0.3671875 0.5921875 0.16875 0.1484375
1 0.20546875 0.56796875 0.2578125 0.171875
1 0.6734375 0.4515625 0.2171875 0.1671875
1 0.37578125 0.4578125 0.2 0.1359375
1 0.37265625 0.3203125 0.184375 0.153125
1 0.51171875 0.26640625 0.246875 0.175
1 0.80625 0.09375 0.2375 0.153125
1 0.5109375 0.1171875 0.1921875 0.134375
1 0.2078125 0.1140625 0.2359375 0.1546875
1 0.0703125 0.178125 0.140625 0.171875
1 0.06796875 0.04921875 0.1359375 0.0984375
1 0.35625 0.04765625 0.175 0.0953125
1 0.51953125 0.03359375 0.1984375 0.0671875
1 0.66875 0.05234375 0.1609375 0.1046875
1 0.82578125 0.24765625 0.2359375 0.1671875
1 0.66875 0.1859375 0.18125 0.1359375
1 0.96171875 0.2203125 0.0765625 0.0984375
1 0.67421875 0.32109375 0.2 0.15625
1 0.8234375 0.396875 0.1953125 0.1390625
1 0.5203125 0.4359375 0.221875 0.16875
1 0.2140625 0.40078125 0.240625 0.1890625
1 0.0859375 0.33125 0.171875 0.15625
1 0.20390625 0.2453125 0.1921875 0.1390625
1 0.36796875 0.203125 0.159375 0.11875
1 0.85546875 0.55390625 0.2171875 0.1765625
1 0.8125 0.6953125 0.2 0.175
1 0.35625 0.94375 0.2015625 0.1125
1 0.76015625 0.9390625 0.1984375 0.121875
1 0.93828125 0.78515625 0.1234375 0.1578125
1 0.94765625 0.65703125 0.1046875 0.1296875
1 0.9578125 0.48046875 0.084375 0.1171875
1 0.51875 0.9484375 0.1546875 0.103125
1 0.5984375 0.89296875 0.2109375 0.1421875
1 0.06015625 0.81484375 0.1203125 0.1421875
1 0.95703125 0.35390625 0.0859375 0.1453125
1 0.93359375 0.92265625 0.1328125 0.1359375