1 0.84609375 0.946875 0.22421875 0.10625
1 0.64140625 0.8875 0.1390625 0.13515625
1 0.82734375 0.80703125 0.2328125 0.13515625
1 0.646875 0.7296875 0.1578125 0.1546875
1 0.4875 0.8078125 0.1265625 0.13203125
1 0.3171875 0.8734375 0.2171875 0.14921875
1 0.12734375 0.78828125 0.121875 0.1578125
1 0.31328125 0.7203125 0.1875 0.1109375
1 0.50078125 0.64765625 0.14921875 0.1390625
1 0.95390625 0.7109375 0.0921875 0.1265625
1 0.82109375 0.6453125 0.16171875 0.13515625
1 0.95234375 0.5359375 0.0953125 0.171875
1 0.81484375 0.4953125 0.1421875 0.11796875
1 0.6328125 0.4046875 0.1703125 0.1546875
1 0.93671875 0.39375 0.1265625 0.10078125
1 0.8 0.340625 0.125 0.13359375
1 0.93828125 0.24765625 0.1234375 0.1546875
1 0.815625 0.1734375 0.14765625 0.175
1 0.95 0.09296875 0.1 0.1265625
1 0.3078125 0.5484375 0.16171875 0.16875
1 0.1375 0.64296875 0.18203125 0.14375
1 0.02734375 0.4171875 0.0546875 0.153125
1 0.309375 0.4015625 0.21015625 0.13359375
1 0.13046875 0.3265625 0.190625 0.1578125
1 0.4875 0.32109375 0.128125 0.121875
1 0.63515625 0.25703125 0.1859375 0.10234375
1 0.47578125 0.1640625 0.2015625 0.15078125
1 0.13359375 0.16953125 0.234375 0.1421875
1 0.296875 0.10234375 0.171875 0.17734375
1 0.12578125 0.03984375 0.2203125 0.0796875
1 0.47578125 0.0265625 0.1296875 0.053125
1 0.62734375 0.0140625 0.20625 0.028125
1 0.803125 0.03671875 0.171875 0.07265625