1 0.2796875 0.2375 0.1390625 0.0875
1 0.64296875 0.5453125 0.125 0.1015625
1 0.62734375 0.39453125 0.15 0.1
1 0.77734375 0.2984375 0.15859375 0.1
1 0.9671875 0.39453125 0.065625 0.1015625
1 0.95234375 0.5609375 0.09453125 0.1
1 0.9453125 0.71484375 0.10859375 0.1015625
1 0.77890625 0.96171875 0.1390625 0.0765625
1 0.44375 0.15 0.14296875 0.1140625
1 0.6328125 0.07890625 0.14140625 0.11640625
1 0.9546875 0.24140625 0.090625 0.1171875
1 0.8984375 0.12890625 0.10390625 0.1
1 0.8140625 0.02734375 0.14375 0.0546875
1 0.4671875 0.01953125 0.14453125 0.0390625
1 0.27421875 0.05859375 0.1375 0.0984375
1 0.08984375 0.1640625 0.11953125 0.1
1 0.1015625 0.02421875 0.14296875 0.0484375
1 0.10234375 0.64296875 0.14140625 0.11640625
1 0.2796875 0.68671875 0.1640625 0.10390625
1 0.45 0.8046875 0.15546875 0.10859375
1 0.6234375 0.88125 0.14140625 0.1234375
1 0.440625 0.946875 0.140625 0.10625
1 0.10625 0.79765625 0.1765625 0.12890625
1 0.08046875 0.94453125 0.1609375 0.1109375
1 0.28046875 0.8734375 0.175 0.1359375
1 0.45859375 0.6609375 0.1734375 0.10859375
1 0.63203125 0.73203125 0.2234375 0.1125
1 0.78125 0.8234375 0.1765625 0.10390625
1 0.28203125 0.5546875 0.1390625 0.0859375
1 0.09609375 0.47109375 0.13359375 0.0984375
1 0.27109375 0.38984375 0.1234375 0.09140625
1 0.42421875 0.47265625 0.1265625 0.1
1 0.64453125 0.22109375 0.1375 0.1
1 0.8140625 0.48125 0.1484375 0.0984375