1 0.7984375 0.34609375 0.1609375 0.10625
1 0.79453125 0.06328125 0.1375 0.0921875
1 0.3359375 0.659375 0.153125 0.1140625
1 0.50546875 0.74453125 0.103125 0.0859375
1 0.8046875 0.78203125 0.125 0.08125
1 0.6734375 0.9484375 0.1765625 0.103125
1 0.18359375 0.85703125 0.1515625 0.0921875
1 0.62890625 0.26796875 0.1578125 0.109375
1 0.33828125 0.23046875 0.175 0.115625
1 0.4828125 0.05390625 0.1828125 0.1078125
1 0.63515625 0.121875 0.1375 0.0984375
1 0.1671875 0.1484375 0.1359375 0.1078125
1 0.16015625 0.29375 0.1421875 0.1234375
1 0.790625 0.20546875 0.140625 0.103125
1 0.9421875 0.27734375 0.115625 0.1203125
1 0.9453125 0.13046875 0.109375 0.10625
1 0.0515625 0.03984375 0.103125 0.0796875
1 0.19765625 0.02734375 0.1203125 0.0546875
1 0.33125 0.50859375 0.1765625 0.128125
1 0.6125 0.39921875 0.134375 0.09375
1 0.3359375 0.36640625 0.1328125 0.1
1 0.03203125 0.4828125 0.0640625 0.0875
1 0.16484375 0.5609375 0.1234375 0.1140625
1 0.19609375 0.725 0.14375 0.09375
1 0.04765625 0.7734375 0.0953125 0.1015625
1 0.04296875 0.93984375 0.0859375 0.1203125
1 0.3328125 0.92734375 0.103125 0.1015625
1 0.184375 0.9703125 0.13125 0.059375
1 0.3359375 0.8109375 0.128125 0.0921875
1 0.66171875 0.55859375 0.1359375 0.1109375
1 0.4953125 0.61875 0.1328125 0.1046875
1 0.4890625 0.46328125 0.11875 0.0984375
1 0.4890625 0.325 0.1140625 0.09375
1 0.4859375 0.2 0.0859375 0.0640625
1 0.31015625 0.09765625 0.1015625 0.0875
1 0.93671875 0.43515625 0.1265625 0.0921875
1 0.9421875 0.5765625 0.115625 0.0953125
1 0.9421875 0.70390625 0.115625 0.0859375
1 0.94765625 0.8203125 0.1046875 0.078125
1 0.92734375 0.94453125 0.1453125 0.103125
1 0.79375 0.62734375 0.109375 0.1171875
1 0.79296875 0.47890625 0.1234375 0.0984375
1 0.6515625 0.68828125 0.14375 0.1078125
1 0.65625 0.821875 0.146875 0.103125
1 0.5015625 0.85625 0.1453125 0.0953125
1 0.0421875 0.203125 0.084375 0.0734375
1 0.94765625 0.02421875 0.1046875 0.0484375
1 0.0390625 0.64296875 0.078125 0.0921875