1 0.71484375 0.2375 0.26953125 0.2234375
1 0.35703125 0.06328125 0.2125 0.1265625
1 0.35625 0.22265625 0.26640625 0.196875
1 0.69609375 0.0859375 0.178125 0.1265625
1 0.84453125 0.153125 0.2875 0.228125
1 0.51484375 0.14296875 0.18515625 0.1609375
1 0.18828125 0.16015625 0.240625 0.1640625
1 0.51015625 0.0390625 0.20390625 0.078125
1 0.8140625 0.02890625 0.18515625 0.05703125
1 0.95 0.05703125 0.1 0.1140625
1 0.8328125 0.4625 0.25078125 0.21953125
1 0.8359375 0.621875 0.2546875 0.1640625
1 0.8375 0.77578125 0.21640625 0.159375
1 0.51328125 0.775 0.18671875 0.1421875
1 0.35 0.696875 0.2125 0.15078125
1 0.35703125 0.38125 0.25078125 0.1640625
1 0.06953125 0.5265625 0.13828125 0.178125
1 0.50859375 0.62421875 0.2609375 0.1796875
1 0.353125 0.54140625 0.271875 0.17265625
1 0.0703125 0.22734375 0.13984375 0.20234375
1 0.0484375 0.06796875 0.096875 0.1359375
1 0.2 0.0390625 0.16796875 0.078125
1 0.5171875 0.30078125 0.2078125 0.1453125
1 0.51328125 0.46953125 0.23046875 0.1625
1 0.19296875 0.4703125 0.23671875 0.18515625
1 0.19609375 0.31640625 0.20234375 0.1453125
1 0.83671875 0.92890625 0.2125 0.1421875
1 0.34609375 0.8515625 0.20625 0.1578125
1 0.4953125 0.928125 0.23046875 0.14375
1 0.18046875 0.77734375 0.22109375 0.20390625
1 0.05234375 0.96171875 0.1046875 0.0734375
1 0.67265625 0.8640625 0.17265625 0.1625
1 0.68203125 0.7203125 0.16796875 0.18203125
1 0.9625 0.975 0.07421875 0.05
1 0.69140625 0.96015625 0.1953125 0.0796875
1 0.33203125 0.96640625 0.225 0.0671875
1 0.19296875 0.921875 0.196875 0.13828125
1 0.05390625 0.8421875 0.10703125 0.159375
1 0.05703125 0.68828125 0.1140625 0.19375
1 0.978125 0.86484375 0.04296875 0.1421875
1 0.98203125 0.69453125 0.0359375 0.1828125
1 0.96796875 0.5328125 0.0640625 0.196875
1 0.96328125 0.3609375 0.07265625 0.15390625
1 0.96796875 0.2171875 0.0640625 0.20625