1 0.91796875 0.18828125 0.16328125 0.16875
1 0.4234375 0.465625 0.21484375 0.2203125
1 0.8203125 0.56484375 0.2234375 0.15625
1 0.37265625 0.08984375 0.23671875 0.1796875
1 0.72734375 0.25234375 0.2765625 0.20390625
1 0.2328125 0.440625 0.209375 0.1578125
1 0.2171875 0.32734375 0.221875 0.17265625
1 0.5796875 0.33125 0.16171875 0.18359375
1 0.39609375 0.2484375 0.1875 0.17421875
1 0.0765625 0.02578125 0.15234375 0.05078125
1 0.075 0.13203125 0.15 0.1578125
1 0.38125 0.62109375 0.15078125 0.12890625
1 0.0640625 0.6453125 0.128125 0.178125
1 0.565625 0.69765625 0.22890625 0.190625
1 0.97265625 0.6015625 0.0546875 0.134375
1 0.91484375 0.4625 0.1703125 0.1375
1 0.9109375 0.98984375 0.178125 0.0203125
1 0.71640625 0.93125 0.2109375 0.1375
1 0.9046875 0.69375 0.190625 0.11796875
1 0.62890625 0.49296875 0.2015625 0.20390625
1 0.73203125 0.38984375 0.21640625 0.1578125
1 0.928125 0.33359375 0.14375 0.11484375
1 0.72890625 0.08203125 0.22734375 0.1421875
1 0.5875 0.15234375 0.16875 0.18515625
1 0.59140625 0.0296875 0.2109375 0.059375
1 0.021875 0.28125 0.04375 0.13984375
1 0.05 0.44453125 0.1 0.15078125
1 0.20703125 0.54609375 0.1875 0.13125
1 0.2109375 0.7046875 0.16875 0.1328125
1 0.38515625 0.77421875 0.19609375 0.12734375
1 0.06171875 0.79375 0.1234375 0.13671875
1 0.06953125 0.95078125 0.1390625 0.0953125
1 0.3765625 0.925 0.171875 0.15
1 0.5609375 0.8671875 0.13671875 0.121875
1 0.70625 0.79296875 0.18203125 0.1234375
1 0.19453125 0.87421875 0.23125 0.18203125
1 0.20625 0.97734375 0.2015625 0.0453125
1 0.89375 0.84453125 0.2109375 0.17109375
1 0.7078125 0.61875 0.1578125 0.13125