1 0.47109375 0.415625 0.15234375 0.13984375
1 0.4671875 0.73359375 0.16015625 0.1234375
1 0.80234375 0.31328125 0.15234375 0.11640625
1 0.93984375 0.240625 0.1203125 0.14765625
1 0.95234375 0.4109375 0.09453125 0.15234375
1 0.309375 0.865625 0.2203125 0.12734375
1 0.3453125 0.9828125 0.17421875 0.034375
1 0.1078125 0.9453125 0.20546875 0.10546875
1 0.0890625 0.6328125 0.178125 0.12734375
1 0.3234375 0.2078125 0.1796875 0.11640625
1 0.465625 0.0984375 0.16171875 0.13125
1 0.96640625 0.090625 0.0671875 0.1234375
1 0.9546875 0.5921875 0.090625 0.11484375
1 0.80703125 0.659375 0.1671875 0.1203125
1 0.65390625 0.90546875 0.178125 0.10546875
1 0.67734375 0.7015625 0.13984375 0.1328125
1 0.68515625 0.53671875 0.15625 0.09609375
1 0.83515625 0.49921875 0.13671875 0.1109375
1 0.64296875 0.39609375 0.13984375 0.10546875
1 0.634375 0.23359375 0.13671875 0.10703125
1 0.47265625 0.28984375 0.18359375 0.109375
1 0.6453125 0.06796875 0.12578125 0.09609375
1 0.440625 0.01875 0.16875 0.0375
1 0.29296875 0.0734375 0.16171875 0.10703125
1 0.10546875 0.1234375 0.15625 0.0890625
1 0.10625 0.30625 0.178125 0.13125
1 0.1046875 0.7890625 0.16171875 0.1109375
1 0.32734375 0.55390625 0.16875 0.10546875
1 0.3 0.7171875 0.13828125 0.109375
1 0.30546875 0.38984375 0.15625 0.1328125
1 0.96171875 0.7484375 0.0765625 0.121875
1 0.96015625 0.92890625 0.0796875 0.1125
1 0.47890625 0.91328125 0.15078125 0.1203125
1 0.6703125 0.97734375 0.15078125 0.0453125
1 0.48203125 0.584375 0.15625 0.109375