1 0.53515625 0.28359375 0.14609375 0.1171875
1 0.6984375 0.2078125 0.13203125 0.11015625
1 0.52578125 0.1203125 0.14921875 0.09140625
1 0.6984375 0.05234375 0.15625 0.09296875
1 0.54140625 0.0140625 0.175 0.02734375
1 0.0546875 0.05078125 0.109375 0.1015625
1 0.2 0.13125 0.121875 0.10625
1 0.0703125 0.196875 0.140625 0.11484375
1 0.0609375 0.37109375 0.121875 0.1203125
1 0.0453125 0.5203125 0.090625 0.090625
1 0.05546875 0.66796875 0.1109375 0.1046875
1 0.19140625 0.6015625 0.140625 0.1015625
1 0.38203125 0.821875 0.16640625 0.10859375
1 0.3703125 0.68984375 0.14765625 0.11875
1 0.37421875 0.52421875 0.14921875 0.1359375
1 0.378125 0.35859375 0.153125 0.10859375
1 0.978125 0.81796875 0.04375 0.1015625
1 0.86015625 0.76015625 0.11328125 0.07421875
1 0.9921875 0.65859375 0.015625 0.1046875
1 0.86875 0.5890625 0.1234375 0.0875
1 0.884375 0.465625 0.12734375 0.08046875
1 0.8796875 0.278125 0.121875 0.103125
1 0.715625 0.365625 0.09765625 0.08046875
1 0.7015625 0.81875 0.1171875 0.0828125
1 0.54609375 0.74609375 0.11875 0.0890625
1 0.69296875 0.69140625 0.1 0.09453125
1 0.05078125 0.96640625 0.1015625 0.0671875
1 0.6953125 0.9515625 0.14609375 0.09609375
1 0.53984375 0.59375 0.171875 0.10859375
1 0.540625 0.4421875 0.14453125 0.09609375
1 0.25 0.01328125 0.121875 0.0265625
1 0.98203125 0.20390625 0.0359375 0.1015625
1 0.19921875 0.43359375 0.190625 0.1359375