1 0.53828125 0.671875 0.1328125 0.10625
1 0.68671875 0.740625 0.1203125 0.1
1 0.5296875 0.8203125 0.1359375 0.0828125
1 0.68671875 0.88203125 0.1421875 0.084375
1 0.8625 0.959375 0.1265625 0.0671875
1 0.54375 0.95 0.159375 0.0890625
1 0.08828125 0.88984375 0.1265625 0.1046875
1 0.23359375 0.81015625 0.1109375 0.096875
1 0.10859375 0.7515625 0.1421875 0.1046875
1 0.090625 0.59296875 0.14375 0.109375
1 0.07578125 0.4578125 0.1171875 0.0828125
1 0.08671875 0.3234375 0.134375 0.0953125
1 0.22578125 0.3828125 0.128125 0.0921875
1 0.39921875 0.18203125 0.1515625 0.0984375
1 0.38828125 0.30234375 0.134375 0.1078125
1 0.3921875 0.453125 0.1359375 0.1234375
1 0.3953125 0.60390625 0.1390625 0.0984375
1 0.9609375 0.18671875 0.078125 0.0921875
1 0.83359375 0.23828125 0.103125 0.0671875
1 0.9734375 0.33046875 0.053125 0.0953125
1 0.84140625 0.39375 0.1125 0.0796875
1 0.85546875 0.50625 0.115625 0.0734375
1 0.8515625 0.6765625 0.1109375 0.09375
1 0.70234375 0.596875 0.0890625 0.0734375
1 0.68984375 0.18515625 0.10625 0.075
1 0.5484375 0.2515625 0.1078125 0.08125
1 0.68203125 0.30078125 0.090625 0.0859375
1 0.07421875 0.04375 0.1390625 0.0765625
1 0.684375 0.06328125 0.1328125 0.0890625
1 0.5421875 0.38984375 0.15625 0.0984375
1 0.54296875 0.52734375 0.13125 0.0875
1 0.2796875 0.953125 0.1109375 0.0921875
1 0.9640625 0.7453125 0.071875 0.0921875
1 0.97578125 0.60078125 0.0484375 0.0828125
1 0.2328125 0.53515625 0.1734375 0.1234375