1 0.06484375 0.94609375 0.1296875 0.1078125
1 0.334375 0.940625 0.18125 0.11875
1 0.4828125 0.88203125 0.15625 0.1265625
1 0.64453125 0.82265625 0.19375 0.1421875
1 0.33828125 0.82265625 0.1671875 0.13125
1 0.05390625 0.821875 0.1078125 0.13125
1 0.06015625 0.67265625 0.1203125 0.128125
1 0.18125 0.615625 0.175 0.1328125
1 0.47265625 0.46875 0.2421875 0.1390625
1 0.925 0.53125 0.15 0.1421875
1 0.78125 0.321875 0.165625 0.134375
1 0.63203125 0.24609375 0.140625 0.0890625
1 0.78359375 0.4625 0.196875 0.1265625
1 0.92734375 0.39375 0.1453125 0.1578125
1 0.62109375 0.38671875 0.153125 0.140625
1 0.4828125 0.1890625 0.2390625 0.1515625
1 0.7796875 0.05703125 0.1640625 0.1140625
1 0.4921875 0.05859375 0.15625 0.1171875
1 0.3140625 0.0703125 0.2171875 0.140625
1 0.16640625 0.3203125 0.2203125 0.1359375
1 0.32890625 0.534375 0.1703125 0.1203125
1 0.48203125 0.309375 0.253125 0.171875
1 0.771875 0.18125 0.2328125 0.14375
1 0.17578125 0.4765625 0.215625 0.165625
1 0.64140625 0.6859375 0.1984375 0.1703125
1 0.9234375 0.684375 0.153125 0.1171875
1 0.78671875 0.609375 0.1453125 0.1171875
1 0.33125 0.6859375 0.234375 0.159375
1 0.1765625 0.75703125 0.196875 0.14375
1 0.17890625 0.89453125 0.171875 0.1171875
1 0.6375 0.95078125 0.153125 0.0984375
1 0.91953125 0.9484375 0.1609375 0.103125
1 0.921875 0.82890625 0.15625 0.1609375
1 0.7796875 0.8984375 0.1734375 0.11875
1 0.790625 0.75625 0.140625 0.1453125
1 0.6421875 0.5453125 0.1640625 0.128125
1 0.478125 0.60859375 0.16875 0.159375
1 0.0578125 0.5203125 0.115625 0.1703125
1 0.04609375 0.3828125 0.0921875 0.165625
1 0.91484375 0.24765625 0.1703125 0.1703125
1 0.48359375 0.9625 0.1484375 0.075