1 0.93828125 0.93359375 0.1234375 0.1328125
1 0.8265625 0.89375 0.20546875 0.20390625
1 0.9546875 0.6640625 0.090625 0.184375
1 0.12421875 0.40546875 0.2109375 0.1609375
1 0.9765625 0.3453125 0.046875 0.13203125
1 0.32109375 0.0453125 0.28125 0.090625
1 0.83203125 0.25234375 0.24921875 0.2109375
1 0.465625 0.2515625 0.20234375 0.19296875
1 0.46015625 0.4203125 0.2203125 0.209375
1 0.12265625 0.0828125 0.2453125 0.165625
1 0.67578125 0.05390625 0.1984375 0.1078125
1 0.84140625 0.0875 0.140625 0.175
1 0.97109375 0.04453125 0.0578125 0.08828125
1 0.953125 0.5 0.09375 0.1515625
1 0.8234375 0.41171875 0.28125 0.1765625
1 0.96328125 0.175 0.0734375 0.190625
1 0.1171875 0.23984375 0.2078125 0.14609375
1 0.3140625 0.315625 0.209375 0.25625
1 0.31640625 0.6234375 0.21640625 0.16796875
1 0.1265625 0.565625 0.25234375 0.175
1 0.4609375 0.8734375 0.2109375 0.175
1 0.1265625 0.86875 0.234375 0.20390625
1 0.29765625 0.92421875 0.1953125 0.1515625
1 0.6703125 0.66484375 0.16640625 0.21328125
1 0.81875 0.5703125 0.2578125 0.184375
1 0.4828125 0.74375 0.24921875 0.18984375
1 0.30703125 0.79296875 0.23984375 0.17109375
1 0.1109375 0.73125 0.221875 0.14765625
1 0.66640625 0.1671875 0.18046875 0.15859375
1 0.10546875 0.98984375 0.1859375 0.01953125