1 0.0671875 0.13359375 0.134375 0.14375
1 0.2078125 0.065625 0.146875 0.090625
1 0.35703125 0.13359375 0.134375 0.1390625
1 0.50078125 0.053125 0.1578125 0.096875
1 0.81015625 0.06015625 0.14375 0.1046875
1 0.65703125 0.121875 0.1234375 0.1546875
1 0.8078125 0.1984375 0.128125 0.1015625
1 0.659375 0.27890625 0.1609375 0.134375
1 0.49921875 0.2 0.14375 0.13125
1 0.3640625 0.27421875 0.1421875 0.1375
1 0.49921875 0.35078125 0.1609375 0.1359375
1 0.66484375 0.4203125 0.190625 0.1296875
1 0.509375 0.4890625 0.1828125 0.115625
1 0.375 0.415625 0.178125 0.1265625
1 0.075 0.27734375 0.13125 0.1171875
1 0.20078125 0.34609375 0.1328125 0.165625
1 0.06640625 0.42890625 0.11875 0.1609375
1 0.0703125 0.57421875 0.140625 0.121875
1 0.37578125 0.5625 0.18125 0.1203125
1 0.21015625 0.62421875 0.121875 0.1765625
1 0.5140625 0.628125 0.1609375 0.11875
1 0.38046875 0.6984375 0.1890625 0.1296875
1 0.38046875 0.809375 0.2203125 0.11875
1 0.06796875 0.70234375 0.121875 0.10625
1 0.20234375 0.7484375 0.1296875 0.1109375
1 0.075 0.82890625 0.1421875 0.1234375
1 0.23046875 0.88828125 0.14375 0.140625
1 0.0828125 0.95078125 0.1546875 0.0984375
1 0.809375 0.875 0.1640625 0.1296875
1 0.95859375 0.9515625 0.0828125 0.096875
1 0.80390625 0.61015625 0.1921875 0.175
1 0.93125 0.4046875 0.1375 0.134375
1 0.95234375 0.55390625 0.0953125 0.14375
1 0.9578125 0.69609375 0.084375 0.1125