1 0.23671875 0.93046875 0.16171875 0.1390625
1 0.55 0.93671875 0.16484375 0.1078125
1 0.78046875 0.88359375 0.15625 0.1234375
1 0.5578125 0.7921875 0.14375 0.13359375
1 0.2453125 0.64375 0.16484375 0.14609375
1 0.08671875 0.56484375 0.14765625 0.1234375
1 0.0828125 0.72890625 0.15625 0.140625
1 0.5765625 0.63203125 0.16640625 0.1265625
1 0.41875 0.5671875 0.14609375 0.11640625
1 0.41171875 0.7078125 0.15625 0.09375
1 0.25078125 0.775 0.14609375 0.09375
1 0.0796875 0.8609375 0.128125 0.10625
1 0.0875 0.3984375 0.14375 0.109375
1 0.0875 0.25625 0.1734375 0.1078125
1 0.08671875 0.09375 0.16171875 0.1125
1 0.940625 0.03125 0.11796875 0.0625
1 0.934375 0.1640625 0.13125 0.115625
1 0.9390625 0.30703125 0.121875 0.11484375
1 0.8 0.42109375 0.159375 0.109375
1 0.796875 0.2515625 0.21328125 0.13046875
1 0.7953125 0.08515625 0.13515625 0.121875
1 0.26015625 0.1609375 0.140625 0.125
1 0.2484375 0.31796875 0.14609375 0.125
1 0.240625 0.4890625 0.15625 0.125
1 0.4453125 0.4078125 0.19296875 0.121875
1 0.446875 0.25 0.17890625 0.11796875
1 0.4578125 0.0921875 0.16328125 0.13203125
1 0.61015625 0.17421875 0.14609375 0.125
1 0.60703125 0.3234375 0.14921875 0.121875
1 0.6 0.48671875 0.16484375 0.128125
1 0.76015625 0.72421875 0.153125 0.1234375
1 0.92890625 0.6484375 0.1421875 0.11640625
1 0.78125 0.56015625 0.1578125 0.1125
1 0.92578125 0.4859375 0.1484375 0.11875
1 0.61875 0.03046875 0.14375 0.0609375
1 0.93359375 0.7890625 0.1328125 0.125
1 0.39609375 0.86640625 0.1546875 0.1265625