1 0.465625 0.43046875 0.13125 0.1203125
1 0.4625 0.70390625 0.1375 0.10625
1 0.75078125 0.34296875 0.13125 0.1
1 0.8984375 0.28046875 0.1625 0.1265625
1 0.9109375 0.4265625 0.14375 0.13125
1 0.3265625 0.8171875 0.1890625 0.109375
1 0.35859375 0.9515625 0.15 0.096875
1 0.15390625 0.8859375 0.1765625 0.090625
1 0.134375 0.61796875 0.159375 0.109375
1 0.3390625 0.25234375 0.1546875 0.1
1 0.4609375 0.1578125 0.1390625 0.1125
1 0.93125 0.15234375 0.1359375 0.10625
1 0.91875 0.58203125 0.153125 0.0984375
1 0.7546875 0.63984375 0.14375 0.103125
1 0.62265625 0.8515625 0.153125 0.090625
1 0.64296875 0.6765625 0.1203125 0.1140625
1 0.65 0.534375 0.134375 0.0828125
1 0.77890625 0.50234375 0.1171875 0.0953125
1 0.61328125 0.4140625 0.1203125 0.090625
1 0.60625 0.27421875 0.1171875 0.0921875
1 0.4671875 0.32265625 0.1578125 0.09375
1 0.615625 0.13203125 0.1078125 0.0828125
1 0.43984375 0.0609375 0.1453125 0.0921875
1 0.3125 0.13671875 0.1390625 0.0921875
1 0.1515625 0.1796875 0.134375 0.0765625
1 0.15234375 0.33671875 0.153125 0.1125
1 0.15078125 0.7515625 0.1390625 0.0953125
1 0.3421875 0.54921875 0.1453125 0.090625
1 0.31875 0.68984375 0.11875 0.09375
1 0.3234375 0.40859375 0.134375 0.1140625
1 0.89765625 0.034375 0.1359375 0.06875
1 0.92109375 0.71640625 0.13125 0.1046875
1 0.9234375 0.871875 0.1421875 0.096875
1 0.47265625 0.85859375 0.1296875 0.103125
1 0.63671875 0.94375 0.1296875 0.0984375
1 0.475 0.57578125 0.134375 0.09375
1 0.1265625 0.04453125 0.1578125 0.0890625