1 0.25390625 0.24453125 0.0921875 0.1453125
1 0.028125 0.0375 0.05625 0.075
1 0.17890625 0.47265625 0.1359375 0.0921875
1 0.04375 0.39921875 0.0875 0.0953125
1 0.0421875 0.2359375 0.084375 0.0875
1 0.1625 0.1234375 0.1546875 0.0875
1 0.25234375 0.08515625 0.0953125 0.1078125
1 0.359375 0.09453125 0.11875 0.1171875
1 0.90859375 0.4953125 0.1828125 0.046875
1 0.72109375 0.4296875 0.1328125 0.1015625
1 0.53203125 0.4890625 0.1640625 0.059375
1 0.36953125 0.4265625 0.1390625 0.1125
1 0.3640625 0.25703125 0.128125 0.1109375
1 0.5234375 0.3515625 0.1359375 0.096875
1 0.715625 0.26171875 0.1546875 0.1
1 0.9015625 0.34921875 0.128125 0.1015625
1 0.9265625 0.1984375 0.146875 0.1125
1 0.73984375 0.09296875 0.1484375 0.0953125
1 0.528125 0.175 0.1546875 0.096875
1 0.521875 0.0296875 0.209375 0.059375
1 0.896875 0.02734375 0.178125 0.0546875
1 0.03125 0.8859375 0.0625 0.10625
1 0.18125 0.62265625 0.153125 0.121875
1 0.02578125 0.56328125 0.0515625 0.0890625
1 0.2015625 0.9578125 0.1375 0.084375
1 0.01875 0.69921875 0.0375 0.1078125
1 0.6453125 0.79765625 0.16875 0.140625
1 0.83046875 0.884375 0.1546875 0.1109375
1 0.45 0.87734375 0.125 0.109375
1 0.63125 0.95546875 0.115625 0.0890625
1 0.46640625 0.70625 0.11875 0.0828125
1 0.82734375 0.703125 0.1359375 0.08125
1 0.8171875 0.54140625 0.115625 0.0453125
1 0.4703125 0.55625 0.146875 0.075
1 0.31953125 0.63125 0.0390625 0.10625
1 0.3265625 0.7859375 0.053125 0.09375