1 0.13828125 0.02734375 0.215625 0.0546875
1 0.41171875 0.03359375 0.2390625 0.0578125
1 0.60078125 0.07578125 0.1109375 0.09375
1 0.73515625 0.03125 0.16875 0.059375
1 0.88359375 0.06796875 0.13125 0.11875
1 0.125 0.1484375 0.14375 0.13125
1 0.26015625 0.1890625 0.171875 0.178125
1 0.43984375 0.15234375 0.1734375 0.1484375
1 0.603125 0.2140625 0.11875 0.121875
1 0.7328125 0.15546875 0.1421875 0.125
1 0.896875 0.3515625 0.13125 0.13125
1 0.72265625 0.30625 0.1421875 0.1140625
1 0.45234375 0.2859375 0.178125 0.084375
1 0.59296875 0.365625 0.1328125 0.1296875
1 0.30390625 0.34453125 0.159375 0.11875
1 0.45078125 0.4359375 0.14375 0.1078125
1 0.075 0.28359375 0.15 0.1265625
1 0.13984375 0.42265625 0.1421875 0.1125
1 0.30078125 0.503125 0.153125 0.1296875
1 0.140625 0.57421875 0.1640625 0.121875
1 0.46875 0.5671875 0.146875 0.1203125
1 0.603125 0.50234375 0.1296875 0.103125
1 0.75078125 0.41875 0.153125 0.08125
1 0.74609375 0.54921875 0.13125 0.140625
1 0.90625 0.625 0.159375 0.1734375
1 0.759375 0.71484375 0.1453125 0.1234375
1 0.59921875 0.63984375 0.1375 0.125
1 0.31171875 0.78828125 0.128125 0.1484375
1 0.60859375 0.771875 0.1796875 0.115625
1 0.8765625 0.75859375 0.1046875 0.0890625
1 0.6640625 0.85 0.1703125 0.1015625
1 0.48828125 0.878125 0.0859375 0.0890625
1 0.6140625 0.946875 0.153125 0.10625
1 0.828125 0.8484375 0.1375 0.090625
1 0.91015625 0.91953125 0.1671875 0.1578125
1 0.75546875 0.96875 0.1203125 0.0625
1 0.459375 0.97421875 0.1625 0.0515625