1 0.94765625 0.02734375 0.1046875 0.05390625
1 0.66640625 0.03359375 0.203125 0.06640625
1 0.5 0.06875 0.175 0.1375
1 0.31875 0.13203125 0.21640625 0.159375
1 0.66171875 0.13203125 0.18671875 0.146875
1 0.96015625 0.1328125 0.0796875 0.146875
1 0.953125 0.3015625 0.09375 0.14375
1 0.8375 0.36328125 0.19609375 0.1484375
1 0.51171875 0.528125 0.27109375 0.15546875
1 0.04453125 0.45859375 0.0890625 0.159375
1 0.16640625 0.6921875 0.18515625 0.15
1 0.3328125 0.77734375 0.15703125 0.1
1 0.16328125 0.53515625 0.2203125 0.14140625
1 0.0421875 0.6125 0.08359375 0.1765625
1 0.3453125 0.61953125 0.17109375 0.15703125
1 0.5 0.840625 0.2671875 0.16953125
1 0.16875 0.9625 0.18359375 0.075
1 0.490625 0.9609375 0.175 0.078125
1 0.68984375 0.94765625 0.24296875 0.1046875
1 0.85390625 0.69375 0.246875 0.15234375
1 0.671875 0.4546875 0.190625 0.134375
1 0.50078125 0.70625 0.28359375 0.1921875
1 0.1765625 0.85 0.26015625 0.1609375
1 0.84375 0.51953125 0.24140625 0.18515625
1 0.32265625 0.28515625 0.221875 0.190625
1 0.046875 0.2875 0.09375 0.13125
1 0.16015625 0.3703125 0.1625 0.13125
1 0.66953125 0.28515625 0.2625 0.178125
1 0.84296875 0.20546875 0.2203125 0.1609375
1 0.840625 0.05859375 0.1921875 0.1171875
1 0.3265625 0.021875 0.17109375 0.04375
1 0.05078125 0.025 0.1015625 0.05
1 0.0484375 0.125 0.09609375 0.1796875
1 0.16875 0.05703125 0.19375 0.11328125
1 0.15546875 0.20625 0.15703125 0.1625
1 0.321875 0.4421875 0.18359375 0.14296875
1 0.50546875 0.371875 0.1890625 0.178125
1 0.95546875 0.47109375 0.0890625 0.190625
1 0.96875 0.625 0.0625 0.184375
1 0.05625 0.775 0.11171875 0.190625
1 0.49921875 0.00859375 0.16640625 0.0171875