1 0.07109375 0.0609375 0.1421875 0.121875
1 0.33359375 0.05703125 0.27109375 0.11171875
1 0.7046875 0.05703125 0.3296875 0.11328125
1 0.2046875 0.12578125 0.19453125 0.14609375
1 0.20703125 0.26953125 0.26796875 0.1359375
1 0.51953125 0.28125 0.26640625 0.14453125
1 0.88984375 0.29140625 0.2203125 0.1359375
1 0.72265625 0.3359375 0.175 0.175
1 0.05546875 0.33515625 0.1109375 0.1609375
1 0.234375 0.428125 0.175 0.13203125
1 0.54453125 0.43125 0.25390625 0.14453125
1 0.88828125 0.55390625 0.20625 0.13046875
1 0.56640625 0.5859375 0.1515625 0.134375
1 0.3859375 0.4875 0.16171875 0.17890625
1 0.06875 0.50390625 0.1375 0.11875
1 0.225 0.584375 0.16015625 0.11875
1 0.0671875 0.6484375 0.134375 0.12890625
1 0.39921875 0.63515625 0.18046875 0.1
1 0.6859375 0.6609375 0.16640625 0.16328125
1 0.89609375 0.7296875 0.14765625 0.1546875
1 0.2296875 0.73984375 0.17890625 0.121875
1 0.0609375 0.8046875 0.121875 0.121875
1 0.3859375 0.796875 0.175 0.134375
1 0.23125 0.8796875 0.16640625 0.11328125
1 0.06953125 0.946875 0.1390625 0.10625
1 0.88984375 0.88203125 0.2203125 0.11484375
1 0.5625 0.88828125 0.1734375 0.14765625
1 0.72109375 0.93046875 0.16015625 0.1390625
1 0.384375 0.9421875 0.2078125 0.11484375
1 0.21484375 0.9828125 0.16484375 0.034375
1 0.7140625 0.51484375 0.12734375 0.11484375