1 0.846875 0.0734375 0.23984375 0.146875
1 0.68203125 0.12265625 0.2 0.13359375
1 0.4734375 0.065625 0.24375 0.13125
1 0.1328125 0.06171875 0.15546875 0.12265625
1 0.825 0.23515625 0.19765625 0.159375
1 0.45859375 0.21484375 0.1609375 0.1375
1 0.3203125 0.1109375 0.1296875 0.16640625
1 0.10859375 0.2140625 0.2171875 0.140625
1 0.01953125 0.11875 0.03828125 0.15390625
1 0.10078125 0.37265625 0.1484375 0.1578125
1 0.3140625 0.28828125 0.14296875 0.1265625
1 0.309375 0.4671875 0.16328125 0.12265625
1 0.459375 0.38671875 0.2015625 0.1375
1 0.84921875 0.39296875 0.21953125 0.12421875
1 0.6453125 0.2875 0.11328125 0.15390625
1 0.98046875 0.13828125 0.03828125 0.13359375
1 0.97421875 0.3171875 0.0515625 0.14296875
1 0.9828125 0.4796875 0.034375 0.1375
1 0.81171875 0.55625 0.203125 0.115625
1 0.97734375 0.6265625 0.0453125 0.11875
1 0.80625 0.71484375 0.23984375 0.15546875
1 0.9703125 0.79609375 0.05859375 0.1703125
1 0.9796875 0.95546875 0.040625 0.0890625
1 0.453125 0.57265625 0.22890625 0.13515625
1 0.30859375 0.63203125 0.17421875 0.13359375
1 0.1 0.7078125 0.13359375 0.15
1 0.1078125 0.5578125 0.096875 0.128125
1 0.2984375 0.7984375 0.15546875 0.146875
1 0.81015625 0.8953125 0.19765625 0.13359375
1 0.64375 0.94375 0.15546875 0.11171875
1 0.6453125 0.8046875 0.1921875 0.1609375
1 0.43671875 0.89140625 0.16640625 0.13515625
1 0.09375 0.89140625 0.14296875 0.13203125