1 0.15390625 0.14453125 0.171875 0.1234375
1 0.359375 0.34296875 0.1359375 0.1
1 0.66875 0.7609375 0.1015625 0.096875
1 0.653125 0.046875 0.1234375 0.0796875
1 0.6703125 0.19609375 0.109375 0.0921875
1 0.47578125 0.54765625 0.096875 0.0984375
1 0.6734375 0.34609375 0.1546875 0.09375
1 0.953125 0.18828125 0.09375 0.071875
1 0.34609375 0.19375 0.0796875 0.090625
1 0.46640625 0.390625 0.1125 0.1046875
1 0.6890625 0.46953125 0.0890625 0.1
1 0.67265625 0.61953125 0.0921875 0.0890625
1 0.79921875 0.6828125 0.1203125 0.096875
1 0.95859375 0.47890625 0.0828125 0.090625
1 0.1578125 0.96953125 0.1546875 0.0609375
1 0.040625 0.76015625 0.08125 0.1046875
1 0.1671875 0.428125 0.0875 0.0921875
1 0.0390625 0.353125 0.078125 0.084375
1 0.1625 0.265625 0.11875 0.0859375
1 0.03671875 0.21328125 0.0734375 0.0828125
1 0.14375 0.54140625 0.0796875 0.08125
1 0.3578125 0.6234375 0.10625 0.08125
1 0.1625 0.69140625 0.096875 0.0890625
1 0.0484375 0.6390625 0.096875 0.0828125
1 0.33125 0.87890625 0.09375 0.075
1 0.4703125 0.259375 0.090625 0.059375