1 0.8203125 0.36328125 0.16015625 0.14375
1 0.4390625 0.38359375 0.17265625 0.11640625
1 0.6234375 0.1078125 0.17109375 0.11796875
1 0.82265625 0.03984375 0.20546875 0.0796875
1 0.459375 0.2 0.14375 0.1109375
1 0.25078125 0.1546875 0.178125 0.10703125
1 0.2953125 0.0328125 0.16171875 0.065625
1 0.08125 0.07265625 0.16171875 0.12734375
1 0.07734375 0.39375 0.1546875 0.1109375
1 0.06796875 0.571875 0.1359375 0.1125
1 0.465625 0.71796875 0.13671875 0.09453125
1 0.4390625 0.54609375 0.12734375 0.0984375
1 0.65390625 0.60390625 0.10546875 0.1
1 0.8203125 0.528125 0.13125 0.08203125
1 0.96171875 0.61796875 0.0765625 0.0875
1 0.97890625 0.4578125 0.0421875 0.10546875
1 0.9640625 0.275 0.071875 0.121875
1 0.984375 0.78984375 0.03125 0.09609375
1 0.97421875 0.95546875 0.05078125 0.0890625
1 0.83203125 0.98828125 0.13671875 0.0234375
1 0.65078125 0.9625 0.1421875 0.07421875
1 0.834375 0.86171875 0.090625 0.1
1 0.4703125 0.8921875 0.14765625 0.1109375
1 0.66015625 0.7703125 0.14375 0.1
1 0.28359375 0.8328125 0.14375 0.10703125
1 0.28828125 0.6734375 0.134375 0.10703125
1 0.28828125 0.96875 0.12890625 0.06171875
1 0.68984375 0.284375 0.11484375 0.08515625