1 0.9078125 0.9515625 0.184375 0.09609375
1 0.90625 0.834375 0.1875 0.1453125
1 0.90078125 0.6875 0.1984375 0.175
1 0.8953125 0.51796875 0.209375 0.17734375
1 0.91328125 0.21484375 0.15703125 0.1078125
1 0.596875 0.0921875 0.23125 0.184375
1 0.275 0.2421875 0.246875 0.17578125
1 0.07890625 0.21875 0.15703125 0.13984375
1 0.103125 0.0671875 0.20625 0.134375
1 0.4203125 0.04609375 0.2 0.0921875
1 0.42578125 0.1640625 0.20234375 0.13828125
1 0.61875 0.23046875 0.2921875 0.1921875
1 0.6171875 0.3890625 0.21484375 0.13828125
1 0.44453125 0.32265625 0.15 0.13984375
1 0.27890625 0.39453125 0.26015625 0.18046875
1 0.10390625 0.4796875 0.2078125 0.17265625
1 0.2953125 0.5515625 0.2125 0.17578125
1 0.61328125 0.54453125 0.23984375 0.17421875
1 0.65234375 0.7109375 0.228125 0.1234375
1 0.43515625 0.62421875 0.1671875 0.1453125
1 0.29140625 0.70859375 0.19921875 0.16875
1 0.43515625 0.778125 0.21484375 0.15546875
1 0.6171875 0.84296875 0.2671875 0.1828125
1 0.628125 0.94921875 0.2265625 0.1015625
1 0.4234375 0.92265625 0.215625 0.1546875
1 0.3 0.8625 0.2515625 0.16875
1 0.10859375 0.79609375 0.2171875 0.1703125
1 0.28359375 0.975 0.1703125 0.05
1 0.1046875 0.6375 0.209375 0.17421875