1 0.5578125 0.41640625 0.13984375 0.115625
1 0.7421875 0.3671875 0.15703125 0.09609375
1 0.2046875 0.73203125 0.13828125 0.1203125
1 0.58046875 0.8921875 0.16953125 0.12265625
1 0.375 0.8140625 0.1453125 0.1046875
1 0.55390625 0.71953125 0.1609375 0.11875
1 0.7296875 0.825 0.1609375 0.12265625
1 0.9234375 0.921875 0.153125 0.13125
1 0.91171875 0.75703125 0.1765625 0.12265625
1 0.93515625 0.60390625 0.1296875 0.11015625
1 0.56875 0.56171875 0.1625 0.1296875
1 0.2125 0.5703125 0.1640625 0.1171875
1 0.38203125 0.640625 0.15 0.12734375
1 0.2140625 0.9046875 0.16640625 0.11015625
1 0.38203125 0.96171875 0.134375 0.0765625
1 0.73359375 0.6765625 0.1640625 0.1
1 0.0375 0.7078125 0.075 0.1296875
1 0.05625 0.50859375 0.11171875 0.11875
1 0.06484375 0.32109375 0.1296875 0.14140625
1 0.0625 0.0421875 0.125 0.08125
1 0.203125 0.4171875 0.1171875 0.1046875
1 0.3734375 0.49375 0.15390625 0.11328125
1 0.3703125 0.35390625 0.15546875 0.12734375
1 0.225 0.2546875 0.15703125 0.12578125
1 0.37578125 0.1796875 0.15390625 0.11015625
1 0.225 0.09375 0.1203125 0.1015625
1 0.56484375 0.2515625 0.15234375 0.103125
1 0.571875 0.10078125 0.1296875 0.103125
1 0.3875 0.03046875 0.1453125 0.0609375
1 0.72734375 0.05234375 0.14296875 0.09609375
1 0.71953125 0.20390625 0.13125 0.11015625
1 0.90703125 0.28828125 0.11875 0.1046875
1 0.9140625 0.1328125 0.12734375 0.1046875
1 0.91796875 0.4453125 0.115625 0.10859375
1 0.7453125 0.96953125 0.134375 0.0609375