1 0.25625 0.02421875 0.2703125 0.0484375
1 0.0984375 0.1 0.16953125 0.2
1 0.58671875 0.046875 0.2703125 0.09375
1 0.75390625 0.1203125 0.2484375 0.16796875
1 0.41015625 0.1 0.1796875 0.134375
1 0.2453125 0.15 0.17109375 0.1328125
1 0.425 0.22578125 0.2234375 0.115625
1 0.2578125 0.296875 0.21328125 0.11875
1 0.10078125 0.37109375 0.2015625 0.1578125
1 0.928125 0.1671875 0.14375 0.1375
1 0.76328125 0.26328125 0.2234375 0.10234375
1 0.92265625 0.32578125 0.1546875 0.140625
1 0.60078125 0.33828125 0.16953125 0.1578125
1 0.76484375 0.4109375 0.14296875 0.15078125
1 0.41875 0.38125 0.15625 0.1578125
1 0.25 0.45390625 0.1140625 0.0859375
1 0.103125 0.5203125 0.19140625 0.11875
1 0.43046875 0.5453125 0.12109375 0.1140625
1 0.6015625 0.50234375 0.178125 0.12265625
1 0.7578125 0.56328125 0.12890625 0.12265625
1 0.92109375 0.47734375 0.1578125 0.14921875
1 0.26171875 0.5984375 0.1375 0.13125
1 0.42890625 0.68515625 0.15078125 0.12734375
1 0.60234375 0.65234375 0.14296875 0.1171875
1 0.9359375 0.640625 0.11875 0.090625
1 0.76640625 0.71875 0.17421875 0.15078125
1 0.6046875 0.79375 0.18828125 0.14765625
1 0.1109375 0.6703125 0.1359375 0.12109375
1 0.259375 0.75390625 0.12421875 0.13125
1 0.446875 0.86171875 0.1796875 0.178125
1 0.11796875 0.8328125 0.16640625 0.1359375
1 0.11171875 0.96953125 0.17265625 0.06015625
1 0.2640625 0.925 0.1328125 0.12578125
1 0.60390625 0.94453125 0.16796875 0.1109375
1 0.76875 0.8734375 0.1546875 0.1171875
1 0.9328125 0.93203125 0.134375 0.12265625
1 0.92734375 0.8109375 0.12109375 0.10078125