1 0.4796875 0.615625 0.11796875 0.10390625
1 0.66875 0.83046875 0.14765625 0.09375
1 0.6703125 0.6828125 0.1265625 0.08515625
1 0.675 0.5203125 0.0953125 0.08359375
1 0.2890625 0.8421875 0.14375 0.08671875
1 0.43203125 0.890625 0.10390625 0.10078125
1 0.12265625 0.73984375 0.1375 0.1078125
1 0.14296875 0.88515625 0.1390625 0.096875
1 0.16640625 0.58515625 0.14375 0.109375
1 0.3265625 0.51015625 0.1234375 0.1125
1 0.315625 0.3734375 0.125 0.10625
1 0.3203125 0.20625 0.11640625 0.09375
1 0.53046875 0.125 0.09921875 0.0921875
1 0.8375 0.4359375 0.13515625 0.1125
1 0.40703125 0.0296875 0.1546875 0.059375
1 0.02578125 0.046875 0.0515625 0.09375
1 0.0140625 0.18828125 0.028125 0.08828125
1 0.01796875 0.3421875 0.0359375 0.109375
1 0.021875 0.50859375 0.04375 0.10390625
1 0.83515625 0.76015625 0.1078125 0.090625
1 0.9609375 0.671875 0.078125 0.0765625
1 0.96796875 0.8375 0.0640625 0.078125
1 0.840625 0.59140625 0.10078125 0.08671875
1 0.98359375 0.3578125 0.0328125 0.08359375
1 0.828125 0.271875 0.13046875 0.0921875
1 0.6671875 0.19765625 0.10234375 0.0953125
1 0.82734375 0.13515625 0.1234375 0.090625
1 0.97734375 0.0671875 0.0453125 0.1125
1 0.67734375 0.046875 0.08671875 0.065625
1 0.3046875 0.66640625 0.121875 0.090625