1 0.121875 0.06328125 0.20625 0.1265625
1 0.6546875 0.09921875 0.24765625 0.1859375
1 0.4546875 0.171875 0.27265625 0.17265625
1 0.6671875 0.25078125 0.26953125 0.2046875
1 0.93125 0.10703125 0.1375 0.1921875
1 0.7984375 0.040625 0.234375 0.08125
1 0.325 0.03671875 0.26796875 0.0734375
1 0.61015625 0.01640625 0.21015625 0.0328125
1 0.01171875 0.109375 0.0234375 0.159375
1 0.13125 0.19453125 0.2625 0.21484375
1 0.94609375 0.2578125 0.1078125 0.15
1 0.02734375 0.47421875 0.0546875 0.11953125
1 0.02265625 0.61796875 0.0453125 0.1328125
1 0.02265625 0.32109375 0.0453125 0.1890625
1 0.13046875 0.49609375 0.22890625 0.15703125
1 0.14296875 0.3421875 0.19453125 0.16015625
1 0.3296875 0.2484375 0.17265625 0.1890625
1 0.465625 0.303125 0.1109375 0.09921875
1 0.32421875 0.4078125 0.17890625 0.13671875
1 0.92109375 0.403125 0.1578125 0.171875
1 0.13046875 0.65859375 0.20625 0.16875
1 0.32109375 0.56640625 0.23515625 0.21328125
1 0.478125 0.47421875 0.21015625 0.17421875
1 0.67421875 0.41484375 0.19296875 0.1453125
1 0.0125 0.796875 0.025 0.125
1 0.03046875 0.92734375 0.0609375 0.1421875
1 0.14453125 0.9375 0.21015625 0.12421875
1 0.13984375 0.8078125 0.203125 0.1640625
1 0.325 0.7234375 0.1828125 0.15859375
1 0.465625 0.63828125 0.17890625 0.19140625
1 0.66484375 0.565625 0.21328125 0.19296875
1 0.6703125 0.87421875 0.25234375 0.15546875
1 0.46875 0.93515625 0.2234375 0.1296875
1 0.3078125 0.878125 0.21640625 0.17578125
1 0.809375 0.33125 0.18125 0.1640625
1 0.8125 0.78828125 0.2953125 0.21015625
1 0.80546875 0.6265625 0.24765625 0.165625
1 0.94921875 0.53984375 0.1015625 0.1765625
1 0.94453125 0.703125 0.1109375 0.13984375
1 0.9359375 0.9546875 0.128125 0.090625
1 0.7953125 0.95078125 0.15 0.0984375
1 0.46875 0.78828125 0.1828125 0.12421875