1 0.52109375 0.38359375 0.1859375 0.16171875
1 0.87734375 0.3484375 0.24453125 0.16171875
1 0.06015625 0.26484375 0.1203125 0.20390625
1 0.059375 0.1015625 0.11875 0.17890625
1 0.1765625 0.0515625 0.21484375 0.103125
1 0.3625 0.1078125 0.26796875 0.196875
1 0.71640625 0.15703125 0.24609375 0.2125
1 0.86953125 0.18828125 0.2609375 0.2265625
1 0.3609375 0.265625 0.2484375 0.21640625
1 0.5234375 0.19921875 0.221875 0.21953125
1 0.9703125 0.1984375 0.059375 0.2
1 0.97734375 0.53203125 0.0453125 0.1703125
1 0.8671875 0.52578125 0.17734375 0.14921875
1 0.68828125 0.46015625 0.265625 0.1828125
1 0.51875 0.53125 0.22890625 0.159375
1 0.36015625 0.584375 0.1828125 0.15234375
1 0.1765625 0.52890625 0.2078125 0.159375
1 0.05703125 0.57734375 0.11328125 0.21796875
1 0.05546875 0.74921875 0.1109375 0.2234375
1 0.17578125 0.6828125 0.1984375 0.1296875
1 0.5140625 0.8484375 0.18984375 0.1703125
1 0.346875 0.74921875 0.21796875 0.15625
1 0.3546875 0.90625 0.215625 0.1875
1 0.06328125 0.9171875 0.12578125 0.16484375
1 0.16015625 0.9328125 0.28515625 0.134375
1 0.671875 0.9796875 0.24453125 0.040625
1 0.86171875 0.94765625 0.20234375 0.1046875
1 0.9515625 0.8609375 0.096875 0.1375
1 0.9609375 0.7 0.078125 0.18046875
1 0.6921875 0.603125 0.159375 0.10625
1 0.53125 0.6734375 0.2390625 0.196875
1 0.8546875 0.82421875 0.21484375 0.1328125
1 0.6640625 0.8984375 0.18828125 0.1328125
1 0.7046875 0.76328125 0.21796875 0.12421875
1 0.8640625 0.6671875 0.2234375 0.159375
1 0.1640625 0.8109375 0.2 0.1421875