1 0.42109375 0.8546875 0.1859375 0.128125
1 0.1859375 0.46015625 0.15 0.1140625
1 0.184375 0.30859375 0.1515625 0.10078125
1 0.18984375 0.58359375 0.13203125 0.10078125
1 0.4 0.68828125 0.1296875 0.115625
1 0.2046875 0.75625 0.13203125 0.10625
1 0.1875 0.93984375 0.1296875 0.090625
1 0.74375 0.9828125 0.14453125 0.034375
1 0.7171875 0.85703125 0.128125 0.09765625
1 0.70234375 0.7109375 0.12265625 0.07421875
1 0.7109375 0.5328125 0.115625 0.07578125
1 0.725 0.36640625 0.12265625 0.11171875
1 0.5453125 0.1546875 0.0953125 0.07421875
1 0.384375 0.07421875 0.1046875 0.06484375
1 0.909375 0.284375 0.103125 0.06171875
1 0.89921875 0.6109375 0.1046875 0.07578125
1 0.903125 0.759375 0.0953125 0.08125
1 0.9078125 0.44765625 0.14765625 0.09921875
1 0.540625 0.265625 0.09375 0.07578125
1 0.50703125 0.41484375 0.1046875 0.08515625
1 0.73125 0.209375 0.103125 0.07578125
1 0.721875 0.0578125 0.09921875 0.071875
1 0.20390625 0.015625 0.14765625 0.03046875
1 0.3671875 0.478125 0.0953125 0.08828125
1 0.48671875 0.61796875 0.115625 0.08515625
1 0.38203125 0.98671875 0.0984375 0.0265625
1 0.5171875 0.015625 0.128125 0.03046875