1 0.203125 0.4625 0.159375 0.1140625
1 0.18125 0.1671875 0.14609375 0.09921875
1 0.4765625 0.75859375 0.12890625 0.10234375
1 0.4875 0.9046875 0.14296875 0.09375
1 0.040625 0.96953125 0.08046875 0.06015625
1 0.5265625 0.31015625 0.14609375 0.090625
1 0.67890625 0.36171875 0.15078125 0.09375
1 0.69765625 0.24296875 0.12265625 0.0921875
1 0.51875 0.1703125 0.12890625 0.10546875
1 0.33984375 0.12109375 0.12421875 0.10546875
1 0.51640625 0.47890625 0.12265625 0.0921875
1 0.203125 0.77265625 0.12734375 0.109375
1 0.28671875 0.96953125 0.14765625 0.06015625
1 0.178125 0.921875 0.109375 0.10078125
1 0.03046875 0.725 0.06015625 0.1140625
1 0.03046875 0.534375 0.06015625 0.10234375
1 0.028125 0.38828125 0.05625 0.0953125
1 0.02421875 0.24921875 0.0484375 0.0890625
1 0.0296875 0.09140625 0.05859375 0.10546875
1 0.17890625 0.04140625 0.12421875 0.08046875
1 0.53359375 0.03203125 0.140625 0.0640625
1 0.85390625 0.20546875 0.1390625 0.1125
1 0.86640625 0.33828125 0.16796875 0.0921875
1 0.828125 0.44375 0.14296875 0.09375
1 0.9625 0.61328125 0.075 0.1109375
1 0.8109375 0.95078125 0.109375 0.08203125
1 0.66640625 0.6703125 0.1109375 0.0734375
1 0.82109375 0.65 0.11875 0.08203125
1 0.71875 0.54140625 0.115625 0.0875
1 0.6953125 0.82734375 0.109375 0.0921875
1 0.96640625 0.78671875 0.0671875 0.10390625
1 0.8234375 0.828125 0.10390625 0.07578125
1 0.715625 0.1015625 0.12421875 0.09765625
1 0.84375 0.0578125 0.09765625 0.071875
1 0.18671875 0.30234375 0.14453125 0.08359375
1 0.34921875 0.378125 0.12265625 0.10078125
1 0.35 0.5390625 0.109375 0.08359375
1 0.18359375 0.61875 0.1375 0.0890625
1 0.325 0.703125 0.134375 0.12578125