1 0.51328125 0.67578125 0.2125 0.1390625
1 0.21328125 0.8265625 0.165625 0.140625
1 0.64609375 0.48515625 0.159375 0.11875
1 0.06328125 0.34921875 0.1265625 0.1078125
1 0.05859375 0.05703125 0.1171875 0.1140625
1 0.22421875 0.11328125 0.140625 0.090625
1 0.35390625 0.18828125 0.1671875 0.109375
1 0.19140625 0.259375 0.1921875 0.1015625
1 0.35625 0.321875 0.1515625 0.09375
1 0.20859375 0.40234375 0.128125 0.096875
1 0.52578125 0.12734375 0.15 0.10625
1 0.63828125 0.34765625 0.14375 0.1140625
1 0.84296875 0.41640625 0.1484375 0.128125
1 0.8359375 0.690625 0.1453125 0.121875
1 0.66953125 0.60234375 0.184375 0.1140625
1 0.68828125 0.7609375 0.1953125 0.109375
1 0.8375 0.11875 0.1203125 0.1171875
1 0.65703125 0.05390625 0.159375 0.1078125
1 0.32109375 0.053125 0.1359375 0.10625
1 0.67578125 0.18984375 0.16875 0.1125
1 0.515625 0.2640625 0.1296875 0.1265625
1 0.81015625 0.26796875 0.175 0.1015625
1 0.95859375 0.0625 0.0828125 0.1078125
1 0.95546875 0.2140625 0.0890625 0.090625
1 0.84296875 0.83984375 0.13125 0.1046875
1 0.6765625 0.90078125 0.1359375 0.0984375
1 0.51953125 0.82734375 0.128125 0.090625
1 0.33515625 0.73203125 0.1390625 0.103125
1 0.05625 0.61171875 0.1125 0.1140625
1 0.05546875 0.74609375 0.1109375 0.1140625
1 0.04609375 0.93046875 0.0921875 0.1125
1 0.35703125 0.9078125 0.1609375 0.1265625
1 0.20703125 0.9625 0.1390625 0.075
1 0.54296875 0.959375 0.1625 0.08125
1 0.81171875 0.96328125 0.1765625 0.0734375
1 0.94765625 0.496875 0.1046875 0.1109375
1 0.965625 0.63515625 0.06875 0.1125
1 0.959375 0.7734375 0.08125 0.10625
1 0.96953125 0.92890625 0.0609375 0.11875
1 0.95703125 0.3421875 0.0859375 0.115625
1 0.8109375 0.02421875 0.125 0.0484375