1 0.83984375 0.96171875 0.2359375 0.0765625
1 0.6234375 0.915625 0.146875 0.14296875
1 0.81953125 0.83125 0.2453125 0.14296875
1 0.62890625 0.75 0.16640625 0.16328125
1 0.46171875 0.83203125 0.13359375 0.1390625
1 0.28125 0.90078125 0.22890625 0.1578125
1 0.08125 0.81171875 0.128125 0.16640625
1 0.27734375 0.73984375 0.19765625 0.1171875
1 0.475 0.66328125 0.1578125 0.146875
1 0.95234375 0.7296875 0.0953125 0.13359375
1 0.81328125 0.66015625 0.1703125 0.14296875
1 0.95078125 0.5453125 0.0984375 0.18125
1 0.80703125 0.503125 0.15 0.12421875
1 0.61484375 0.40625 0.1796875 0.16328125
1 0.934375 0.3953125 0.13125 0.10625
1 0.79140625 0.3390625 0.13203125 0.14140625
1 0.9359375 0.240625 0.128125 0.16328125
1 0.8078125 0.16328125 0.15546875 0.18515625
1 0.94765625 0.078125 0.1046875 0.13359375
1 0.271875 0.55859375 0.1703125 0.17734375
1 0.09453125 0.65859375 0.18828125 0.15234375
1 0.27265625 0.40390625 0.221875 0.14140625
1 0.09296875 0.32578125 0.1859375 0.1671875
1 0.46171875 0.31875 0.13515625 0.128125
1 0.6171875 0.25078125 0.19609375 0.1078125
1 0.4484375 0.153125 0.2125 0.159375
1 0.10625 0.159375 0.2125 0.15
1 0.2609375 0.090625 0.18125 0.18125
1 0.0984375 0.03203125 0.196875 0.0640625
1 0.4484375 0.01796875 0.1375 0.0359375
1 0.79375 0.02890625 0.18125 0.0578125