1 0.7484375 0.44453125 0.1484375 0.10625
1 0.76875 0.16953125 0.1359375 0.0921875
1 0.49375 0.7203125 0.1203125 0.0953125
1 0.48359375 0.85625 0.1328125 0.0875
1 0.92890625 0.9421875 0.1328125 0.10625
1 0.446875 0.303125 0.1359375 0.084375
1 0.30546875 0.35078125 0.140625 0.0875
1 0.2875 0.240625 0.1140625 0.0859375
1 0.4546875 0.17265625 0.1203125 0.0984375
1 0.62109375 0.1265625 0.115625 0.0984375
1 0.45625 0.46015625 0.1140625 0.0859375
1 0.7484375 0.73359375 0.11875 0.1015625
1 0.6703125 0.94296875 0.1375 0.10625
1 0.771875 0.87265625 0.1015625 0.09375
1 0.93515625 0.68984375 0.1078125 0.10625
1 0.940625 0.5125 0.11875 0.0953125
1 0.94296875 0.37578125 0.1140625 0.0890625
1 0.94609375 0.24609375 0.1078125 0.0828125
1 0.94140625 0.1 0.1171875 0.0984375
1 0.77109375 0.05234375 0.115625 0.075
1 0.440625 0.04140625 0.13125 0.0640625
1 0.1421875 0.20546875 0.1296875 0.1046875
1 0.13046875 0.32890625 0.15625 0.0859375
1 0.16640625 0.42734375 0.1328125 0.0875
1 0.03828125 0.5859375 0.0765625 0.103125
1 0.46953125 0.9703125 0.1015625 0.059375
1 0.18203125 0.89921875 0.1015625 0.0765625
1 0.3171875 0.63828125 0.103125 0.06875
1 0.17265625 0.61953125 0.1109375 0.0765625
1 0.26796875 0.51796875 0.1078125 0.08125
1 0.28984375 0.784375 0.1015625 0.0859375
1 0.034375 0.746875 0.06875 0.096875
1 0.1703125 0.78515625 0.096875 0.0703125
1 0.27109375 0.10859375 0.115625 0.090625
1 0.1515625 0.06796875 0.090625 0.0671875
1 0.76328125 0.2953125 0.134375 0.078125
1 0.6125 0.36640625 0.1140625 0.09375
1 0.61171875 0.51640625 0.1015625 0.078125
1 0.76640625 0.590625 0.128125 0.0828125
1 0.63515625 0.66875 0.125 0.1171875