1 0.76328125 0.059375 0.23515625 0.11640625
1 0.9046875 0.1140625 0.146875 0.10625
1 0.55859375 0.13828125 0.1640625 0.1671875
1 0.41953125 0.0578125 0.23671875 0.1046875
1 0.08125 0.06953125 0.1625 0.125
1 0.2203125 0.14140625 0.13671875 0.1453125
1 0.40703125 0.23515625 0.146875 0.15234375
1 0.071875 0.21796875 0.1296875 0.1078125
1 0.21875 0.309375 0.165625 0.121875
1 0.08203125 0.375 0.11015625 0.13671875
1 0.21015625 0.4578125 0.15546875 0.13828125
1 0.41875 0.3765625 0.1453125 0.13359375
1 0.56171875 0.29296875 0.15390625 0.09609375
1 0.77421875 0.20625 0.19921875 0.13203125
1 0.8953125 0.26171875 0.1921875 0.13828125
1 0.74765625 0.3765625 0.19921875 0.1625
1 0.57109375 0.4421875 0.184375 0.15390625
1 0.4125 0.5375 0.21484375 0.1265625
1 0.2203125 0.6125 0.17421875 0.13515625
1 0.07265625 0.68046875 0.1453125 0.13828125
1 0.7546875 0.5296875 0.2453125 0.13203125
1 0.87734375 0.61328125 0.1671875 0.16875
1 0.73515625 0.68359375 0.22109375 0.14375
1 0.88984375 0.7828125 0.16015625 0.146875
1 0.7359375 0.8375 0.17578125 0.11015625
1 0.52890625 0.7421875 0.21640625 0.11484375
1 0.415625 0.8265625 0.17890625 0.0875
1 0.21640625 0.75390625 0.15390625 0.08984375
1 0.19140625 0.8734375 0.18046875 0.11796875
1 0.07265625 0.80234375 0.13515625 0.1015625
1 0.0625 0.93984375 0.11484375 0.1203125
1 0.37578125 0.9484375 0.17421875 0.103125
1 0.54375 0.89921875 0.16015625 0.09765625
1 0.55625 0.98515625 0.16875 0.0296875
1 0.74765625 0.95234375 0.184375 0.09453125
1 0.9015625 0.9125 0.125 0.09140625