1 0.71484375 0.93125 0.14765625 0.1109375
1 0.03046875 0.5890625 0.0609375 0.109375
1 0.04765625 0.7703125 0.09453125 0.11796875
1 0.17421875 0.51484375 0.178125 0.1203125
1 0.03671875 0.42109375 0.07265625 0.1328125
1 0.02421875 0.11953125 0.0484375 0.1296875
1 0.16640625 0.04140625 0.1640625 0.0828125
1 0.1671875 0.1875 0.1421875 0.11796875
1 0.334375 0.27578125 0.14765625 0.109375
1 0.33125 0.13203125 0.1546875 0.1203125
1 0.68671875 0.09453125 0.1421875 0.09296875
1 0.5125 0.20078125 0.13125 0.1015625
1 0.5078125 0.04375 0.1578125 0.0875
1 0.8734375 0.04296875 0.1546875 0.08515625
1 0.87421875 0.1765625 0.1421875 0.11796875
1 0.9796875 0.2765625 0.03984375 0.1234375
1 0.97265625 0.4296875 0.0546875 0.121875
1 0.7078125 0.265625 0.13984375 0.1125
1 0.5171875 0.37265625 0.18203125 0.11640625
1 0.15625 0.340625 0.1453125 0.10390625
1 0.33984375 0.44921875 0.13984375 0.08203125
1 0.3546875 0.61484375 0.12578125 0.09609375
1 0.5328125 0.53671875 0.15625 0.1
1 0.7203125 0.43671875 0.16875 0.1328125
1 0.70234375 0.6171875 0.165625 0.10546875
1 0.86875 0.52734375 0.13984375 0.11640625
1 0.8765625 0.6828125 0.165625 0.1234375
1 0.98359375 0.93515625 0.0328125 0.11796875
1 0.7109375 0.77734375 0.16015625 0.10546875
1 0.5421875 0.6890625 0.12890625 0.09296875
1 0.36015625 0.7734375 0.14765625 0.09453125
1 0.184375 0.690625 0.121875 0.09609375
1 0.15703125 0.8328125 0.14375 0.10546875
1 0.3375 0.9328125 0.13984375 0.090625
1 0.5375 0.85546875 0.1453125 0.09296875
1 0.54296875 0.98203125 0.1984375 0.0359375
1 0.18828125 0.984375 0.16875 0.03125