1 0.60078125 0.23515625 0.2578125 0.1703125
1 0.1390625 0.88359375 0.1984375 0.1578125
1 0.615625 0.92578125 0.2546875 0.134375
1 0.62265625 0.78828125 0.28125 0.1921875
1 0.9078125 0.91796875 0.184375 0.1640625
1 0.91015625 0.7890625 0.1796875 0.1546875
1 0.13046875 0.7453125 0.1921875 0.1359375
1 0.31015625 0.67578125 0.184375 0.146875
1 0.621875 0.64765625 0.175 0.1515625
1 0.79609375 0.725 0.1875 0.1515625
1 0.909375 0.64765625 0.18125 0.15
1 0.78359375 0.43515625 0.265625 0.2
1 0.7640625 0.56171875 0.1828125 0.10625
1 0.91640625 0.5015625 0.1671875 0.1328125
1 0.9125 0.33984375 0.175 0.1640625
1 0.43828125 0.58515625 0.1859375 0.1453125
1 0.303125 0.3859375 0.225 0.1609375
1 0.3 0.1 0.178125 0.1734375
1 0.603125 0.078125 0.2359375 0.15625
1 0.76015625 0.05234375 0.203125 0.1046875
1 0.14921875 0.04453125 0.1671875 0.0890625
1 0.04921875 0.11015625 0.0984375 0.159375
1 0.1390625 0.3140625 0.2046875 0.178125
1 0.29609375 0.2515625 0.2421875 0.1484375
1 0.43671875 0.3078125 0.2125 0.18125
1 0.14921875 0.59375 0.2078125 0.18125
1 0.30078125 0.5296875 0.196875 0.15
1 0.1546875 0.44375 0.2 0.1359375
1 0.43984375 0.45078125 0.228125 0.14375
1 0.89765625 0.2140625 0.2046875 0.1703125
1 0.03359375 0.66875 0.0671875 0.140625
1 0.0328125 0.53125 0.065625 0.134375