1 0.15078125 0.26328125 0.1859375 0.1453125
1 0.5984375 0.5015625 0.184375 0.1890625
1 0.2578125 0.58671875 0.1921875 0.134375
1 0.64296875 0.171875 0.203125 0.1703125
1 0.3375 0.31875 0.2375 0.175
1 0.7625 0.48046875 0.1796875 0.1359375
1 0.77578125 0.3828125 0.190625 0.1484375
1 0.4640625 0.3859375 0.1390625 0.1578125
1 0.621875 0.31484375 0.1609375 0.15
1 0.03671875 0.0578125 0.0734375 0.115625
1 0.02890625 0.1859375 0.0578125 0.1359375
1 0.915625 0.07265625 0.16875 0.1453125
1 0.9171875 0.21484375 0.165625 0.1359375
1 0.63515625 0.63515625 0.1296875 0.1109375
1 0.9265625 0.65703125 0.146875 0.153125
1 0.4765625 0.70078125 0.196875 0.1640625
1 0.0546875 0.76171875 0.109375 0.146875
1 0.075 0.61875 0.15 0.115625
1 0.16796875 0.5 0.1640625 0.11875
1 0.17734375 0.971875 0.159375 0.05625
1 0.346875 0.90625 0.18125 0.125
1 0.0546875 0.8984375 0.109375 0.14375
1 0.1796875 0.69765625 0.1765625 0.1015625
1 0.421875 0.525 0.1734375 0.175
1 0.33359375 0.43671875 0.1859375 0.1359375
1 0.15859375 0.38828125 0.1375 0.0984375
1 0.3359375 0.171875 0.1953125 0.121875
1 0.4578125 0.2328125 0.1453125 0.159375
1 0.4546875 0.0953125 0.18125 0.1171875
1 0.9625 0.34296875 0.075 0.1203125
1 0.93828125 0.484375 0.1234375 0.1296875
1 0.784375 0.57109375 0.1609375 0.1125
1 0.78125 0.70703125 0.1453125 0.1140625
1 0.63125 0.7671875 0.16875 0.109375
1 0.928125 0.784375 0.14375 0.1171875
1 0.921875 0.93828125 0.15625 0.1203125
1 0.640625 0.9 0.1484375 0.1328125
1 0.48046875 0.846875 0.1171875 0.1046875
1 0.35546875 0.7828125 0.15625 0.10625
1 0.32734375 0.0625 0.1625 0.1015625
1 0.6390625 0.03984375 0.2125 0.0796875
1 0.7953125 0.853125 0.1984375 0.15625
1 0.78515625 0.9609375 0.1734375 0.078125
1 0.19453125 0.82734375 0.18125 0.146875
1 0.35390625 0.63359375 0.1359375 0.1125