1 0.0484375 0.01875 0.096875 0.0375
1 0.22109375 0.17578125 0.17109375 0.109375
1 0.39296875 0.4109375 0.13984375 0.1109375
1 0.88046875 0.18984375 0.14296875 0.12265625
1 0.703125 0.01484375 0.1640625 0.0296875
1 0.3828125 0.1234375 0.153125 0.103125
1 0.21796875 0.04921875 0.1609375 0.08671875
1 0.8765625 0.32421875 0.153125 0.09765625
1 0.89140625 0.471875 0.1625 0.128125
1 0.68125 0.4078125 0.11953125 0.08671875
1 0.7015625 0.2640625 0.14296875 0.075
1 0.55703125 0.175 0.128125 0.08984375
1 0.70625 0.12578125 0.15625 0.12109375
1 0.8828125 0.05390625 0.1609375 0.1078125
1 0.88046875 0.6203125 0.14765625 0.11328125
1 0.7015625 0.72890625 0.14453125 0.1265625
1 0.3921875 0.5765625 0.1546875 0.1046875
1 0.5453125 0.4953125 0.11328125 0.09609375
1 0.07734375 0.3984375 0.1546875 0.11640625
1 0.2109375 0.490625 0.14140625 0.12109375
1 0.07734375 0.57734375 0.1546875 0.1375
1 0.084375 0.8734375 0.14921875 0.12421875
1 0.21328125 0.7546875 0.1078125 0.08984375
1 0.7078125 0.85625 0.1328125 0.10625
1 0.5375 0.63515625 0.11328125 0.1015625
1 0.89296875 0.76171875 0.1625 0.103125
1 0.9125 0.91796875 0.14453125 0.1078125
1 0.54453125 0.89375 0.14765625 0.1265625
1 0.39296875 0.82421875 0.1359375 0.109375
1 0.540625 0.75078125 0.1359375 0.103125
1 0.3921875 0.7 0.128125 0.09609375
1 0.2140625 0.64140625 0.1328125 0.103125
1 0.21484375 0.965625 0.1375 0.06796875
1 0.728125 0.9609375 0.14453125 0.078125