1 0.21328125 0.740625 0.1859375 0.12265625
1 0.74765625 0.37890625 0.1765625 0.13203125
1 0.5515625 0.28046875 0.11875 0.09921875
1 0.20546875 0.2375 0.14453125 0.09375
1 0.35859375 0.05234375 0.20390625 0.1046875
1 0.91796875 0.15078125 0.1640625 0.10625
1 0.40859375 0.83125 0.18203125 0.1265625
1 0.74453125 0.87421875 0.20234375 0.13359375
1 0.40234375 0.971875 0.15859375 0.05625
1 0.93203125 0.95390625 0.13515625 0.0921875
1 0.934375 0.803125 0.13125 0.14375
1 0.221875 0.903125 0.1625 0.11875
1 0.05703125 0.8203125 0.1140625 0.1390625
1 0.053125 0.96484375 0.10625 0.0703125
1 0.75234375 0.553125 0.20390625 0.14765625
1 0.428125 0.6796875 0.15546875 0.10859375
1 0.74765625 0.7171875 0.153125 0.115625
1 0.93671875 0.49375 0.1265625 0.13203125
1 0.90859375 0.303125 0.16640625 0.10859375
1 0.75078125 0.06953125 0.11875 0.1171875
1 0.92265625 0.02734375 0.1515625 0.05390625
1 0.74765625 0.20390625 0.14765625 0.10625
1 0.37109375 0.4953125 0.15703125 0.128125
1 0.56328125 0.42578125 0.153125 0.12109375
1 0.5703125 0.60546875 0.1375 0.1140625
1 0.5703125 0.765625 0.13203125 0.10859375
1 0.57421875 0.909375 0.09921875 0.07421875
1 0.77734375 0.9890625 0.1171875 0.021875
1 0.06328125 0.63828125 0.1265625 0.10625
1 0.05703125 0.47578125 0.1140625 0.11015625
1 0.05703125 0.32734375 0.1140625 0.09921875
1 0.05078125 0.19296875 0.10078125 0.090625
1 0.075 0.05546875 0.146875 0.1109375
1 0.21875 0.41640625 0.1265625 0.13515625
1 0.21953125 0.5875 0.14296875 0.1140625
1 0.3828125 0.3453125 0.16640625 0.12421875
1 0.37734375 0.19140625 0.16953125 0.11875
1 0.55625 0.1515625 0.16796875 0.11015625