1 0.74296875 0.20078125 0.184375 0.1359375
1 0.40546875 0.14296875 0.190625 0.125
1 0.571875 0.346875 0.134375 0.125
1 0.8859375 0.575 0.1265625 0.1140625
1 0.875 0.43984375 0.140625 0.109375
1 0.88046875 0.30625 0.1515625 0.09375
1 0.41328125 0.3 0.140625 0.09375
1 0.27734375 0.2234375 0.1546875 0.0921875
1 0.6046875 0.54140625 0.140625 0.121875
1 0.4046875 0.56953125 0.11875 0.0859375
1 0.58828125 0.87421875 0.11875 0.0796875
1 0.74453125 0.4015625 0.1296875 0.1046875
1 0.73515625 0.52890625 0.14375 0.1015625
1 0.7234375 0.66953125 0.125 0.1046875
1 0.70234375 0.096875 0.13125 0.1140625
1 0.146875 0.165625 0.146875 0.090625
1 0.134375 0.32109375 0.18125 0.10625
1 0.43515625 0.446875 0.0984375 0.0890625
1 0.725 0.80390625 0.1171875 0.1046875
1 0.953125 0.7921875 0.09375 0.0921875
1 0.8640625 0.840625 0.109375 0.1015625
1 0.58046875 0.7234375 0.1453125 0.078125
1 0.58203125 0.7953125 0.1484375 0.075
1 0.575 0.63984375 0.1234375 0.078125
1 0.3171875 0.490625 0.121875 0.1046875
1 0.9171875 0.6765625 0.1515625 0.1140625
1 0.9703125 0.11015625 0.059375 0.1078125
1 0.15546875 0.45625 0.1265625 0.1
1 0.134375 0.58671875 0.128125 0.0984375
1 0.30703125 0.675 0.1375 0.10625
1 0.30703125 0.7890625 0.1265625 0.0953125
1 0.14375 0.725 0.1453125 0.1046875
1 0.12890625 0.9 0.159375 0.11875