1 0.79765625 0.3953125 0.1640625 0.11796875
1 0.8203125 0.090625 0.15078125 0.10234375
1 0.515625 0.70078125 0.13359375 0.10546875
1 0.5046875 0.8515625 0.146875 0.096875
1 0.96171875 0.94375 0.07578125 0.1125
1 0.46328125 0.2390625 0.15078125 0.09375
1 0.30703125 0.29140625 0.15546875 0.096875
1 0.2875 0.16953125 0.1265625 0.0953125
1 0.47265625 0.09453125 0.13359375 0.109375
1 0.65546875 0.0484375 0.128125 0.096875
1 0.47421875 0.4125 0.1265625 0.0953125
1 0.79765625 0.715625 0.13125 0.1125
1 0.7109375 0.94375 0.15234375 0.1125
1 0.8234375 0.86953125 0.1125 0.10390625
1 0.971875 0.665625 0.05625 0.11875
1 0.971875 0.46875 0.05625 0.10625
1 0.975 0.31953125 0.05 0.0984375
1 0.978125 0.17578125 0.04296875 0.09140625
1 0.97265625 0.03359375 0.0546875 0.0671875
1 0.1265625 0.13046875 0.14375 0.115625
1 0.11328125 0.2671875 0.17265625 0.0953125
1 0.153125 0.3765625 0.146875 0.096875
1 0.0265625 0.55078125 0.053125 0.1140625
1 0.4890625 0.971875 0.1125 0.05625
1 0.1703125 0.8984375 0.1125 0.08515625
1 0.3203125 0.61015625 0.1140625 0.07578125
1 0.16015625 0.5890625 0.12265625 0.08515625
1 0.265625 0.4765625 0.11953125 0.08984375
1 0.28984375 0.771875 0.1125 0.0953125
1 0.02265625 0.73046875 0.0453125 0.10703125
1 0.1578125 0.77265625 0.10703125 0.078125
1 0.26796875 0.03671875 0.128125 0.07265625
1 0.13671875 0.0078125 0.1 0.015625
1 0.8140625 0.23046875 0.1484375 0.08671875
1 0.646875 0.30859375 0.1265625 0.10390625
1 0.64609375 0.475 0.1125 0.08671875
1 0.8171875 0.55703125 0.1421875 0.09140625
1 0.671875 0.64375 0.13828125 0.1296875