1 0.925 0.85390625 0.15 0.0921875
1 0.625 0.678125 0.1109375 0.0890625
1 0.7953125 0.77578125 0.1453125 0.0875
1 0.63203125 0.84921875 0.16875 0.0859375
1 0.17421875 0.840625 0.1359375 0.11875
1 0.3421875 0.80078125 0.1234375 0.084375
1 0.471875 0.74140625 0.128125 0.0890625
1 0.34375 0.66796875 0.103125 0.0921875
1 0.17421875 0.71484375 0.153125 0.090625
1 0.19140625 0.58125 0.1234375 0.096875
1 0.18671875 0.428125 0.1140625 0.1015625
1 0.03203125 0.51484375 0.0640625 0.1078125
1 0.16171875 0.2984375 0.121875 0.084375
1 0.76171875 0.21171875 0.1203125 0.0859375
1 0.778125 0.35078125 0.115625 0.078125
1 0.7703125 0.48828125 0.1265625 0.1125
1 0.78671875 0.6609375 0.121875 0.1078125
1 0.94375 0.71953125 0.1125 0.1015625
1 0.93671875 0.5828125 0.1203125 0.0828125
1 0.934375 0.428125 0.13125 0.1015625
1 0.93671875 0.2765625 0.1203125 0.084375
1 0.92421875 0.16484375 0.10625 0.0765625
1 0.778125 0.06953125 0.1046875 0.0859375
1 0.61875 0.2234375 0.128125 0.10625
1 0.609375 0.39140625 0.1453125 0.1
1 0.62734375 0.54296875 0.13125 0.0953125
1 0.46171875 0.60234375 0.125 0.08125
1 0.48515625 0.4859375 0.1375 0.0953125
1 0.4609375 0.3328125 0.1234375 0.084375
1 0.3125 0.39296875 0.121875 0.0984375
1 0.34140625 0.55 0.1171875 0.096875
1 0.31875 0.25078125 0.11875 0.0765625
1 0.45859375 0.21640625 0.1140625 0.0859375
1 0.153125 0.1640625 0.1484375 0.096875
1 0.3328125 0.11484375 0.1125 0.0875
1 0.46953125 0.06328125 0.140625 0.10625
1 0.16875 0.04140625 0.1484375 0.0828125
1 0.03515625 0.259375 0.0703125 0.09375
1 0.1828125 0.515625 0.121875 0.0875
1 0.309375 0.9671875 0.1375 0.065625
1 0.60234375 0.0828125 0.134375 0.084375