1 0.42890625 0.84921875 0.1453125 0.11875
1 0.725 0.6921875 0.121875 0.115625
1 0.57734375 0.75078125 0.1625 0.103125
1 0.72890625 0.84453125 0.11875 0.0921875
1 0.59140625 0.91875 0.1453125 0.0890625
1 0.9015625 0.77578125 0.15625 0.09375
1 0.90234375 0.93125 0.1375 0.1109375
1 0.1234375 0.8375 0.159375 0.0953125
1 0.28828125 0.778125 0.1546875 0.103125
1 0.11796875 0.71015625 0.14375 0.09375
1 0.1109375 0.9375 0.10625 0.0875
1 0.4203125 0.9703125 0.1125 0.059375
1 0.72890625 0.96640625 0.1234375 0.0671875
1 0.72578125 0.38125 0.0984375 0.0875
1 0.90859375 0.46484375 0.134375 0.0921875
1 0.59453125 0.47578125 0.1578125 0.0796875
1 0.4375 0.5609375 0.11875 0.0890625
1 0.5953125 0.6078125 0.1375 0.0734375
1 0.43125 0.69921875 0.1171875 0.0796875
1 0.26796875 0.63515625 0.125 0.078125
1 0.11015625 0.55703125 0.1125 0.0765625
1 0.26484375 0.4921875 0.11875 0.078125
1 0.10703125 0.41328125 0.128125 0.09375
1 0.09375 0.28203125 0.10625 0.0703125
1 0.25859375 0.35 0.121875 0.0953125
1 0.425 0.409375 0.14375 0.0890625
1 0.43125 0.26875 0.121875 0.0828125
1 0.58984375 0.3171875 0.1296875 0.090625
1 0.5890625 0.1625 0.125 0.09375
1 0.71796875 0.18984375 0.109375 0.096875
1 0.43203125 0.121875 0.1453125 0.096875
1 0.271875 0.2078125 0.1390625 0.1171875
1 0.10625 0.10703125 0.1640625 0.1203125
1 0.28125 0.0859375 0.1296875 0.0921875
1 0.86953125 0.0546875 0.1203125 0.096875
1 0.72578125 0.1046875 0.10625 0.090625
1 0.8546875 0.17578125 0.1 0.09375