1 0.440625 0.5234375 0.125 0.103125
1 0.27578125 0.5671875 0.140625 0.0859375
1 0.75625 0.24140625 0.1234375 0.1078125
1 0.4203125 0.09765625 0.1515625 0.109375
1 0.60390625 0.16796875 0.1296875 0.09375
1 0.44375 0.25234375 0.14375 0.10625
1 0.28671875 0.1578125 0.14375 0.109375
1 0.10859375 0.071875 0.1484375 0.1171875
1 0.1203125 0.21875 0.1671875 0.109375
1 0.0953125 0.35546875 0.1328125 0.0984375
1 0.43046875 0.39296875 0.1453125 0.115625
1 0.74921875 0.3859375 0.146875 0.1046875
1 0.59765625 0.32265625 0.134375 0.1140625
1 0.74765625 0.08671875 0.1484375 0.0984375
1 0.5984375 0.03515625 0.1203125 0.0703125
1 0.28359375 0.290625 0.146875 0.0890625
1 0.9359375 0.26328125 0.128125 0.115625
1 0.90390625 0.44140625 0.1296875 0.10625
1 0.8984375 0.609375 0.15 0.1265625
1 0.89765625 0.8734375 0.1390625 0.1015625
1 0.7578125 0.52265625 0.1046875 0.09375
1 0.60546875 0.45390625 0.1375 0.1015625
1 0.6078125 0.57890625 0.1390625 0.1140625
1 0.73828125 0.66796875 0.140625 0.1125
1 0.603125 0.734375 0.1375 0.0984375
1 0.73828125 0.81171875 0.1078125 0.090625
1 0.75546875 0.9546875 0.121875 0.090625
1 0.434375 0.6703125 0.1359375 0.0921875
1 0.428125 0.80546875 0.115625 0.0921875
1 0.59296875 0.88828125 0.1296875 0.09375
1 0.4421875 0.94296875 0.1359375 0.1078125
1 0.2890625 0.8484375 0.128125 0.0859375
1 0.29609375 0.71328125 0.1171875 0.0984375
1 0.128125 0.6375 0.10625 0.09375
1 0.13203125 0.93359375 0.1390625 0.0890625
1 0.121875 0.7765625 0.1140625 0.09375
1 0.11875 0.49765625 0.103125 0.096875
1 0.27265625 0.028125 0.1203125 0.05625