1 0.328125 0.64296875 0.134375 0.115625
1 0.8734375 0.6859375 0.16875 0.08359375
1 0.87734375 0.51953125 0.19140625 0.12421875
1 0.86171875 0.365625 0.18046875 0.1203125
1 0.8421875 0.209375 0.13984375 0.08515625
1 0.865625 0.053125 0.16640625 0.10625
1 0.659375 0.140625 0.1328125 0.09765625
1 0.5078125 0.33671875 0.1421875 0.10625
1 0.65390625 0.46328125 0.1421875 0.09765625
1 0.4921875 0.5390625 0.13671875 0.08359375
1 0.65546875 0.61015625 0.134375 0.0765625
1 0.5265625 0.84921875 0.159375 0.1046875
1 0.5203125 0.9625 0.16171875 0.07421875
1 0.29609375 0.9484375 0.12421875 0.103125
1 0.03515625 0.94296875 0.0703125 0.0984375
1 0.14921875 0.384375 0.15390625 0.115625
1 0.02890625 0.31875 0.0578125 0.096875
1 0.01875 0.1453125 0.0375 0.11328125
1 0.1703125 0.23203125 0.11875 0.08125
1 0.3265625 0.79453125 0.1328125 0.11171875
1 0.15859375 0.72109375 0.09921875 0.090625
1 0.0296875 0.796875 0.059375 0.115625
1 0.15703125 0.534375 0.12578125 0.09765625
1 0.0203125 0.48046875 0.040625 0.09609375
1 0.0203125 0.63046875 0.040625 0.09765625
1 0.4875 0.0515625 0.1203125 0.090625
1 0.28984375 0.14921875 0.11171875 0.090625