1 0.15625 0.03984375 0.2359375 0.0796875
1 0.4828125 0.03828125 0.221875 0.0765625
1 0.6734375 0.103125 0.1890625 0.1421875
1 0.83671875 0.02890625 0.246875 0.05703125
1 0.32890625 0.25 0.28828125 0.2015625
1 0.68984375 0.246875 0.221875 0.1234375
1 0.9484375 0.23203125 0.10234375 0.140625
1 0.965625 0.08984375 0.06875 0.1453125
1 0.02421875 0.18125 0.0484375 0.16171875
1 0.03203125 0.3375 0.0640625 0.171875
1 0.0171875 0.05625 0.034375 0.1125
1 0.165625 0.31796875 0.16484375 0.175
1 0.1921875 0.490625 0.153125 0.18046875
1 0.03828125 0.478125 0.0765625 0.1578125
1 0.32890625 0.415625 0.1734375 0.13515625
1 0.4984375 0.2921875 0.1421875 0.14609375
1 0.68203125 0.4 0.184375 0.1265625
1 0.8484375 0.45859375 0.1375 0.16328125
1 0.975 0.40078125 0.05 0.125
1 0.4953125 0.46875 0.153125 0.125
1 0.68828125 0.534375 0.20859375 0.1234375
1 0.965625 0.5546875 0.06875 0.15625
1 0.853125 0.62578125 0.1375 0.1421875
1 0.49765625 0.61640625 0.19453125 0.1390625
1 0.0265625 0.6453125 0.053125 0.15
1 0.1859375 0.63046875 0.19296875 0.14375
1 0.34296875 0.6875 0.1578125 0.153125
1 0.51796875 0.77890625 0.184375 0.13203125
1 0.69765625 0.684375 0.1734375 0.1390625
1 0.7 0.8328125 0.1421875 0.109375
1 0.18828125 0.8015625 0.21015625 0.13046875
1 0.353125 0.85 0.13046875 0.14921875
1 0.85703125 0.92578125 0.1671875 0.1484375
1 0.51328125 0.93125 0.16171875 0.1265625
1 0.67890625 0.965625 0.1796875 0.06875
1 0.353125 0.9796875 0.17890625 0.03984375