1 0.05859375 0.86015625 0.1171875 0.1546875
1 0.0609375 0.5796875 0.121875 0.14609375
1 0.04765625 0.41875 0.0953125 0.1390625
1 0.19375 0.35703125 0.16640625 0.1125
1 0.3671875 0.1140625 0.16875 0.1078125
1 0.03828125 0.128125 0.0765625 0.10390625
1 0.40078125 0.32890625 0.159375 0.10390625
1 0.16640625 0.13828125 0.14921875 0.125
1 0.196875 0.49453125 0.14765625 0.1109375
1 0.0359375 0.2578125 0.07109375 0.1125
1 0.3859375 0.225 0.17734375 0.11484375
1 0.36796875 0.528125 0.1890625 0.13203125
1 0.871875 0.59453125 0.13515625 0.11484375
1 0.7125 0.5125 0.1734375 0.128125
1 0.69296875 0.3703125 0.16484375 0.1125
1 0.56171875 0.63046875 0.1390625 0.08671875
1 0.378125 0.6984375 0.15078125 0.1125
1 0.371875 0.86953125 0.17734375 0.090625
1 0.5578125 0.7765625 0.1578125 0.10625
1 0.7140625 0.671875 0.1390625 0.1234375
1 0.72109375 0.84140625 0.15625 0.11796875
1 0.565625 0.93515625 0.14765625 0.10390625
1 0.89609375 0.915625 0.14765625 0.121875
1 0.72578125 0.97578125 0.14921875 0.0484375
1 0.875 0.42734375 0.14765625 0.121875
1 0.3921875 0.97578125 0.13515625 0.0484375
1 0.54609375 0.29609375 0.140625 0.11796875
1 0.53203125 0.453125 0.1390625 0.090625