1 0.484375 0.63046875 0.24453125 0.16015625
1 0.8296875 0.80390625 0.190625 0.16171875
1 0.33203125 0.4109375 0.18359375 0.13671875
1 0.96484375 0.2546875 0.0703125 0.12421875
1 0.81796875 0.0171875 0.16171875 0.034375
1 0.66796875 0.06953125 0.1921875 0.12578125
1 0.85546875 0.15078125 0.22109375 0.1171875
1 0.665625 0.22265625 0.17421875 0.1078125
1 0.83515625 0.315625 0.14765625 0.11171875
1 0.47109375 0.0296875 0.17265625 0.059375
1 0.340625 0.25234375 0.165625 0.13125
1 0.10546875 0.33203125 0.17109375 0.14765625
1 0.11328125 0.64765625 0.1671875 0.140625
1 0.3046875 0.54609375 0.2125 0.13125
1 0.28359375 0.728125 0.225 0.12578125
1 0.1125 0.028125 0.13828125 0.05546875
1 0.29765625 0.07109375 0.19453125 0.1296875
1 0.48203125 0.15625 0.14921875 0.1453125
1 0.14296875 0.1609375 0.2015625 0.1171875
1 0.0140625 0.09921875 0.028125 0.1046875
1 0.10546875 0.81953125 0.15078125 0.1203125
1 0.296875 0.8890625 0.15625 0.11328125
1 0.47734375 0.8046875 0.14765625 0.1046875
1 0.68984375 0.6953125 0.16015625 0.11875
1 0.97265625 0.55703125 0.05390625 0.13125
1 0.97421875 0.7109375 0.0515625 0.13125
1 0.984375 0.92265625 0.03046875 0.1296875
1 0.66484375 0.89765625 0.18515625 0.1453125
1 0.8375 0.95859375 0.16015625 0.0828125
1 0.4515625 0.9546875 0.18671875 0.08984375
1 0.14140625 0.959375 0.203125 0.08125
1 0.02265625 0.4234375 0.0453125 0.12734375
1 0.01171875 0.24609375 0.0234375 0.1328125