1 0.26640625 0.1359375 0.26796875 0.18203125
1 0.62265625 0.13046875 0.21953125 0.2015625
1 0.93828125 0.12734375 0.1234375 0.16953125
1 0.61953125 0.03359375 0.2484375 0.0671875
1 0.12578125 0.06875 0.23046875 0.1375
1 0.10625 0.2265625 0.2 0.16953125
1 0.26875 0.3 0.24296875 0.1734375
1 0.81015625 0.21875 0.24296875 0.20390625
1 0.8140625 0.0671875 0.2 0.13359375
1 0.4671875 0.0703125 0.21875 0.140625
1 0.47265625 0.2203125 0.19296875 0.18046875
1 0.81015625 0.37578125 0.20703125 0.15390625
1 0.9328125 0.45625 0.13359375 0.1984375
1 0.26796875 0.47578125 0.2765625 0.17890625
1 0.62421875 0.44609375 0.29609375 0.1734375
1 0.6171875 0.6203125 0.28359375 0.19140625
1 0.81875 0.70703125 0.2609375 0.21640625
1 0.93828125 0.77578125 0.1234375 0.19453125
1 0.10078125 0.37578125 0.2015625 0.18046875
1 0.1203125 0.55 0.240625 0.190625
1 0.2703125 0.02109375 0.196875 0.0421875
1 0.1015625 0.7203125 0.203125 0.175
1 0.2890625 0.62734375 0.2765625 0.1734375
1 0.2765625 0.7828125 0.2375 0.16796875
1 0.63359375 0.78359375 0.25 0.1640625
1 0.04921875 0.92421875 0.0984375 0.1515625
1 0.28046875 0.9265625 0.25 0.14609375
1 0.6375 0.93125 0.22890625 0.1375
1 0.82578125 0.95546875 0.25859375 0.0890625
1 0.81640625 0.54296875 0.19609375 0.16640625
1 0.46875 0.5546875 0.18203125 0.15546875
1 0.46171875 0.86875 0.22109375 0.17890625
1 0.940625 0.92578125 0.11875 0.1484375
1 0.12890625 0.9765625 0.2109375 0.04609375
1 0.46015625 0.3859375 0.1859375 0.175
1 0.49453125 0.96953125 0.2359375 0.0609375
1 0.12734375 0.87578125 0.18046875 0.11640625