1 0.48359375 0.184375 0.2703125 0.203125
1 0.778125 0.153125 0.2609375 0.18671875
1 0.44375 0.33203125 0.25078125 0.19453125
1 0.85234375 0.26484375 0.22109375 0.1515625
1 0.6203125 0.3859375 0.178125 0.15703125
1 0.79140625 0.41171875 0.27265625 0.18125
1 0.296875 0.534375 0.2296875 0.1765625
1 0.61171875 0.528125 0.2109375 0.14375
1 0.61484375 0.6734375 0.19453125 0.16171875
1 0.46796875 0.73046875 0.2609375 0.18515625
1 0.15703125 0.9125 0.25078125 0.16171875
1 0.46875 0.8875 0.203125 0.1421875
1 0.7890625 0.89140625 0.24921875 0.16328125
1 0.9296875 0.8234375 0.140625 0.18125
1 0.93203125 0.95390625 0.13515625 0.0921875
1 0.63203125 0.95546875 0.18515625 0.0890625
1 0.459375 0.9703125 0.209375 0.059375
1 0.30390625 0.95078125 0.1703125 0.0984375
1 0.1359375 0.75 0.24921875 0.1765625
1 0.30234375 0.81484375 0.19140625 0.14375
1 0.01640625 0.7796875 0.0328125 0.10390625
1 0.29609375 0.67265625 0.2109375 0.16484375
1 0.13828125 0.5921875 0.20625 0.146875
1 0.45859375 0.55078125 0.234375 0.178125
1 0.78203125 0.58828125 0.25390625 0.2
1 0.91328125 0.66171875 0.1734375 0.16484375
1 0.79296875 0.75234375 0.203125 0.146875
1 0.61953125 0.796875 0.16796875 0.12578125
1 0.11015625 0.42734375 0.2203125 0.1859375
1 0.15 0.27734375 0.2109375 0.18515625
1 0.6328125 0.0375 0.2125 0.07421875
1 0.20546875 0.0421875 0.209375 0.084375
1 0.04140625 0.18203125 0.0828125 0.16640625
1 0.03125 0.31796875 0.0625 0.13671875
1 0.02109375 0.50390625 0.0421875 0.1234375
1 0.4609375 0.03203125 0.16328125 0.0640625
1 0.37734375 0.071875 0.22265625 0.14375
1 0.940625 0.15078125 0.11875 0.15
1 0.021875 0.6375 0.04375 0.153125
1 0.04609375 0.0546875 0.0921875 0.10859375