1 0.89296875 0.015625 0.2140625 0.03125
1 0.61015625 0.01953125 0.2515625 0.0390625
1 0.41015625 0.05390625 0.1171875 0.09921875
1 0.26875 0.01875 0.178125 0.0375
1 0.1125 0.05390625 0.13828125 0.10703125
1 0.9125 0.13046875 0.1515625 0.13828125
1 0.76953125 0.1734375 0.18125 0.18828125
1 0.5796875 0.134375 0.1828125 0.15703125
1 0.4078125 0.2 0.12578125 0.12890625
1 0.2703125 0.1375 0.15 0.13203125
1 0.09765625 0.34453125 0.13828125 0.13828125
1 0.28125 0.296875 0.15 0.1203125
1 0.5671875 0.27578125 0.18828125 0.0890625
1 0.41796875 0.359375 0.140625 0.13671875
1 0.7234375 0.3375 0.16796875 0.12578125
1 0.56875 0.434375 0.1515625 0.1140625
1 0.94296875 0.2734375 0.1140625 0.13359375
1 0.896875 0.4203125 0.15 0.11875
1 0.7265625 0.5046875 0.16171875 0.13671875
1 0.89609375 0.5796875 0.1734375 0.12890625
1 0.54921875 0.57265625 0.15546875 0.12734375
1 0.4078125 0.50390625 0.13671875 0.10859375
1 0.2515625 0.415625 0.16171875 0.0859375
1 0.25625 0.55390625 0.13828125 0.1484375
1 0.0875 0.63359375 0.16796875 0.1828125
1 0.2421875 0.72890625 0.153125 0.13046875
1 0.41171875 0.64921875 0.1453125 0.13203125
1 0.715625 0.80625 0.13515625 0.15703125
1 0.4015625 0.7890625 0.18984375 0.121875
1 0.11875 0.775 0.1109375 0.09375
1 0.34296875 0.87109375 0.1796875 0.10703125
1 0.52890625 0.90078125 0.090625 0.09375
1 0.39609375 0.95859375 0.16171875 0.0828125
1 0.1703125 0.86953125 0.1453125 0.09609375
1 0.0859375 0.93046875 0.171875 0.13828125
1 0.246875 0.98203125 0.12734375 0.0359375
1 0.559375 0.9875 0.171875 0.025