1 0.70625 0.9546875 0.1671875 0.08984375
1 0.375 0.80390625 0.13125 0.10234375
1 0.88046875 0.9859375 0.1265625 0.028125
1 0.971875 0.9328125 0.05546875 0.11328125
1 0.978125 0.79140625 0.04296875 0.1046875
1 0.37734375 0.94296875 0.15078125 0.0953125
1 0.18828125 0.85703125 0.1453125 0.10234375
1 0.0453125 0.7640625 0.08984375 0.1078125
1 0.21015625 0.7046875 0.15625 0.1171875
1 0.0546875 0.60625 0.109375 0.12265625
1 0.040625 0.45625 0.08125 0.1203125
1 0.18671875 0.21171875 0.1671875 0.11875
1 0.5453125 0.0484375 0.1328125 0.096875
1 0.35546875 0.11875 0.14765625 0.109375
1 0.5421875 0.21640625 0.14375 0.1046875
1 0.715625 0.12734375 0.14765625 0.1171875
1 0.8828125 0.05859375 0.15859375 0.109375
1 0.87265625 0.2265625 0.14921875 0.0953125
1 0.8890625 0.3796875 0.19609375 0.09140625
1 0.88046875 0.528125 0.16328125 0.13671875
1 0.684375 0.78984375 0.11484375 0.10234375
1 0.8796875 0.7 0.1453125 0.08984375
1 0.70078125 0.6328125 0.15625 0.0953125
1 0.54765625 0.8765625 0.140625 0.10234375
1 0.2078125 0.98203125 0.14921875 0.0359375
1 0.03984375 0.934375 0.07890625 0.12421875
1 0.53828125 0.69296875 0.14765625 0.1046875
1 0.55546875 0.53984375 0.17421875 0.12734375
1 0.70859375 0.4625 0.15859375 0.09140625
1 0.55390625 0.39140625 0.153125 0.1046875
1 0.70234375 0.30234375 0.190625 0.12734375
1 0.6984375 0.01171875 0.14921875 0.0234375
1 0.3578125 0.01015625 0.140625 0.01953125
1 0.20625 0.06015625 0.12265625 0.07890625
1 0.034375 0.13515625 0.06796875 0.096875
1 0.18203125 0.38125 0.14765625 0.10078125
1 0.17890625 0.53046875 0.1328125 0.096875
1 0.3453125 0.596875 0.1421875 0.11171875
1 0.3640625 0.4625 0.140625 0.10078125
1 0.3734375 0.29765625 0.14765625 0.1171875