1 0.75 0.63359375 0.196875 0.12734375
1 0.14140625 0.64765625 0.20859375 0.1625
1 0.14140625 0.340625 0.17265625 0.13046875
1 0.6390625 0.1390625 0.18984375 0.13203125
1 0.62265625 0.29609375 0.13203125 0.10703125
1 0.43984375 0.3796875 0.15625 0.12734375
1 0.453125 0.84453125 0.12890625 0.121875
1 0.77890625 0.9359375 0.16640625 0.11015625
1 0.93125 0.81953125 0.12578125 0.10546875
1 0.50390625 0.95859375 0.11015625 0.0828125
1 0.9421875 0.95390625 0.115625 0.09140625
1 0.93671875 0.36328125 0.1265625 0.1109375
1 0.9453125 0.19375 0.109375 0.121875
1 0.8015625 0.08359375 0.12890625 0.1
1 0.3140625 0.1296875 0.15078125 0.115625
1 0.77421875 0.36328125 0.13359375 0.103125
1 0.8109375 0.48828125 0.10703125 0.09140625
1 0.94296875 0.49453125 0.096875 0.078125
1 0.62734375 0.4265625 0.11875 0.096875
1 0.8 0.2140625 0.1390625 0.10859375
1 0.48046875 0.49921875 0.13046875 0.084375
1 0.303125 0.58828125 0.12890625 0.1015625
1 0.48671875 0.64140625 0.11328125 0.0765625
1 0.30390625 0.7328125 0.11328125 0.07265625
1 0.61171875 0.74140625 0.1359375 0.0765625
1 0.71953125 0.77421875 0.140625 0.09453125
1 0.94375 0.64921875 0.11171875 0.10546875
1 0.15078125 0.4921875 0.0984375 0.09296875
1 0.321875 0.28984375 0.11875 0.10859375
1 0.30703125 0.4328125 0.11875 0.11015625
1 0.478125 0.19140625 0.12734375 0.10546875
1 0.1796875 0.2125 0.14375 0.11171875
1 0.14765625 0.06640625 0.1375 0.1