1 0.05390625 0.86953125 0.10703125 0.1515625
1 0.18515625 0.940625 0.15546875 0.09609375
1 0.3421875 0.86875 0.1421875 0.146875
1 0.49375 0.9515625 0.165625 0.096875
1 0.8203125 0.9453125 0.1515625 0.10859375
1 0.659375 0.88125 0.13046875 0.16328125
1 0.81875 0.8 0.13515625 0.10703125
1 0.66171875 0.715625 0.1703125 0.1421875
1 0.4921875 0.7984375 0.1515625 0.13828125
1 0.35 0.7203125 0.15 0.1453125
1 0.4921875 0.6390625 0.1703125 0.14375
1 0.6671875 0.565625 0.2015625 0.13671875
1 0.503125 0.49375 0.19296875 0.121875
1 0.36171875 0.57109375 0.18828125 0.13359375
1 0.05703125 0.7171875 0.1140625 0.1234375
1 0.17734375 0.64453125 0.140625 0.175
1 0.0484375 0.55703125 0.096875 0.1703125
1 0.05703125 0.40390625 0.1140625 0.12890625
1 0.3625 0.415625 0.19140625 0.12734375
1 0.1875 0.35078125 0.12890625 0.18671875
1 0.50859375 0.346875 0.1703125 0.12578125
1 0.3671875 0.27265625 0.2 0.13671875
1 0.3671875 0.15546875 0.2328125 0.12578125
1 0.05 0.26875 0.1 0.1125
1 0.17890625 0.21953125 0.13671875 0.1171875
1 0.059375 0.134375 0.11875 0.13046875
1 0.2078125 0.0734375 0.1515625 0.146875
1 0.0671875 0.02890625 0.13359375 0.0578125
1 0.8203125 0.0859375 0.1734375 0.13671875
1 0.9671875 0.028125 0.065625 0.05625
1 0.8140625 0.365625 0.203125 0.18515625
1 0.93828125 0.5828125 0.1234375 0.1421875
1 0.96015625 0.42578125 0.07890625 0.1515625
1 0.965625 0.2765625 0.06875 0.11875