1 0.23125 0.9484375 0.16015625 0.103125
1 0.540625 0.959375 0.16328125 0.08046875
1 0.76875 0.91953125 0.1546875 0.121875
1 0.54921875 0.82890625 0.14296875 0.13203125
1 0.23984375 0.68203125 0.16328125 0.14453125
1 0.0828125 0.60390625 0.14609375 0.121875
1 0.078125 0.76640625 0.1546875 0.1390625
1 0.5671875 0.6703125 0.16484375 0.12578125
1 0.4109375 0.60546875 0.14453125 0.11484375
1 0.40390625 0.74453125 0.1546875 0.09296875
1 0.24453125 0.81171875 0.14453125 0.09296875
1 0.07578125 0.896875 0.12734375 0.1046875
1 0.08359375 0.4390625 0.14296875 0.10859375
1 0.084375 0.29921875 0.16875 0.10625
1 0.0828125 0.1375 0.16015625 0.11171875
1 0.1203125 0.021875 0.1625 0.04375
1 0.934375 0.053125 0.13046875 0.10625
1 0.928125 0.20703125 0.14375 0.1140625
1 0.9328125 0.3484375 0.134375 0.11328125
1 0.78828125 0.46171875 0.1578125 0.10859375
1 0.78515625 0.29375 0.21171875 0.12890625
1 0.78359375 0.12890625 0.134375 0.1203125
1 0.25390625 0.20390625 0.1390625 0.1234375
1 0.2421875 0.359375 0.14453125 0.1234375
1 0.234375 0.528125 0.1546875 0.1234375
1 0.4375 0.4484375 0.190625 0.1203125
1 0.4390625 0.2921875 0.17734375 0.1171875
1 0.44921875 0.1359375 0.16171875 0.13046875
1 0.60078125 0.2171875 0.14453125 0.1234375
1 0.596875 0.36484375 0.14765625 0.1203125
1 0.58984375 0.5265625 0.16328125 0.12734375
1 0.74921875 0.7609375 0.1515625 0.121875
1 0.9203125 0.68671875 0.14765625 0.11484375
1 0.76953125 0.5984375 0.15625 0.11171875
1 0.91953125 0.525 0.1609375 0.11875
1 0.7828125 0.0078125 0.12578125 0.015625
1 0.609375 0.05234375 0.14296875 0.1046875
1 0.92734375 0.825 0.14296875 0.1234375
1 0.38828125 0.90234375 0.153125 0.12578125