1 0.65625 0.03203125 0.1296875 0.0640625
1 0.9546875 0.034375 0.090625 0.06875
1 0.09921875 0.0953125 0.16875 0.15390625
1 0.25703125 0.14296875 0.2015625 0.20859375
1 0.46796875 0.1 0.203125 0.17421875
1 0.659375 0.171875 0.1390625 0.14296875
1 0.81171875 0.103125 0.16640625 0.146875
1 0.96328125 0.33359375 0.0734375 0.15390625
1 0.79921875 0.28046875 0.16640625 0.13359375
1 0.4828125 0.25625 0.20859375 0.09921875
1 0.64765625 0.35 0.15546875 0.15234375
1 0.30859375 0.325 0.18671875 0.1390625
1 0.48046875 0.43203125 0.16875 0.1265625
1 0.0640625 0.25390625 0.128125 0.1484375
1 0.11640625 0.41640625 0.16640625 0.13203125
1 0.3046875 0.5109375 0.1796875 0.15234375
1 0.1171875 0.59453125 0.1921875 0.14296875
1 0.5015625 0.5859375 0.171875 0.14140625
1 0.659375 0.51015625 0.15234375 0.12109375
1 0.83203125 0.41171875 0.1796875 0.0953125
1 0.8265625 0.56484375 0.15390625 0.16484375
1 0.96015625 0.653125 0.0796875 0.203125
1 0.8421875 0.759375 0.1703125 0.14453125
1 0.6546875 0.67109375 0.1609375 0.146875
1 0.31796875 0.8453125 0.15 0.17421875
1 0.665625 0.82578125 0.2109375 0.13515625
1 0.95859375 0.81015625 0.08203125 0.1046875
1 0.73046875 0.91796875 0.2 0.11875
1 0.525 0.9484375 0.10078125 0.10234375
1 0.671875 0.984375 0.1796875 0.03125
1 0.92109375 0.915625 0.1578125 0.10625
1 0.96015625 0.953125 0.0796875 0.09375