1 0.5015625 0.35078125 0.1515625 0.1390625
1 0.50546875 0.6671875 0.15859375 0.12265625
1 0.17265625 0.25 0.1515625 0.115625
1 0.04765625 0.178125 0.0953125 0.14609375
1 0.03515625 0.346875 0.0703125 0.1515625
1 0.6625 0.79765625 0.21875 0.1265625
1 0.6265625 0.9484375 0.1734375 0.103125
1 0.86171875 0.87734375 0.20390625 0.1046875
1 0.884375 0.56796875 0.184375 0.1265625
1 0.64765625 0.1453125 0.17890625 0.115625
1 0.5078125 0.05078125 0.1609375 0.10078125
1 0.021875 0.0453125 0.04296875 0.090625
1 0.03359375 0.5265625 0.06640625 0.1140625
1 0.16796875 0.59296875 0.16640625 0.11875
1 0.3203125 0.8375 0.1765625 0.1046875
1 0.296875 0.63515625 0.1390625 0.13203125
1 0.2890625 0.47109375 0.15546875 0.0953125
1 0.13984375 0.434375 0.13515625 0.11015625
1 0.33125 0.33203125 0.1390625 0.1046875
1 0.3390625 0.1703125 0.13515625 0.10625
1 0.5 0.2265625 0.18203125 0.10859375
1 0.3296875 0.02734375 0.12421875 0.05390625
1 0.6796875 0.0328125 0.1609375 0.06484375
1 0.86484375 0.06171875 0.15546875 0.08828125
1 0.8640625 0.24296875 0.1765625 0.1296875
1 0.865625 0.721875 0.1609375 0.11015625
1 0.64453125 0.48828125 0.16796875 0.1046875
1 0.67109375 0.65078125 0.1375 0.10859375
1 0.66640625 0.32578125 0.15546875 0.13203125
1 0.0265625 0.68125 0.05234375 0.12109375
1 0.028125 0.8609375 0.05625 0.11171875
1 0.49375 0.8453125 0.15 0.11875
1 0.30390625 0.94296875 0.15 0.1140625
1 0.490625 0.51875 0.15546875 0.10859375