1 0.49296875 0.02421875 0.23125 0.0484375
1 0.9390625 0.07890625 0.121875 0.1578125
1 0.928125 0.23515625 0.14375 0.1484375
1 0.81171875 0.03515625 0.16796875 0.0703125
1 0.1546875 0.0390625 0.20625 0.078125
1 0.31484375 0.0875 0.17421875 0.1390625
1 0.14609375 0.15546875 0.1765625 0.1125
1 0.31640625 0.23203125 0.1859375 0.140625
1 0.115625 0.3046875 0.203125 0.12265625
1 0.6296875 0.22578125 0.19453125 0.12578125
1 0.46171875 0.3109375 0.15625 0.1578125
1 0.61875 0.384375 0.21484375 0.1328125
1 0.303125 0.39765625 0.15625 0.1375
1 0.11484375 0.46484375 0.19296875 0.1609375
1 0.46953125 0.46796875 0.1609375 0.14765625
1 0.26328125 0.54921875 0.184375 0.12890625
1 0.79296875 0.4671875 0.184375 0.1640625
1 0.94453125 0.59296875 0.1109375 0.109375
1 0.803125 0.621875 0.14921875 0.115625
1 0.61875 0.6859375 0.2046875 0.16796875
1 0.4484375 0.628125 0.14921875 0.12578125
1 0.31484375 0.69140625 0.1390625 0.14296875
1 0.1203125 0.7703125 0.16953125 0.159375
1 0.30625 0.85078125 0.1859375 0.14921875
1 0.58671875 0.84140625 0.1578125 0.140625
1 0.4484375 0.925 0.159375 0.14921875
1 0.30078125 0.971875 0.1890625 0.05625
1 0.77109375 0.91953125 0.2296875 0.1609375
1 0.91796875 0.8375 0.1640625 0.14453125