1 0.25078125 0.08125 0.1453125 0.134375
1 0.5328125 0.08046875 0.1484375 0.096875
1 0.73984375 0.128125 0.140625 0.1109375
1 0.53984375 0.21015625 0.1296875 0.1203125
1 0.25859375 0.34375 0.1484375 0.13125
1 0.115625 0.41484375 0.1328125 0.1109375
1 0.11171875 0.2671875 0.140625 0.1265625
1 0.55625 0.3546875 0.15 0.1140625
1 0.4140625 0.41328125 0.13125 0.1046875
1 0.4078125 0.28671875 0.140625 0.084375
1 0.26328125 0.22578125 0.13125 0.084375
1 0.109375 0.1484375 0.115625 0.0953125
1 0.11640625 0.56484375 0.1296875 0.0984375
1 0.11640625 0.69296875 0.15625 0.096875
1 0.115625 0.8390625 0.1453125 0.1015625
1 0.15078125 0.9625 0.1484375 0.075
1 0.89140625 0.93125 0.11875 0.1265625
1 0.90078125 0.7765625 0.159375 0.103125
1 0.90390625 0.64765625 0.15 0.103125
1 0.7578125 0.54453125 0.14375 0.0984375
1 0.7546875 0.696875 0.1921875 0.1171875
1 0.753125 0.846875 0.121875 0.109375
1 0.271875 0.77890625 0.1265625 0.1125
1 0.2609375 0.6375 0.13125 0.1125
1 0.25390625 0.48359375 0.140625 0.1125
1 0.43828125 0.55625 0.1734375 0.109375
1 0.43984375 0.6984375 0.1609375 0.10625
1 0.44921875 0.840625 0.146875 0.11875
1 0.58671875 0.76640625 0.13125 0.1125
1 0.58359375 0.63203125 0.134375 0.109375
1 0.57734375 0.48515625 0.1484375 0.115625
1 0.721875 0.271875 0.1375 0.1109375
1 0.87734375 0.33984375 0.134375 0.1046875
1 0.740625 0.41953125 0.1421875 0.1015625
1 0.8796875 0.4875 0.15 0.1078125
1 0.753125 0.975 0.1140625 0.05
1 0.59453125 0.93046875 0.1296875 0.121875
1 0.88359375 0.2140625 0.1296875 0.1125
1 0.39375 0.14375 0.1390625 0.1140625