1 0.06875 0.0578125 0.1375 0.109375
1 0.40546875 0.03046875 0.2234375 0.05625
1 0.28828125 0.2015625 0.178125 0.125
1 0.6296875 0.15234375 0.2203125 0.1390625
1 0.76953125 0.22265625 0.1828125 0.1
1 0.646875 0.30703125 0.1796875 0.1015625
1 0.76328125 0.36953125 0.1875 0.128125
1 0.4578125 0.3578125 0.228125 0.1671875
1 0.92421875 0.159375 0.1515625 0.1390625
1 0.77734375 0.50625 0.171875 0.125
1 0.05390625 0.321875 0.103125 0.171875
1 0.16875 0.509375 0.2515625 0.15625
1 0.32890625 0.59609375 0.146875 0.1140625
1 0.4890625 0.546875 0.1390625 0.10625
1 0.64140625 0.571875 0.1953125 0.1734375
1 0.76640625 0.65234375 0.15625 0.1125
1 0.9375 0.5796875 0.125 0.1796875
1 0.4734375 0.64375 0.140625 0.0890625
1 0.309375 0.73359375 0.1328125 0.109375
1 0.4671875 0.77421875 0.153125 0.1203125
1 0.6453125 0.72890625 0.15625 0.09375
1 0.79765625 0.78203125 0.14375 0.1203125
1 0.9484375 0.871875 0.103125 0.1125
1 0.49765625 0.92734375 0.178125 0.115625
1 0.32578125 0.86171875 0.1875 0.0953125
1 0.165625 0.946875 0.2015625 0.10625
1 0.36171875 0.96796875 0.1828125 0.0640625
1 0.58203125 0.80078125 0.0515625 0.0015625
1 0.65546875 0.8609375 0.1375 0.1125
1 0.8015625 0.9203125 0.13125 0.1125
1 0.65703125 0.97109375 0.125 0.0578125
1 0.94140625 0.97265625 0.1171875 0.0546875
1 0.94140625 0.71015625 0.1171875 0.0625