1 0.87578125 0.49375 0.14765625 0.10390625
1 0.53984375 0.1671875 0.14453125 0.1109375
1 0.5421875 0.953125 0.17265625 0.09296875
1 0.72109375 0.91640625 0.140625 0.09296875
1 0.6890625 0.7859375 0.10546875 0.084375
1 0.52109375 0.7921875 0.1546875 0.0953125
1 0.54375 0.53203125 0.13359375 0.0859375
1 0.325 0.63828125 0.1140625 0.0953125
1 0.21015625 0.796875 0.11640625 0.0828125
1 0.04296875 0.88125 0.0859375 0.0859375
1 0.04765625 0.55859375 0.0953125 0.08984375
1 0.21640625 0.471875 0.14296875 0.096875
1 0.20859375 0.15703125 0.125 0.109375
1 0.19453125 0.02734375 0.1390625 0.0546875
1 0.3671875 0.08515625 0.14765625 0.10546875
1 0.528125 0.03125 0.1375 0.0625
1 0.70859375 0.0125 0.12890625 0.025
1 0.75546875 0.11640625 0.12109375 0.08984375
1 0.8828125 0.1765625 0.13203125 0.09140625
1 0.884375 0.02890625 0.10703125 0.0578125
1 0.88046875 0.35625 0.15703125 0.08984375
1 0.359375 0.24609375 0.1140625 0.0859375
1 0.5359375 0.32109375 0.153125 0.0828125
1 0.06484375 0.38828125 0.1296875 0.1046875
1 0.03984375 0.22734375 0.07890625 0.109375
1 0.203125 0.33359375 0.11796875 0.084375
1 0.0390625 0.71328125 0.07734375 0.084375
1 0.1875 0.6484375 0.11640625 0.08828125
1 0.3625 0.8765625 0.13046875 0.10546875
1 0.19375 0.93515625 0.14765625 0.09296875
1 0.5359375 0.653125 0.14453125 0.08828125
1 0.35390625 0.74921875 0.1 0.07890625
1 0.37421875 0.55 0.08984375 0.07890625
1 0.44453125 0.68359375 0.08828125 0.0671875
1 0.88046875 0.9625 0.1265625 0.075
1 0.7 0.43984375 0.11953125 0.10703125