1 0.175 0.08359375 0.1890625 0.1671875
1 0.66171875 0.1421875 0.2265625 0.1703125
1 0.47890625 0.20859375 0.25 0.1578125
1 0.6734375 0.28125 0.246875 0.1875
1 0.9265625 0.15078125 0.146875 0.175
1 0.79453125 0.06328125 0.2140625 0.1265625
1 0.36015625 0.059375 0.2453125 0.11875
1 0.621875 0.040625 0.1921875 0.08125
1 0.0421875 0.153125 0.084375 0.1453125
1 0.18125 0.2296875 0.24375 0.196875
1 0.05234375 0.0453125 0.1046875 0.090625
1 0.93984375 0.28828125 0.1203125 0.1375
1 0.05625 0.4859375 0.1125 0.109375
1 0.05234375 0.6171875 0.1046875 0.121875
1 0.05234375 0.34609375 0.1046875 0.1734375
1 0.18203125 0.50546875 0.209375 0.14375
1 0.19375 0.36484375 0.178125 0.146875
1 0.3640625 0.27890625 0.1578125 0.1734375
1 0.4890625 0.32890625 0.1015625 0.090625
1 0.359375 0.425 0.1640625 0.125
1 0.9171875 0.42109375 0.165625 0.1578125
1 0.18203125 0.6546875 0.1890625 0.1546875
1 0.35625 0.5703125 0.215625 0.1953125
1 0.5 0.4859375 0.1921875 0.159375
1 0.6796875 0.43125 0.1765625 0.1328125
1 0.04375 0.78203125 0.0859375 0.1140625
1 0.059375 0.91796875 0.11875 0.1640625
1 0.19453125 0.9265625 0.1921875 0.146875
1 0.190625 0.79140625 0.1859375 0.15
1 0.36015625 0.7140625 0.1671875 0.1453125
1 0.4890625 0.6359375 0.1640625 0.175
1 0.67109375 0.56953125 0.1953125 0.1765625
1 0.6765625 0.85234375 0.23125 0.1421875
1 0.49140625 0.92421875 0.2046875 0.1515625
1 0.34453125 0.85546875 0.1984375 0.1609375
1 0.80390625 0.3546875 0.165625 0.15
1 0.80625 0.7734375 0.2703125 0.1921875
1 0.8 0.625 0.2265625 0.1515625
1 0.94296875 0.54765625 0.1140625 0.1625
1 0.93828125 0.6953125 0.1234375 0.128125
1 0.93046875 0.9421875 0.1390625 0.115625
1 0.790625 0.9390625 0.1375 0.121875
1 0.49140625 0.7734375 0.1671875 0.1140625