1 0.375 0.06875 0.1453125 0.1
1 0.66171875 0.2109375 0.1140625 0.0890625
1 0.2234375 0.0328125 0.109375 0.065625
1 0.08359375 0.09921875 0.1671875 0.0984375
1 0.078125 0.221875 0.15625 0.090625
1 0.659375 0.08984375 0.13125 0.0828125
1 0.82421875 0.16484375 0.1265625 0.0890625
1 0.9546875 0.24609375 0.090625 0.09375
1 0.8046875 0.296875 0.1359375 0.1015625
1 0.94609375 0.3828125 0.1078125 0.10625
1 0.95859375 0.5140625 0.0828125 0.1046875
1 0.825 0.72578125 0.1453125 0.103125
1 0.5140625 0.87265625 0.115625 0.09375
1 0.67890625 0.80625 0.128125 0.0953125
1 0.51640625 0.72109375 0.125 0.090625
1 0.365625 0.7984375 0.128125 0.1015625
1 0.2203125 0.85859375 0.1375 0.0953125
1 0.06875 0.94921875 0.1375 0.1015625
1 0.07578125 0.79453125 0.1125 0.109375
1 0.2296875 0.7125 0.1296875 0.0828125
1 0.06953125 0.66484375 0.1265625 0.078125
1 0.21484375 0.5796875 0.1703125 0.0796875
1 0.22265625 0.45078125 0.1421875 0.11875
1 0.07890625 0.5125 0.0921875 0.08125
1 0.08046875 0.365625 0.0953125 0.1046875
1 0.39296875 0.2234375 0.1 0.0890625
1 0.2234375 0.3015625 0.1265625 0.078125
1 0.37890625 0.359375 0.1359375 0.0828125
1 0.51171875 0.14765625 0.121875 0.0890625
1 0.80703125 0.0359375 0.1296875 0.071875
1 0.959375 0.09765625 0.08125 0.1078125
1 0.51953125 0.30703125 0.128125 0.090625
1 0.5046875 0.440625 0.1515625 0.1109375
1 0.371875 0.5078125 0.1375 0.0796875
1 0.50625 0.56953125 0.1328125 0.090625
1 0.37734375 0.646875 0.165625 0.1109375
1 0.38046875 0.93671875 0.1296875 0.0953125
1 0.6765625 0.93125 0.121875 0.0765625
1 0.80859375 0.85703125 0.10625 0.06875
1 0.9640625 0.7921875 0.071875 0.084375
1 0.8296875 0.578125 0.128125 0.0875
1 0.83203125 0.4484375 0.115625 0.084375
1 0.6875 0.390625 0.1234375 0.096875
1 0.67109375 0.5078125 0.121875 0.0875
1 0.66328125 0.65078125 0.128125 0.1015625
1 0.953125 0.9484375 0.09375 0.103125