1 0.43671875 0.04296875 0.15234375 0.08515625
1 0.25 0.121875 0.15234375 0.109375
1 0.59609375 0.3046875 0.16953125 0.12109375
1 0.24375 0.28359375 0.16953125 0.14140625
1 0.06484375 0.20390625 0.1296875 0.1296875
1 0.07421875 0.0578125 0.1484375 0.115625
1 0.06796875 0.3640625 0.1359375 0.115625
1 0.07734375 0.54296875 0.15390625 0.1375
1 0.06953125 0.74921875 0.1390625 0.1265625
1 0.26015625 0.93671875 0.15234375 0.1265625
1 0.42265625 0.93046875 0.1578125 0.1390625
1 0.603125 0.93671875 0.16171875 0.1265625
1 0.928125 0.92734375 0.14296875 0.12265625
1 0.9375 0.640625 0.12421875 0.0984375
1 0.93046875 0.7828125 0.1390625 0.1265625
1 0.77109375 0.71171875 0.18046875 0.11171875
1 0.62578125 0.80234375 0.21015625 0.13359375
1 0.265625 0.66328125 0.18203125 0.1171875
1 0.43203125 0.54375 0.13203125 0.1078125
1 0.25546875 0.4515625 0.17109375 0.128125
1 0.6 0.46640625 0.16015625 0.13359375
1 0.79765625 0.5765625 0.15390625 0.11171875
1 0.9390625 0.459375 0.121875 0.125
1 0.94765625 0.30234375 0.10390625 0.09453125
1 0.9390625 0.1296875 0.121875 0.103125
1 0.7890625 0.20703125 0.15234375 0.1078125
1 0.6078125 0.13359375 0.14296875 0.0984375
1 0.44140625 0.1953125 0.1484375 0.12109375
1 0.23359375 0.01328125 0.15078125 0.02578125
1 0.778125 0.37734375 0.1484375 0.10625
1 0.26484375 0.83515625 0.165625 0.10234375
1 0.44609375 0.7609375 0.175 0.0890625
1 0.59453125 0.646875 0.16015625 0.09296875
1 0.790625 0.9109375 0.14296875 0.12109375