1 0.8109375 0.96171875 0.21875 0.0765625
1 0.24921875 0.92734375 0.2609375 0.1453125
1 0.459375 0.875 0.2875 0.18203125
1 0.2359375 0.79140625 0.284375 0.215625
1 0.95703125 0.928125 0.0859375 0.14375
1 0.80234375 0.85078125 0.28046875 0.2265625
1 0.940625 0.55546875 0.11875 0.12578125
1 0.9453125 0.4046875 0.109375 0.140625
1 0.9453125 0.71640625 0.109375 0.2
1 0.8015625 0.53359375 0.240625 0.165625
1 0.7875 0.6953125 0.2046875 0.16875
1 0.59140625 0.79375 0.18203125 0.2
1 0.44765625 0.73671875 0.1171875 0.1046875
1 0.596875 0.62578125 0.1890625 0.14375
1 0.025 0.63046875 0.05 0.18203125
1 0.8015625 0.36171875 0.21796875 0.178125
1 0.60078125 0.45859375 0.2484375 0.225
1 0.43515625 0.55546875 0.22109375 0.18359375
1 0.228125 0.61875 0.203125 0.153125
1 0.95625 0.215625 0.0875 0.13125
1 0.93671875 0.0765625 0.12578125 0.153125
1 0.78671875 0.06640625 0.22109375 0.1328125
1 0.79140625 0.20390625 0.2140625 0.17265625
1 0.59609375 0.29296875 0.1921875 0.1671875
1 0.44765625 0.3828125 0.1890625 0.2015625
1 0.23828125 0.459375 0.225 0.203125
1 0.23203125 0.134375 0.26640625 0.16328125
1 0.4453125 0.06953125 0.2359375 0.13828125
1 0.6140625 0.13046875 0.228125 0.18515625
1 0.09140625 0.7078125 0.1828125 0.171875
1 0.11953125 0.22578125 0.2390625 0.22109375
1 0.1109375 0.396875 0.22109375 0.17421875
1 0.10078125 0.05234375 0.15859375 0.1046875
1 0.4453125 0.225 0.1921875 0.13125