1 0.2671875 0.0578125 0.2171875 0.1078125
1 0.13671875 0.10859375 0.1359375 0.0984375
1 0.45703125 0.13125 0.1515625 0.1546875
1 0.58515625 0.05625 0.21875 0.096875
1 0.90390625 0.06796875 0.159375 0.115625
1 0.76953125 0.13359375 0.1265625 0.134375
1 0.596875 0.2203125 0.1359375 0.140625
1 0.90703125 0.2046875 0.1203125 0.1
1 0.77109375 0.2890625 0.153125 0.1125
1 0.89765625 0.35 0.1015625 0.1265625
1 0.77890625 0.4265625 0.14375 0.128125
1 0.5859375 0.3515625 0.134375 0.1234375
1 0.45390625 0.27421875 0.1421875 0.0890625
1 0.25703125 0.19375 0.184375 0.121875
1 0.1453125 0.2453125 0.178125 0.128125
1 0.28203125 0.3515625 0.184375 0.15
1 0.4453125 0.4125 0.1703125 0.1421875
1 0.5921875 0.5 0.1984375 0.1171875
1 0.76953125 0.56953125 0.1609375 0.125
1 0.91171875 0.6328125 0.14375 0.128125
1 0.275 0.49296875 0.2265625 0.121875
1 0.16171875 0.5703125 0.1546875 0.15625
1 0.29375 0.63515625 0.2046875 0.1328125
1 0.15 0.72734375 0.1484375 0.1359375
1 0.29296875 0.778125 0.1625 0.1015625
1 0.484375 0.68984375 0.2 0.10625
1 0.5890625 0.76796875 0.165625 0.08125
1 0.7734375 0.70078125 0.1421875 0.0828125
1 0.79609375 0.8109375 0.1671875 0.109375
1 0.90625 0.7453125 0.125 0.09375
1 0.91640625 0.884375 0.10625 0.1328125
1 0.62578125 0.89296875 0.1609375 0.1203125
1 0.76953125 0.95546875 0.1453125 0.0890625
1 0.4703125 0.83515625 0.1484375 0.090625
1 0.459375 0.95078125 0.15625 0.0984375
1 0.2828125 0.89453125 0.1703125 0.1078125
1 0.16015625 0.959375 0.1671875 0.08125
1 0.13984375 0.846875 0.115625 0.084375
1 0.028125 0.484375 0.05625 0.13125
1 0.0265625 0.64765625 0.053125 0.121875
1 0.025 0.78359375 0.05 0.1109375
1 0.0296875 0.934375 0.053125 0.1203125