1 0.0625 0.0453125 0.125 0.090625
1 0.240625 0.2203125 0.1609375 0.103125
1 0.40234375 0.44140625 0.13125 0.1046875
1 0.8609375 0.23359375 0.134375 0.115625
1 0.69453125 0.0421875 0.1546875 0.08125
1 0.38515625 0.0328125 0.13125 0.065625
1 0.39296875 0.17109375 0.14375 0.096875
1 0.2375 0.10078125 0.1515625 0.08125
1 0.85703125 0.359375 0.14375 0.0921875
1 0.87109375 0.4984375 0.153125 0.1203125
1 0.6734375 0.43828125 0.1125 0.08125
1 0.69296875 0.303125 0.134375 0.0703125
1 0.55703125 0.21953125 0.1203125 0.084375
1 0.696875 0.17265625 0.146875 0.1140625
1 0.86328125 0.10234375 0.1515625 0.109375
1 0.8609375 0.63828125 0.1390625 0.10625
1 0.69296875 0.740625 0.1359375 0.11875
1 0.4015625 0.596875 0.1453125 0.0984375
1 0.54609375 0.5203125 0.10625 0.090625
1 0.1015625 0.43046875 0.1546875 0.109375
1 0.23125 0.51640625 0.1328125 0.1140625
1 0.09140625 0.59765625 0.1734375 0.1296875
1 0.1125 0.8765625 0.140625 0.1171875
1 0.23359375 0.76484375 0.1015625 0.084375
1 0.6984375 0.86015625 0.125 0.1
1 0.53828125 0.65234375 0.10625 0.0953125
1 0.87265625 0.77109375 0.153125 0.096875
1 0.89140625 0.91796875 0.1359375 0.1015625
1 0.5453125 0.8953125 0.1390625 0.11875
1 0.40234375 0.8296875 0.128125 0.103125
1 0.54140625 0.7609375 0.128125 0.096875
1 0.4015625 0.71328125 0.1203125 0.090625
1 0.234375 0.6578125 0.125 0.096875
1 0.23515625 0.965625 0.1296875 0.06875
1 0.71875 0.9609375 0.1359375 0.078125