1 0.7953125 0.81953125 0.2265625 0.16796875
1 0.6109375 0.4734375 0.1640625 0.1140625
1 0.93125 0.52421875 0.1375 0.12578125
1 0.77890625 0.5890625 0.1390625 0.1109375
1 0.5796875 0.12109375 0.16640625 0.1375
1 0.953125 0.88984375 0.09375 0.14609375
1 0.94453125 0.3515625 0.1109375 0.0953125
1 0.04453125 0.3421875 0.0890625 0.10703125
1 0.6234375 0.33984375 0.12734375 0.10546875
1 0.784375 0.02265625 0.109375 0.0453125
1 0.95625 0.06328125 0.0875 0.115625
1 0.76875 0.16015625 0.134375 0.10703125
1 0.95859375 0.2359375 0.08203125 0.115625
1 0.784375 0.47421875 0.134375 0.09375
1 0.05 0.9703125 0.1 0.059375