1 0.7625 0.17734375 0.2109375 0.15625
1 0.590625 0.5 0.153125 0.10625
1 0.89765625 0.453125 0.14375 0.1171875
1 0.746875 0.3921875 0.1296875 0.103125
1 0.56171875 0.828125 0.1546875 0.128125
1 0.93203125 0.1125 0.1328125 0.1359375
1 0.90546875 0.61328125 0.1109375 0.0890625
1 0.05234375 0.621875 0.1046875 0.1
1 0.60234375 0.62421875 0.11875 0.0984375
1 0.40703125 0.97578125 0.0984375 0.0484375
1 0.0421875 0.98359375 0.084375 0.0328125
1 0.753125 0.93828125 0.1015625 0.078125
1 0.93203125 0.88203125 0.11875 0.1078125
1 0.7375 0.79140625 0.125 0.1
1 0.934375 0.721875 0.1140625 0.1078125
1 0.75234375 0.49921875 0.125 0.0875
1 0.0578125 0.0328125 0.115625 0.065625