1 0.25234375 0.6390625 0.19453125 0.12578125
1 0.8546875 0.65234375 0.20625 0.1609375
1 0.8546875 0.34921875 0.17109375 0.12890625
1 0.3625 0.14921875 0.18828125 0.13125
1 0.378125 0.3046875 0.13125 0.10546875
1 0.559375 0.3875 0.1546875 0.12578125
1 0.54609375 0.8484375 0.12734375 0.12109375
1 0.22421875 0.93828125 0.1640625 0.109375
1 0.07265625 0.82265625 0.12421875 0.10390625
1 0.49609375 0.959375 0.109375 0.08046875
1 0.059375 0.95546875 0.11875 0.0890625
1 0.06484375 0.37109375 0.12890625 0.1109375
1 0.05625 0.203125 0.1125 0.12109375
1 0.2015625 0.09453125 0.12734375 0.09921875
1 0.68359375 0.13984375 0.14921875 0.1140625
1 0.228125 0.371875 0.1328125 0.10234375
1 0.1921875 0.4953125 0.10546875 0.090625
1 0.0609375 0.5015625 0.0953125 0.07734375
1 0.37421875 0.43359375 0.1171875 0.0953125
1 0.203125 0.22421875 0.1375 0.10703125
1 0.51953125 0.50625 0.12890625 0.08359375
1 0.69453125 0.59375 0.12734375 0.10078125
1 0.51328125 0.646875 0.1125 0.07578125
1 0.69375 0.7375 0.1125 0.071875
1 0.3890625 0.74609375 0.134375 0.07578125
1 0.2828125 0.77890625 0.1390625 0.09375
1 0.0578125 0.6546875 0.115625 0.10390625
1 0.8453125 0.49921875 0.09765625 0.0921875
1 0.6765625 0.2984375 0.1171875 0.10703125
1 0.69140625 0.440625 0.1171875 0.109375
1 0.521875 0.2015625 0.12578125 0.10390625
1 0.8171875 0.22265625 0.14296875 0.1109375
1 0.84921875 0.07734375 0.1359375 0.09921875