1 0.959375 0.9109375 0.08125 0.178125
1 0.82734375 0.95859375 0.19609375 0.0828125
1 0.38046875 0.96328125 0.2625 0.0734375
1 0.1828125 0.90546875 0.1609375 0.15625
1 0.35625 0.83828125 0.29921875 0.1546875
1 0.0703125 0.8296875 0.140625 0.14375
1 0.05 0.66015625 0.1 0.1609375
1 0.19375 0.6046875 0.178125 0.19921875
1 0.346875 0.57421875 0.20078125 0.1609375
1 0.63671875 0.828125 0.178125 0.1375
1 0.93984375 0.7328125 0.11953125 0.15625
1 0.64765625 0.6921875 0.1578125 0.11328125
1 0.82734375 0.640625 0.153125 0.1640625
1 0.94375 0.56484375 0.1125 0.1484375
1 0.8140625 0.47421875 0.16640625 0.11484375
1 0.6703125 0.5453125 0.11953125 0.1078125
1 0.5078125 0.47109375 0.15078125 0.1359375
1 0.80625 0.3375 0.22578125 0.12421875
1 0.51640625 0.29921875 0.2109375 0.1375
1 0.675 0.2484375 0.15625 0.1328125
1 0.93359375 0.24453125 0.1328125 0.15625
1 0.3359375 0.3875 0.1375 0.134375
1 0.1890625 0.4609375 0.24765625 0.15078125
1 0.18125 0.290625 0.20234375 0.14609375
1 0.17890625 0.14296875 0.2046875 0.12265625
1 0.0328125 0.36796875 0.065625 0.1984375
1 0.0390625 0.20859375 0.078125 0.178125
1 0.02578125 0.06171875 0.0515625 0.12265625
1 0.1703125 0.0453125 0.253125 0.090625
1 0.31328125 0.08125 0.16796875 0.14609375
1 0.65703125 0.09609375 0.24609375 0.1265625
1 0.478125 0.028125 0.13984375 0.05625
1 0.79296875 0.0515625 0.18125 0.103125
1 0.921875 0.11875 0.15625 0.128125
1 0.94765625 0.01953125 0.1046875 0.0390625