1 0.85703125 0.396875 0.19140625 0.1265625
1 0.85234375 0.06015625 0.16328125 0.109375
1 0.30703125 0.76953125 0.18203125 0.1359375
1 0.50859375 0.87109375 0.12265625 0.10234375
1 0.8640625 0.915625 0.1484375 0.096875
1 0.12578125 0.975 0.18046875 0.05
1 0.65546875 0.30390625 0.1875 0.13046875
1 0.309375 0.259375 0.2078125 0.1375
1 0.48046875 0.05703125 0.2171875 0.11328125
1 0.6625 0.13046875 0.16328125 0.1171875
1 0.10625 0.16171875 0.16171875 0.128125
1 0.09765625 0.334375 0.16953125 0.146875
1 0.84765625 0.2296875 0.1671875 0.12265625
1 0.9796875 0.31484375 0.040625 0.14296875
1 0.9828125 0.13828125 0.034375 0.1265625
1 0.01484375 0.03984375 0.0296875 0.0796875
1 0.1421875 0.025 0.14296875 0.05
1 0.30078125 0.58984375 0.21015625 0.15234375
1 0.6359375 0.46015625 0.16015625 0.11171875
1 0.30703125 0.42109375 0.1578125 0.11875
1 0.103125 0.65234375 0.146875 0.1359375
1 0.140625 0.84765625 0.17109375 0.11171875
1 0.30703125 0.946875 0.15234375 0.10625
1 0.69453125 0.65 0.16171875 0.13203125
1 0.49609375 0.72109375 0.1578125 0.12421875
1 0.4890625 0.5359375 0.14140625 0.1171875
1 0.4890625 0.371875 0.1359375 0.11171875
1 0.48515625 0.2234375 0.10234375 0.0765625
1 0.27578125 0.1015625 0.12109375 0.10390625
1 0.97265625 0.503125 0.0546875 0.109375
1 0.9796875 0.6703125 0.040625 0.11328125
1 0.9796875 0.82265625 0.040625 0.10234375
1 0.9859375 0.95703125 0.028125 0.08515625
1 0.8515625 0.73125 0.13046875 0.1390625
1 0.85 0.5546875 0.146875 0.1171875
1 0.68203125 0.80390625 0.17109375 0.128125
1 0.6875 0.95078125 0.175 0.0984375
1 0.50234375 0.97265625 0.1734375 0.0546875