1 0.1625 0.92578125 0.21171875 0.1484375
1 0.56796875 0.95078125 0.26171875 0.0984375
1 0.73515625 0.90078125 0.2171875 0.11875
1 0.5890625 0.8 0.2140625 0.12109375
1 0.72734375 0.72578125 0.2234375 0.15234375
1 0.3640625 0.73984375 0.27109375 0.19921875
1 0.9140625 0.946875 0.171875 0.10625
1 0.74453125 0.56328125 0.2046875 0.1484375
1 0.084375 0.56015625 0.16875 0.1859375
1 0.2109375 0.45625 0.175 0.1359375
1 0.4015625 0.51484375 0.165625 0.1265625
1 0.5828125 0.48515625 0.23203125 0.20625
1 0.73125 0.3890625 0.1859375 0.13359375
1 0.93046875 0.4765625 0.1390625 0.2140625
1 0.3828125 0.4 0.1671875 0.10625
1 0.1875 0.29296875 0.1578125 0.13046875
1 0.37578125 0.24453125 0.18203125 0.14296875
1 0.5875 0.2984375 0.1859375 0.11171875
1 0.76875 0.23515625 0.17109375 0.14296875
1 0.94296875 0.128125 0.11328125 0.13359375
1 0.41015625 0.06640625 0.2109375 0.1328125
1 0.20703125 0.140625 0.2234375 0.11328125
1 0.06796875 0.0515625 0.1359375 0.103125
1 0.24921875 0.0265625 0.2171875 0.053125
1 0.51171875 0.2125 0.06171875 0.0015625
1 0.59921875 0.14140625 0.16328125 0.13359375
1 0.7734375 0.0703125 0.15625 0.13359375
1 0.6 0.02265625 0.1484375 0.04453125
1 0.934375 0.0203125 0.13125 0.040625
1 0.934375 0.32265625 0.13125 0.0734375