1 0.5703125 0.64375 0.15078125 0.1203125
1 0.73828125 0.721875 0.13671875 0.11328125
1 0.56015625 0.81171875 0.15390625 0.09375
1 0.73828125 0.88203125 0.16171875 0.09609375
1 0.9328125 0.96484375 0.134375 0.0703125
1 0.5765625 0.95390625 0.18046875 0.0921875
1 0.065625 0.890625 0.13125 0.11875
1 0.22421875 0.80078125 0.12578125 0.11015625
1 0.0828125 0.734375 0.16171875 0.11875
1 0.071875 0.553125 0.14375 0.12421875
1 0.05546875 0.4 0.1109375 0.09375
1 0.06640625 0.24765625 0.1328125 0.1078125
1 0.215625 0.315625 0.1453125 0.1046875
1 0.4125 0.0875 0.171875 0.11171875
1 0.4 0.22421875 0.15234375 0.12265625
1 0.40390625 0.3953125 0.15390625 0.13984375
1 0.4078125 0.56640625 0.1578125 0.11171875
1 0.90546875 0.1515625 0.1171875 0.0765625
1 0.9140625 0.328125 0.12734375 0.090625
1 0.9296875 0.45546875 0.13125 0.08359375
1 0.92578125 0.64921875 0.12578125 0.10625
1 0.75625 0.55859375 0.10078125 0.08359375
1 0.7421875 0.09140625 0.1203125 0.08515625
1 0.58125 0.16640625 0.12265625 0.0921875
1 0.7328125 0.22265625 0.103125 0.09765625
1 0.57421875 0.3234375 0.17734375 0.11171875
1 0.575 0.4796875 0.14921875 0.09921875
1 0.27578125 0.9546875 0.12578125 0.090625
1 0.2234375 0.48828125 0.196875 0.13984375