1 0.58125 0.075 0.13828125 0.09765625
1 0.75078125 0.15625 0.13828125 0.1
1 0.43671875 0.32265625 0.15390625 0.11015625
1 0.75703125 0.303125 0.15390625 0.128125
1 0.92734375 0.23125 0.13515625 0.11796875
1 0.92109375 0.084375 0.15703125 0.13203125
1 0.92734375 0.3765625 0.1453125 0.1046875
1 0.91875 0.5390625 0.1625 0.125
1 0.92578125 0.7265625 0.1484375 0.11484375
1 0.74140625 0.9015625 0.13828125 0.1234375
1 0.59296875 0.89453125 0.14375 0.13359375
1 0.42890625 0.91484375 0.146875 0.15
1 0.1 0.88828125 0.19921875 0.11171875
1 0.10625 0.628125 0.15 0.08984375
1 0.11875 0.7578125 0.15234375 0.11484375
1 0.27734375 0.6921875 0.1640625 0.1015625
1 0.409375 0.77421875 0.190625 0.121875
1 0.73671875 0.6484375 0.165625 0.10625
1 0.58515625 0.53984375 0.1203125 0.09765625
1 0.74609375 0.45625 0.15546875 0.11640625
1 0.4328125 0.46953125 0.1453125 0.121875
1 0.253125 0.56953125 0.13984375 0.1015625
1 0.1078125 0.4640625 0.13984375 0.11328125
1 0.0953125 0.3203125 0.13671875 0.0859375
1 0.10390625 0.16484375 0.1484375 0.09453125
1 0.2609375 0.23359375 0.13828125 0.09765625
1 0.42578125 0.1671875 0.1296875 0.08984375
1 0.5765625 0.22265625 0.13515625 0.11015625
1 0.7671875 0.034375 0.1375 0.06875
1 0.10703125 0.028125 0.190625 0.05546875
1 0.27109375 0.38828125 0.13515625 0.09609375
1 0.7375 0.8046875 0.15 0.09296875
1 0.57265625 0.7375 0.15859375 0.08125
1 0.4375 0.63359375 0.1453125 0.084375
1 0.259375 0.8734375 0.1296875 0.11015625