1 0.38984375 0.79609375 0.28125 0.1859375
1 0.89296875 0.0875 0.21328125 0.17265625
1 0.375 0.05859375 0.278125 0.1171875
1 0.36640625 0.1921875 0.30703125 0.21015625
1 0.078125 0.07109375 0.15625 0.1390625
1 0.075 0.1921875 0.15 0.16875
1 0.89921875 0.23984375 0.2015625 0.1484375
1 0.70703125 0.31484375 0.2015625 0.16015625
1 0.3671875 0.3453125 0.19140625 0.165625
1 0.1765625 0.2609375 0.2046875 0.165625
1 0.07578125 0.34609375 0.1515625 0.1640625
1 0.190625 0.57734375 0.28984375 0.21875
1 0.21171875 0.4390625 0.2 0.11640625
1 0.06875 0.50703125 0.1375 0.1453125
1 0.07265625 0.68203125 0.1453125 0.17890625
1 0.5671875 0.4140625 0.203125 0.15859375
1 0.71484375 0.63125 0.24609375 0.17578125
1 0.71875 0.925 0.19453125 0.15
1 0.38828125 0.94140625 0.2578125 0.1171875
1 0.2171875 0.96953125 0.221875 0.0609375
1 0.88359375 0.978125 0.1828125 0.04375
1 0.96953125 0.9234375 0.0609375 0.153125
1 0.89140625 0.71015625 0.21640625 0.19453125
1 0.72265625 0.778125 0.26484375 0.1625
1 0.56875 0.71640625 0.23203125 0.19765625
1 0.8828125 0.4046875 0.22734375 0.19765625
1 0.7171875 0.47421875 0.21484375 0.1640625
1 0.87734375 0.56796875 0.21875 0.1484375
1 0.565625 0.5609375 0.24921875 0.15703125
1 0.0890625 0.8203125 0.17734375 0.1859375
1 0.98671875 0.3234375 0.0265625 0.153125
1 0.9875 0.4734375 0.025 0.146875