1 0.29609375 0.246875 0.13515625 0.08515625
1 0.64921875 0.54609375 0.121875 0.09921875
1 0.634375 0.39921875 0.14609375 0.096875
1 0.78046875 0.30546875 0.1546875 0.096875
1 0.96640625 0.39921875 0.0671875 0.0984375
1 0.95234375 0.5609375 0.0953125 0.096875
1 0.9453125 0.7109375 0.109375 0.09921875
1 0.78125 0.95625 0.13515625 0.08671875
1 0.45546875 0.16171875 0.1390625 0.1109375
1 0.63984375 0.0921875 0.1375 0.1125
1 0.95390625 0.25078125 0.0921875 0.1125
1 0.89765625 0.140625 0.10078125 0.096875
1 0.815625 0.034375 0.140625 0.06875
1 0.478125 0.0265625 0.140625 0.053125
1 0.290625 0.07265625 0.13359375 0.0953125
1 0.11171875 0.175 0.11640625 0.096875
1 0.1234375 0.03125 0.1390625 0.0625
1 0.12421875 0.640625 0.1375 0.1125
1 0.29609375 0.6828125 0.159375 0.10078125
1 0.46171875 0.79765625 0.15078125 0.10625
1 0.63046875 0.87265625 0.1375 0.11953125
1 0.453125 0.9421875 0.1375 0.115625
1 0.12734375 0.790625 0.171875 0.125
1 0.090625 0.93984375 0.18046875 0.11953125
1 0.296875 0.86484375 0.1703125 0.13203125
1 0.4703125 0.6578125 0.16875 0.10625
1 0.6390625 0.72734375 0.2171875 0.109375
1 0.78359375 0.815625 0.171875 0.10078125
1 0.2984375 0.5546875 0.13515625 0.08359375
1 0.11796875 0.47421875 0.13046875 0.0953125
1 0.28828125 0.3953125 0.11953125 0.08828125
1 0.43671875 0.475 0.1234375 0.096875
1 0.65078125 0.23125 0.13359375 0.096875
1 0.815625 0.48359375 0.14375 0.0953125