1 0.39375 0.07265625 0.128125 0.090625
1 0.23671875 0.14765625 0.128125 0.0921875
1 0.52734375 0.3015625 0.1421875 0.1015625
1 0.23125 0.28359375 0.1421875 0.11875
1 0.0734375 0.2171875 0.125 0.109375
1 0.078125 0.08125 0.146875 0.121875
1 0.0703125 0.3515625 0.140625 0.096875
1 0.078125 0.5015625 0.15625 0.115625
1 0.071875 0.675 0.14375 0.10625
1 0.2453125 0.83671875 0.128125 0.1140625
1 0.3828125 0.83046875 0.1328125 0.1234375
1 0.534375 0.84921875 0.1359375 0.1390625
1 0.840625 0.825 0.1875 0.103125
1 0.8328125 0.584375 0.1390625 0.0828125
1 0.82109375 0.70390625 0.140625 0.10625
1 0.675 0.64375 0.1515625 0.09375
1 0.55234375 0.71953125 0.1765625 0.1125
1 0.25 0.603125 0.153125 0.0984375
1 0.38984375 0.50234375 0.1109375 0.090625
1 0.24140625 0.425 0.14375 0.1078125
1 0.53125 0.4375 0.134375 0.1125
1 0.696875 0.5296875 0.1296875 0.09375
1 0.83125 0.43203125 0.1296875 0.1046875
1 0.84296875 0.29921875 0.1265625 0.0796875
1 0.83515625 0.15546875 0.1375 0.0875
1 0.68984375 0.21953125 0.128125 0.090625
1 0.5375 0.1578125 0.1203125 0.0828125
1 0.39765625 0.209375 0.125 0.1015625
1 0.22265625 0.03359375 0.1265625 0.0671875
1 0.83203125 0.02734375 0.1765625 0.0546875
1 0.95859375 0.3765625 0.0828125 0.078125
1 0.68046875 0.3625 0.125 0.0890625
1 0.24921875 0.74765625 0.1390625 0.0859375
1 0.4015625 0.68515625 0.146875 0.075
1 0.5265625 0.5890625 0.134375 0.078125
1 0.69140625 0.8109375 0.1203125 0.1015625
1 0.9609375 0.23515625 0.078125 0.0859375
1 0.9625 0.08515625 0.075 0.1296875