1 0.77734375 0.6671875 0.11640625 0.09609375
1 0.946875 0.5921875 0.10625 0.09296875
1 0.8109375 0.509375 0.15 0.09765625
1 0.615625 0.9890625 0.1234375 0.021875
1 0.628125 0.87578125 0.10625 0.10625
1 0.9328125 0.9875 0.134375 0.025
1 0.92890625 0.865625 0.1296875 0.1078125
1 0.43671875 0.97734375 0.14375 0.0453125
1 0.44765625 0.85078125 0.13515625 0.103125
1 0.43984375 0.6546875 0.1421875 0.11171875
1 0.125 0.7921875 0.13828125 0.1453125
1 0.29765625 0.46015625 0.184375 0.1203125
1 0.60390625 0.43671875 0.1265625 0.1015625
1 0.60546875 0.59609375 0.1234375 0.11015625
1 0.45390625 0.51875 0.13359375 0.14375
1 0.28046875 0.721875 0.14375 0.103125
1 0.2828125 0.85 0.1484375 0.103125
1 0.0859375 0.659375 0.15859375 0.11328125
1 0.28046875 0.30546875 0.1625 0.1234375
1 0.29765625 0.15390625 0.14375 0.11796875
1 0.6296875 0.25625 0.13984375 0.11796875
1 0.79765625 0.34140625 0.11171875 0.08984375
1 0.92421875 0.40234375 0.1078125 0.084375
1 0.4625 0.35078125 0.125 0.1015625
1 0.93125 0.2703125 0.1234375 0.0796875
1 0.94453125 0.13359375 0.1109375 0.1015625
1 0.7390625 0.12890625 0.1234375 0.10625
1 0.46171875 0.046875 0.1171875 0.09375
1 0.29921875 0.59296875 0.13984375 0.11171875
1 0.47265625 0.18046875 0.13515625 0.128125
1 0.1171875 0.21875 0.13671875 0.13515625
1 0.11171875 0.52421875 0.13515625 0.1015625
1 0.1109375 0.37578125 0.14375 0.1265625
1 0.628125 0.08515625 0.13359375 0.13515625
1 0.815625 0.20546875 0.13984375 0.1046875
1 0.1078125 0.05 0.15234375 0.1
1 0.85859375 0.0328125 0.13671875 0.065625