1 0.5 0.65234375 0.1640625 0.1421875
1 0.82265625 0.68359375 0.2328125 0.1421875
1 0.0734375 0.75703125 0.146875 0.1796875
1 0.07265625 0.90078125 0.1453125 0.1578125
1 0.19609375 0.95 0.1890625 0.1
1 0.36015625 0.8953125 0.2359375 0.1734375
1 0.671875 0.85234375 0.2171875 0.1875
1 0.8140625 0.82578125 0.24375 0.2
1 0.35859375 0.75625 0.21875 0.190625
1 0.5015625 0.81484375 0.1953125 0.19375
1 0.93515625 0.8171875 0.1296875 0.1765625
1 0.94140625 0.521875 0.1171875 0.15
1 0.8046875 0.52734375 0.15625 0.13125
1 0.646875 0.58515625 0.234375 0.1609375
1 0.49765625 0.52265625 0.2015625 0.140625
1 0.3578125 0.47578125 0.1609375 0.134375
1 0.19609375 0.52421875 0.1828125 0.140625
1 0.0703125 0.4828125 0.140625 0.1921875
1 0.06953125 0.33125 0.1390625 0.196875
1 0.1953125 0.3890625 0.175 0.1140625
1 0.49375 0.24296875 0.1671875 0.15
1 0.34609375 0.33046875 0.1921875 0.1375
1 0.35390625 0.18515625 0.1890625 0.1796875
1 0.07578125 0.1796875 0.1515625 0.15
1 0.18203125 0.13828125 0.2515625 0.1796875
1 0.353125 0.059375 0.2046875 0.11875
1 0.06953125 0.05078125 0.1390625 0.1015625
1 0.9234375 0.06875 0.1515625 0.1375
1 0.6328125 0.07265625 0.215625 0.1453125
1 0.80078125 0.13125 0.178125 0.140625
1 0.91875 0.23359375 0.1625 0.121875
1 0.9265625 0.3734375 0.146875 0.159375
1 0.65078125 0.459375 0.140625 0.09375
1 0.50859375 0.396875 0.2109375 0.1734375
1 0.79375 0.2640625 0.1890625 0.1171875
1 0.62578125 0.19921875 0.165625 0.1171875
1 0.66171875 0.31796875 0.1921875 0.109375
1 0.80234375 0.40234375 0.196875 0.140625
1 0.18515625 0.27578125 0.1765625 0.125