1 0.6796875 0.24140625 0.1703125 0.1203125
1 0.25078125 0.75625 0.1390625 0.1140625
1 0.55234375 0.740625 0.153125 0.1109375
1 0.5328125 0.17109375 0.175 0.1140625
1 0.6796875 0.3828125 0.1484375 0.1125
1 0.2328125 0.3296875 0.1578125 0.11875
1 0.52578125 0.6046875 0.1453125 0.109375
1 0.6984375 0.6609375 0.1375 0.1046875
1 0.5390625 0.88203125 0.128125 0.1171875
1 0.39765625 0.81640625 0.1296875 0.0921875
1 0.84765625 0.61328125 0.1015625 0.084375
1 0.68359375 0.5125 0.125 0.0875
1 0.85234375 0.45703125 0.165625 0.1015625
1 0.1046875 0.83515625 0.14375 0.1125
1 0.0703125 0.53359375 0.140625 0.1171875
1 0.0609375 0.409375 0.121875 0.1078125
1 0.07265625 0.240625 0.1453125 0.1
1 0.225 0.17109375 0.15625 0.109375
1 0.0640625 0.11875 0.128125 0.1
1 0.3765625 0.02421875 0.109375 0.0484375
1 0.2453125 0.4890625 0.1046875 0.0890625
1 0.24921875 0.6234375 0.1203125 0.0890625
1 0.0921875 0.68046875 0.140625 0.1015625
1 0.72109375 0.96015625 0.146875 0.0796875
1 0.8546875 0.73671875 0.1046875 0.0875
1 0.85859375 0.89453125 0.1359375 0.109375
1 0.85390625 0.18125 0.1453125 0.109375
1 0.5421875 0.44921875 0.1125 0.09375
1 0.390625 0.5265625 0.1390625 0.096875
1 0.38828125 0.6734375 0.14375 0.096875
1 0.38984375 0.39765625 0.1109375 0.0921875
1 0.2046875 0.05 0.1375 0.1
1 0.86484375 0.05703125 0.1359375 0.08125
1 0.67578125 0.0890625 0.1453125 0.0875
1 0.36640625 0.134375 0.14375 0.0828125
1 0.96328125 0.2640625 0.0734375 0.0921875
1 0.51953125 0.046875 0.1359375 0.09375