1 0.73515625 0.95 0.14921875 0.1
1 0.03515625 0.60859375 0.0703125 0.1109375
1 0.053125 0.79296875 0.10625 0.1203125
1 0.18671875 0.53359375 0.18046875 0.121875
1 0.04140625 0.43828125 0.0828125 0.134375
1 0.02890625 0.13203125 0.05703125 0.13125
1 0.17734375 0.046875 0.16640625 0.09375
1 0.17890625 0.20078125 0.14375 0.1203125
1 0.3484375 0.290625 0.14921875 0.1109375
1 0.3453125 0.14453125 0.15703125 0.121875
1 0.70546875 0.10703125 0.14375 0.09375
1 0.5296875 0.21484375 0.1328125 0.103125
1 0.525 0.05 0.16015625 0.1
1 0.89609375 0.04921875 0.15703125 0.09765625
1 0.896875 0.18984375 0.14375 0.1203125
1 0.728125 0.28046875 0.1421875 0.1140625
1 0.534375 0.3890625 0.184375 0.11796875
1 0.16796875 0.35703125 0.14765625 0.10546875
1 0.35390625 0.46640625 0.1421875 0.0828125
1 0.36875 0.634375 0.12734375 0.09765625
1 0.55 0.55546875 0.15859375 0.1015625
1 0.73984375 0.45390625 0.171875 0.134375
1 0.72265625 0.6375 0.16796875 0.10703125
1 0.89140625 0.54609375 0.1421875 0.11796875
1 0.8984375 0.70390625 0.16796875 0.12578125
1 0.73046875 0.8 0.1625 0.10703125
1 0.559375 0.71015625 0.13125 0.09375
1 0.37421875 0.79609375 0.14921875 0.09609375
1 0.196875 0.7125 0.1234375 0.09765625
1 0.16875 0.85625 0.14609375 0.10703125
1 0.3515625 0.95546875 0.1421875 0.08828125
1 0.5546875 0.87890625 0.14765625 0.09375