1 0.084375 0.73671875 0.16875 0.1671875
1 0.57734375 0.4625 0.2125 0.21796875
1 0.18515625 0.3640625 0.22109375 0.1546875
1 0.62890625 0.84140625 0.23359375 0.19609375
1 0.27734375 0.67265625 0.2734375 0.2015625
1 0.76640625 0.48671875 0.20703125 0.15625
1 0.78125 0.59921875 0.21953125 0.17109375
1 0.42265625 0.5953125 0.16015625 0.18203125
1 0.6046875 0.67734375 0.18515625 0.17265625
1 0.92265625 0.9359375 0.1546875 0.12734375
1 0.92421875 0.7921875 0.15078125 0.15625
1 0.61953125 0.30859375 0.14921875 0.12734375
1 0.93515625 0.284375 0.1296875 0.1765625
1 0.43671875 0.2328125 0.2265625 0.1890625
1 0.03046875 0.32734375 0.0609375 0.1328125
1 0.08828125 0.4640625 0.1765625 0.13671875
1 0.2875 0.034375 0.20859375 0.06796875
1 0.09765625 0.23671875 0.1953125 0.1171875
1 0.37421875 0.43515625 0.2 0.2015625
1 0.27265625 0.53671875 0.2140625 0.15625
1 0.075 0.59296875 0.14921875 0.11328125
1 0.275 0.84140625 0.225 0.140625
1 0.415625 0.771875 0.1671875 0.18359375
1 0.41171875 0.9296875 0.20859375 0.13515625
1 0.9765625 0.64453125 0.046875 0.13828125
1 0.9484375 0.4828125 0.10234375 0.14921875
1 0.79140625 0.38203125 0.18515625 0.1296875
1 0.7875 0.22578125 0.1671875 0.13125
1 0.61484375 0.15625 0.19453125 0.12578125
1 0.93671875 0.1375 0.12578125 0.13515625
1 0.625 0.040625 0.17109375 0.08125
1 0.44140625 0.06484375 0.13515625 0.1203125
1 0.29765625 0.13828125 0.1796875 0.12265625
1 0.2640625 0.9546875 0.18671875 0.08984375
1 0.6234375 0.97421875 0.24375 0.0515625
1 0.803125 0.07421875 0.228125 0.1484375
1 0.1125 0.0875 0.20859375 0.16875
1 0.29609375 0.31015625 0.15625 0.1296875