1 0.62890625 0.2484375 0.27421875 0.18125
1 0.13671875 0.9265625 0.2109375 0.14609375
1 0.64296875 0.9546875 0.2703125 0.090625
1 0.65234375 0.83671875 0.29921875 0.2046875
1 0.928125 0.94296875 0.14375 0.1140625
1 0.93125 0.83671875 0.1375 0.1640625
1 0.12890625 0.790625 0.2046875 0.14453125
1 0.31953125 0.71640625 0.19609375 0.15625
1 0.65078125 0.68671875 0.1859375 0.1609375
1 0.83671875 0.76875 0.19921875 0.1609375
1 0.9296875 0.6859375 0.140625 0.159375
1 0.8234375 0.4609375 0.28203125 0.2125
1 0.80234375 0.5953125 0.19453125 0.11328125
1 0.9375 0.53046875 0.12421875 0.14140625
1 0.93359375 0.359375 0.1328125 0.17421875
1 0.45625 0.6203125 0.19765625 0.1546875
1 0.3125 0.40859375 0.2390625 0.17109375
1 0.30859375 0.1046875 0.1890625 0.184375
1 0.63046875 0.08203125 0.25078125 0.1640625
1 0.79765625 0.0546875 0.215625 0.109375
1 0.1484375 0.046875 0.178125 0.09296875
1 0.04765625 0.11484375 0.09453125 0.16953125
1 0.1375 0.33203125 0.21796875 0.1890625
1 0.3046875 0.265625 0.2578125 0.1578125
1 0.4546875 0.32578125 0.22578125 0.19296875
1 0.1484375 0.6296875 0.22109375 0.19296875
1 0.31015625 0.56171875 0.209375 0.159375
1 0.1546875 0.4703125 0.2125 0.14453125
1 0.4578125 0.47734375 0.2421875 0.153125
1 0.91796875 0.225 0.1640625 0.18125
1 0.03046875 0.70859375 0.0609375 0.1484375
1 0.0296875 0.5625 0.059375 0.14375