1 0.6203125 0.32734375 0.11875 0.1015625
1 0.13984375 0.2890625 0.1484375 0.0734375
1 0.1359375 0.4359375 0.16875 0.109375
1 0.15 0.571875 0.159375 0.10625
1 0.1671875 0.709375 0.1234375 0.075
1 0.146875 0.846875 0.146875 0.09375
1 0.328125 0.76953125 0.1171875 0.0859375
1 0.46171875 0.596875 0.125 0.09375
1 0.3328125 0.48515625 0.125 0.0859375
1 0.47578125 0.41875 0.1203125 0.0734375
1 0.33203125 0.35625 0.11875 0.0671875
1 0.4453125 0.1453125 0.140625 0.0921875
1 0.4515625 0.0390625 0.1421875 0.078125
1 0.6484375 0.0546875 0.109375 0.0984375
1 0.9140625 0.06328125 0.13125 0.0859375
1 0.778125 0.5546875 0.1359375 0.1015625
1 0.9234375 0.6140625 0.128125 0.0859375
1 0.93125 0.76640625 0.109375 0.1
1 0.759375 0.6890625 0.1046875 0.071875
1 0.621875 0.19375 0.1171875 0.0984375
1 0.76953125 0.25859375 0.0875 0.0796875
1 0.915625 0.1921875 0.115625 0.1015625
1 0.77109375 0.42265625 0.1109375 0.0859375
1 0.93359375 0.4703125 0.11875 0.084375
1 0.93671875 0.33828125 0.1265625 0.0859375
1 0.31640625 0.925 0.0921875 0.0859375
1 0.4796875 0.8484375 0.10625 0.0796875
1 0.94765625 0.903125 0.1046875 0.0984375
1 0.05546875 0.94140625 0.1109375 0.0859375
1 0.46796875 0.97265625 0.115625 0.0546875
1 0.65390625 0.7625 0.0984375 0.0796875