1 0.8875 0.06953125 0.225 0.13828125
1 0.725 0.1125 0.21328125 0.21171875
1 0.90546875 0.35 0.1890625 0.190625
1 0.05390625 0.61953125 0.1078125 0.1671875
1 0.928125 0.68125 0.14375 0.1375
1 0.2 0.97265625 0.2921875 0.0546875
1 0.73046875 0.77734375 0.25859375 0.21875
1 0.35 0.778125 0.209375 0.2
1 0.34453125 0.603125 0.228125 0.2171875
1 0.0609375 0.93359375 0.121875 0.1328125
1 0.5671875 0.96328125 0.20625 0.07265625
1 0.73984375 0.92890625 0.14609375 0.1421875
1 0.92265625 0.97421875 0.1546875 0.0515625
1 0.90390625 0.52109375 0.1921875 0.1578125
1 0.72109375 0.6125 0.2921875 0.18359375
1 0.9140625 0.8578125 0.171875 0.196875
1 0.04921875 0.79140625 0.0984375 0.1515625
1 0.19296875 0.71171875 0.2171875 0.265625
1 0.1953125 0.3921875 0.225 0.17421875
1 0.06484375 0.45234375 0.12890625 0.18203125
1 0.3453125 0.1328125 0.21875 0.18203125
1 0.06015625 0.1375 0.11953125 0.21171875
1 0.17578125 0.0796875 0.20234375 0.159375
1 0.5625 0.34921875 0.17265625 0.22109375
1 0.71640625 0.44765625 0.26796875 0.190625
1 0.36796875 0.26796875 0.25859375 0.196875
1 0.18515625 0.21640625 0.24921875 0.178125
1 0.04921875 0.28203125 0.0984375 0.1546875
1 0.5578125 0.86640625 0.1875 0.16484375