1 0.87734375 0.17265625 0.15625 0.1390625
1 0.87890625 0.42578125 0.1703125 0.13125
1 0.89375 0.5703125 0.1515625 0.125
1 0.72890625 0.62578125 0.15 0.1015625
1 0.57265625 0.84453125 0.1515625 0.096875
1 0.909375 0.83125 0.15 0.09375
1 0.5421875 0.65078125 0.14375 0.09375
1 0.753125 0.82265625 0.134375 0.1125
1 0.72578125 0.5015625 0.1328125 0.1
1 0.8984375 0.71484375 0.1171875 0.1015625
1 0.55546875 0.74453125 0.159375 0.103125
1 0.571875 0.471875 0.1703125 0.11875
1 0.11875 0.41171875 0.121875 0.103125
1 0.26171875 0.4859375 0.15625 0.115625
1 0.2796875 0.61328125 0.1484375 0.1015625
1 0.39765625 0.3796875 0.125 0.078125
1 0.5625 0.31796875 0.1359375 0.1015625
1 0.56875 0.1640625 0.159375 0.08125
1 0.40078125 0.24765625 0.1421875 0.0953125
1 0.26015625 0.3421875 0.125 0.1109375
1 0.25390625 0.18984375 0.140625 0.10625
1 0.39375 0.10546875 0.1328125 0.09375
1 0.096875 0.12265625 0.1328125 0.109375
1 0.25078125 0.0484375 0.134375 0.0859375
1 0.115625 0.5625 0.1328125 0.109375
1 0.55 0.0453125 0.121875 0.090625
1 0.41171875 0.68046875 0.1265625 0.10625
1 0.42421875 0.5390625 0.125 0.08125