1 0.45390625 0.3078125 0.24765625 0.16171875
1 0.80234375 0.1328125 0.19296875 0.16328125
1 0.29921875 0.5296875 0.18515625 0.13828125
1 0.9515625 0.68828125 0.09609375 0.12578125
1 0.790625 0.95546875 0.16328125 0.0890625
1 0.6390625 0.87578125 0.19453125 0.12734375
1 0.828125 0.79296875 0.2234375 0.11796875
1 0.63671875 0.7203125 0.1765625 0.109375
1 0.8078125 0.6265625 0.14921875 0.1125
1 0.440625 0.94296875 0.175 0.1140625
1 0.3078125 0.68984375 0.1671875 0.1328125
1 0.078125 0.6109375 0.15625 0.14921875
1 0.08203125 0.290625 0.16328125 0.1421875
1 0.271875 0.39375 0.21484375 0.1328125
1 0.25 0.209375 0.22734375 0.12734375
1 0.07734375 0.94453125 0.13984375 0.1109375
1 0.2875 0.984375 0.18515625 0.03125
1 0.67734375 0.98515625 0.1578125 0.02890625
1 0.26484375 0.8734375 0.19609375 0.13125
1 0.45078125 0.7875 0.15078125 0.14765625
1 0.1078125 0.7828125 0.20390625 0.11796875
1 0.07421875 0.1171875 0.1484375 0.121875
1 0.26484375 0.05234375 0.1578125 0.1046875
1 0.44609375 0.13203125 0.14921875 0.10546875
1 0.6609375 0.24296875 0.16171875 0.1203125
1 0.96015625 0.3828125 0.0796875 0.1328125
1 0.9609375 0.2265625 0.078125 0.1328125
1 0.971875 0.0390625 0.05625 0.078125
1 0.63515625 0.05625 0.1875 0.1125
1 0.81015625 0.009375 0.16171875 0.01796875
1 0.42109375 0.01328125 0.1890625 0.0265625