1 0.93125 0.878125 0.1375 0.09765625
1 0.62265625 0.69140625 0.11796875 0.09453125
1 0.80390625 0.79453125 0.1546875 0.09296875
1 0.63046875 0.87265625 0.1796875 0.09140625
1 0.14375 0.8640625 0.14453125 0.1265625
1 0.321875 0.82109375 0.13125 0.08984375
1 0.46015625 0.75859375 0.1359375 0.09453125
1 0.32421875 0.68046875 0.109375 0.09765625
1 0.14375 0.7296875 0.1625 0.09609375
1 0.16171875 0.58828125 0.13125 0.103125
1 0.15703125 0.425 0.12109375 0.1078125
1 0.01328125 0.5171875 0.0265625 0.11484375
1 0.13046875 0.2875 0.1296875 0.08984375
1 0.76796875 0.1953125 0.128125 0.09140625
1 0.7859375 0.34296875 0.12265625 0.0828125
1 0.77734375 0.4890625 0.134375 0.11953125
1 0.79453125 0.67265625 0.1296875 0.11484375
1 0.95078125 0.73515625 0.09765625 0.1078125
1 0.9453125 0.5890625 0.109375 0.08828125
1 0.940625 0.42421875 0.11875 0.1078125
1 0.9453125 0.2640625 0.109375 0.08984375
1 0.94140625 0.1453125 0.11328125 0.08125
1 0.78515625 0.04453125 0.1109375 0.0890625
1 0.61640625 0.2078125 0.1359375 0.11328125
1 0.60625 0.3859375 0.1546875 0.10625
1 0.62578125 0.54765625 0.13984375 0.1015625
1 0.44921875 0.61015625 0.1328125 0.08671875
1 0.47421875 0.48671875 0.14609375 0.1015625
1 0.4484375 0.32421875 0.13125 0.08984375
1 0.290625 0.3875 0.1296875 0.1046875
1 0.32109375 0.5546875 0.12421875 0.103125
1 0.29765625 0.23671875 0.1265625 0.08125
1 0.44609375 0.2 0.12109375 0.09140625
1 0.12109375 0.14453125 0.1578125 0.103125
1 0.3125 0.0921875 0.11953125 0.09296875
1 0.45703125 0.046875 0.14921875 0.09296875
1 0.13671875 0.02890625 0.1578125 0.0578125
1 0.01640625 0.2453125 0.0328125 0.1
1 0.153125 0.51796875 0.1296875 0.09296875
1 0.28671875 0.98125 0.1453125 0.0375
1 0.59921875 0.0578125 0.14296875 0.08984375