1 0.128125 0.8328125 0.175 0.15546875
1 0.1265625 0.55 0.190625 0.146875
1 0.11015625 0.38828125 0.16953125 0.13984375
1 0.29453125 0.32578125 0.16796875 0.11328125
1 0.46953125 0.08125 0.16953125 0.10859375
1 0.09296875 0.09609375 0.16796875 0.1046875
1 0.503125 0.2984375 0.1609375 0.1046875
1 0.2671875 0.10546875 0.15 0.12578125
1 0.2984375 0.46484375 0.1484375 0.11171875
1 0.1046875 0.2265625 0.13125 0.11328125
1 0.48828125 0.19296875 0.178125 0.115625
1 0.4703125 0.4984375 0.190625 0.1328125
1 0.9546875 0.56640625 0.090625 0.115625
1 0.8171875 0.4828125 0.175 0.1296875
1 0.796875 0.33984375 0.16640625 0.11328125
1 0.66484375 0.6015625 0.13984375 0.0875
1 0.48046875 0.6703125 0.15234375 0.11328125
1 0.4734375 0.84296875 0.178125 0.090625
1 0.66171875 0.74921875 0.159375 0.10703125
1 0.81875 0.64296875 0.13984375 0.12421875
1 0.82578125 0.8140625 0.15703125 0.11875
1 0.66953125 0.90859375 0.1484375 0.1046875
1 0.9640625 0.88984375 0.071875 0.12265625
1 0.83046875 0.9625 0.15 0.075
1 0.95390625 0.39765625 0.0921875 0.1234375
1 0.49453125 0.9625 0.13671875 0.075
1 0.64921875 0.26484375 0.14140625 0.11875
1 0.63515625 0.4234375 0.13984375 0.090625