1 0.4609375 0.24375 0.29296875 0.21953125
1 0.1421875 0.2109375 0.28203125 0.2015625
1 0.50390625 0.40390625 0.27109375 0.2109375
1 0.08984375 0.33203125 0.1796875 0.1640625
1 0.3125 0.4625 0.19296875 0.16953125
1 0.1375 0.49140625 0.275 0.19609375
1 0.6625 0.6234375 0.2484375 0.19140625
1 0.32265625 0.61640625 0.22890625 0.15546875
1 0.31875 0.7734375 0.2109375 0.175
1 0.47734375 0.83515625 0.28203125 0.2
1 0.81328125 0.97265625 0.2703125 0.0546875
1 0.47578125 0.9640625 0.21953125 0.07109375
1 0.13203125 0.9609375 0.2640625 0.078125
1 0.0265625 0.91875 0.053125 0.1625
1 0.83671875 0.85625 0.26953125 0.19140625
1 0.65703125 0.925 0.20703125 0.15
1 0.97421875 0.88828125 0.0515625 0.1125
1 0.66328125 0.77265625 0.22890625 0.17890625
1 0.83359375 0.6859375 0.2234375 0.15859375
1 0.4875 0.64140625 0.25390625 0.19296875
1 0.1375 0.68125 0.275 0.21640625
1 0.04453125 0.7609375 0.0890625 0.17890625
1 0.12578125 0.85859375 0.21953125 0.15859375
1 0.31328125 0.90703125 0.18203125 0.1359375
1 0.8703125 0.50625 0.2484375 0.2015625
1 0.82109375 0.34453125 0.22890625 0.2
1 0.29921875 0.0625 0.23046875 0.125
1 0.76171875 0.06796875 0.2265625 0.1359375
1 0.946875 0.24296875 0.10625 0.1796875
1 0.9578125 0.38828125 0.08359375 0.1484375
1 0.96953125 0.58984375 0.0609375 0.13359375
1 0.48515625 0.05703125 0.1765625 0.1140625
1 0.5765625 0.11875 0.24140625 0.1625
1 0.01484375 0.2078125 0.0296875 0.1625
1 0.96875 0.73515625 0.0625 0.16640625
1 0.94140625 0.0859375 0.1171875 0.15625