1 0.96640625 0.97421875 0.0671875 0.0515625
1 0.69921875 0.99140625 0.278125 0.0171875
1 0.04609375 0.98046875 0.0921875 0.0390625
1 0.03046875 0.8390625 0.0609375 0.16875
1 0.1625 0.78828125 0.21640625 0.17734375
1 0.3734375 0.8734375 0.209375 0.11875
1 0.32421875 0.70390625 0.19765625 0.1875
1 0.16953125 0.6328125 0.18359375 0.10859375
1 0.690625 0.85546875 0.21328125 0.1171875
1 0.8703125 0.8015625 0.21640625 0.15625
1 0.6921875 0.70390625 0.18046875 0.1390625
1 0.85078125 0.63203125 0.2234375 0.14296875
1 0.93671875 0.59453125 0.1265625 0.1796875
1 0.9546875 0.3953125 0.090625 0.190625
1 0.50234375 0.66328125 0.17734375 0.18046875
1 0.490625 0.5140625 0.190625 0.140625
1 0.6703125 0.43359375 0.275 0.14453125
1 0.1625 0.5078125 0.2203125 0.11328125
1 0.32421875 0.41640625 0.16328125 0.1546875
1 0.48828125 0.35234375 0.16015625 0.14296875
1 0.12890625 0.3671875 0.1859375 0.1375
1 0.3046875 0.26796875 0.1890625 0.11875
1 0.1453125 0.19609375 0.14296875 0.13203125
1 0.66953125 0.2796875 0.21171875 0.12578125
1 0.48828125 0.1875 0.1546875 0.16171875
1 0.31875 0.121875 0.14609375 0.12578125
1 0.13046875 0.053125 0.1515625 0.10625
1 0.653125 0.1015625 0.16484375 0.14921875
1 0.821875 0.059375 0.22890625 0.11875
1 0.4734375 0.04765625 0.18125 0.0953125
1 0.29453125 0.01875 0.1390625 0.0375