1 0.178125 0.14296875 0.24140625 0.175
1 0.34375 0.20703125 0.20078125 0.134375
1 0.5546875 0.1375 0.2453125 0.15859375
1 0.8984375 0.1328125 0.15703125 0.14765625
1 0.2 0.3203125 0.19921875 0.16015625
1 0.56953125 0.3 0.1625 0.13828125
1 0.70859375 0.19453125 0.13125 0.16796875
1 0.90625 0.29921875 0.1875 0.1421875
1 0.9265625 0.45703125 0.146875 0.1578125
1 0.71484375 0.3734375 0.14375 0.12734375
1 0.71953125 0.553125 0.1640625 0.1234375
1 0.56796875 0.47265625 0.203125 0.13828125
1 0.1765625 0.47890625 0.22109375 0.12578125
1 0.38125 0.37265625 0.1140625 0.1546875
1 0.03125 0.22265625 0.0625 0.134375
1 0.0375 0.4015625 0.075 0.14375
1 0.0296875 0.5671875 0.059375 0.13828125
1 0.2140625 0.64296875 0.2046875 0.11640625
1 0.03515625 0.71484375 0.0703125 0.1203125
1 0.21953125 0.803125 0.24140625 0.15703125
1 0.04140625 0.884375 0.0828125 0.171875
1 0.575 0.659375 0.23046875 0.13671875
1 0.7203125 0.71953125 0.175 0.134375
1 0.93046875 0.79609375 0.134375 0.1515625
1 0.92265625 0.64453125 0.09765625 0.12890625
1 0.73046875 0.8875 0.15703125 0.14765625
1 0.2140625 0.95859375 0.19921875 0.0828125
1 0.38125 0.89375 0.19375 0.1625
1 0.59140625 0.95546875 0.16796875 0.08828125
1 0.9328125 0.95625 0.134375 0.0875