1 0.49609375 0.40078125 0.10625 0.09375
1 0.665625 0.20703125 0.1328125 0.084375
1 0.6671875 0.33984375 0.1140625 0.0765625
1 0.671875 0.48671875 0.0859375 0.075
1 0.32421875 0.196875 0.1296875 0.078125
1 0.453125 0.153125 0.09375 0.090625
1 0.17421875 0.2890625 0.1234375 0.096875
1 0.19296875 0.1578125 0.125 0.0875
1 0.2140625 0.428125 0.1296875 0.0984375
1 0.3578125 0.4953125 0.1109375 0.1015625
1 0.3484375 0.61875 0.1125 0.0953125
1 0.35234375 0.76875 0.1046875 0.084375
1 0.54140625 0.8421875 0.0890625 0.0828125
1 0.81796875 0.5625 0.121875 0.1015625
1 0.43125 0.95078125 0.1390625 0.0984375
1 0.05546875 0.91640625 0.1109375 0.0921875
1 0.04453125 0.7859375 0.0890625 0.0796875
1 0.0484375 0.64765625 0.096875 0.0984375
1 0.0515625 0.496875 0.103125 0.09375
1 0.815625 0.2703125 0.096875 0.08125
1 0.946875 0.35 0.10625 0.06875
1 0.94375 0.2015625 0.0734375 0.0703125
1 0.8203125 0.42265625 0.090625 0.078125
1 0.9671875 0.63359375 0.065625 0.075
1 0.809375 0.71015625 0.1171875 0.0828125
1 0.66484375 0.7765625 0.0921875 0.0859375
1 0.80859375 0.8328125 0.1109375 0.08125
1 0.96171875 0.8953125 0.0765625 0.1015625
1 0.6734375 0.9125 0.078125 0.059375
1 0.82421875 0.97265625 0.1140625 0.0546875
1 0.33828125 0.3546875 0.109375 0.08125