1 0.290625 0.23671875 0.24375 0.2015625
1 0.6140625 0.07578125 0.1921875 0.1203125
1 0.6140625 0.22265625 0.240625 0.178125
1 0.30703125 0.09921875 0.1609375 0.1140625
1 0.1734375 0.16015625 0.259375 0.20625
1 0.47109375 0.15078125 0.1671875 0.1453125
1 0.765625 0.16640625 0.2171875 0.1484375
1 0.47578125 0.04609375 0.184375 0.0921875
1 0.2015625 0.03671875 0.1671875 0.0734375
1 0.06171875 0.0625 0.1234375 0.125
1 0.18359375 0.43984375 0.2265625 0.1984375
1 0.18125 0.58359375 0.2296875 0.1484375
1 0.1796875 0.72265625 0.1953125 0.14375
1 0.47265625 0.721875 0.16875 0.128125
1 0.61953125 0.6515625 0.1921875 0.1359375
1 0.61328125 0.36640625 0.2265625 0.1484375
1 0.90546875 0.4984375 0.1890625 0.1609375
1 0.4765625 0.5859375 0.2359375 0.1625
1 0.6171875 0.5109375 0.2453125 0.15625
1 0.9046875 0.228125 0.190625 0.1828125
1 0.92421875 0.078125 0.1515625 0.134375
1 0.75546875 0.04609375 0.1515625 0.0921875
1 0.46875 0.29375 0.1875 0.13125
1 0.47265625 0.44609375 0.2078125 0.146875
1 0.76171875 0.446875 0.2140625 0.1671875
1 0.75859375 0.3078125 0.1828125 0.13125
1 0.18046875 0.86796875 0.1921875 0.1421875
1 0.6234375 0.790625 0.1859375 0.1421875
1 0.4890625 0.86484375 0.2078125 0.1375
1 0.77265625 0.72421875 0.2 0.184375
1 0.92109375 0.92890625 0.1578125 0.1421875
1 0.328125 0.80234375 0.15625 0.146875
1 0.3203125 0.67265625 0.1515625 0.1640625
1 0.05 0.93984375 0.1 0.1203125
1 0.31171875 0.9265625 0.1765625 0.146875
1 0.63671875 0.93203125 0.203125 0.1359375
1 0.76171875 0.8546875 0.178125 0.125
1 0.91953125 0.78359375 0.1609375 0.14375
1 0.91640625 0.64453125 0.1671875 0.175
1 0.790625 0.96796875 0.1328125 0.0640625
1 0.0359375 0.803125 0.071875 0.128125
1 0.0328125 0.65 0.065625 0.165625
1 0.0453125 0.503125 0.090625 0.178125
1 0.04921875 0.3484375 0.0984375 0.1390625
1 0.0453125 0.21796875 0.090625 0.1859375