1 0.546875 0.4 0.2203125 0.128125
1 0.19609375 0.54765625 0.21484375 0.14140625
1 0.21875 0.871875 0.19453125 0.128125
1 0.215625 0.1109375 0.146875 0.1078125
1 0.05625 0.05390625 0.1125 0.1078125
1 0.69765625 0.0546875 0.15859375 0.08515625
1 0.365625 0.05 0.175 0.1
1 0.53359375 0.09921875 0.1484375 0.10234375
1 0.70703125 0.18515625 0.11953125 0.11953125
1 0.87890625 0.24609375 0.15390625 0.109375
1 0.87265625 0.1015625 0.15390625 0.10390625
1 0.35 0.184375 0.1453125 0.08515625
1 0.5359375 0.25703125 0.15703125 0.0890625
1 0.72421875 0.3328125 0.1671875 0.109375
1 0.9125 0.42109375 0.175 0.1234375
1 0.896875 0.73046875 0.1640625 0.11953125
1 0.86796875 0.98046875 0.17578125 0.0390625
1 0.90703125 0.85859375 0.184375 0.1109375
1 0.55390625 0.85546875 0.1328125 0.13125
1 0.05234375 0.8 0.10390625 0.12265625
1 0.0625 0.6546875 0.12421875 0.09765625
1 0.36484375 0.64921875 0.17890625 0.1125
1 0.190625 0.7203125 0.14296875 0.0953125
1 0.37578125 0.80625 0.17734375 0.1109375
1 0.5609375 0.71640625 0.165625 0.11640625
1 0.70390625 0.63359375 0.17421875 0.10078125
1 0.8875 0.575 0.17734375 0.1109375
1 0.725 0.50546875 0.165625 0.11953125
1 0.559375 0.56171875 0.1453125 0.1078125
1 0.72578125 0.81796875 0.146875 0.11953125
1 0.3828125 0.94765625 0.14140625 0.10390625
1 0.37421875 0.48046875 0.1484375 0.09921875
1 0.36328125 0.34375 0.13515625 0.10234375