1 0.59921875 0.06484375 0.1609375 0.1296875
1 0.271875 0.23671875 0.13515625 0.128125
1 0.43515625 0.171875 0.1796875 0.1140625
1 0.2671875 0.06796875 0.13125 0.10234375
1 0.41953125 0.01875 0.1609375 0.0375
1 0.08125 0.1453125 0.1625 0.10390625
1 0.0765625 0.0171875 0.153125 0.034375
1 0.925 0.078125 0.15 0.10625
1 0.75546875 0.1421875 0.17109375 0.1140625
1 0.9328125 0.21875 0.134375 0.103125
1 0.27109375 0.58125 0.109375 0.096875
1 0.071875 0.4890625 0.14375 0.10234375
1 0.41640625 0.4765625 0.175 0.08828125
1 0.58984375 0.38203125 0.13125 0.0984375
1 0.41484375 0.33046875 0.15234375 0.08125
1 0.596875 0.22890625 0.1296875 0.08828125
1 0.77734375 0.3 0.13828125 0.08671875
1 0.9453125 0.38671875 0.109375 0.08515625
1 0.78125 0.45859375 0.13125 0.08671875
1 0.94296875 0.546875 0.1140625 0.10390625
1 0.95625 0.6921875 0.0875 0.078125
1 0.78828125 0.615625 0.13515625 0.10546875
1 0.60390625 0.55 0.159375 0.0984375
1 0.596875 0.70625 0.13515625 0.09140625
1 0.42109375 0.65234375 0.14375 0.1
1 0.421875 0.8234375 0.13828125 0.10390625
1 0.2796875 0.79296875 0.12109375 0.10703125
1 0.59609375 0.86875 0.1609375 0.10703125
1 0.7734375 0.7734375 0.15390625 0.1296875
1 0.93359375 0.8859375 0.1328125 0.134375
1 0.76328125 0.90859375 0.14375 0.10234375
1 0.11171875 0.94296875 0.13359375 0.10703125
1 0.27109375 0.8875 0.11796875 0.1
1 0.128125 0.80859375 0.1109375 0.10390625