1 0.8265625 0.7140625 0.11015625 0.17421875
1 0.91640625 0.440625 0.16328125 0.11015625
1 0.92265625 0.86015625 0.1546875 0.1046875
1 0.82890625 0.90546875 0.1140625 0.12890625
1 0.7 0.89453125 0.1421875 0.140625
1 0.07578125 0.4140625 0.1515625 0.05625
1 0.2671875 0.4921875 0.159375 0.121875
1 0.49375 0.42109375 0.196875 0.07109375
1 0.68828125 0.49609375 0.16640625 0.13515625
1 0.69453125 0.69921875 0.15390625 0.1328125
1 0.50390625 0.5859375 0.16328125 0.11640625
1 0.2734375 0.69375 0.18515625 0.11953125
1 0.0640625 0.5890625 0.128125 0.121875
1 0.0546875 0.76953125 0.10859375 0.13515625
1 0.24453125 0.89609375 0.178125 0.1140625
1 0.4984375 0.79765625 0.18515625 0.11640625
1 0.50546875 0.96796875 0.25078125 0.06328125
1 0.08203125 0.97109375 0.1640625 0.0578125
1 0.9109375 0.2625 0.178125 0.14609375
1 0.35859375 0.06875 0.2015625 0.1375
1 0.571875 0.1609375 0.1421875 0.09921875
1 0.13984375 0.16484375 0.16328125 0.09765625
1 0.1515625 0.35859375 0.13828125 0.0546875
1 0.5671875 0.340625 0.17578125 0.08984375
1 0.7484375 0.25078125 0.046875 0.12734375
1 0.73984375 0.065625 0.06328125 0.1125