1 0.88125 0.13359375 0.14765625 0.10546875
1 0.7171875 0.05859375 0.1734375 0.115625
1 0.390625 0.0578125 0.15390625 0.10390625
1 0.0671875 0.0578125 0.134375 0.103125
1 0.21015625 0.13984375 0.1484375 0.10390625
1 0.384375 0.215625 0.14609375 0.10859375
1 0.52578125 0.14765625 0.15 0.09296875
1 0.71484375 0.20234375 0.1484375 0.09765625
1 0.86328125 0.30078125 0.13984375 0.1171875
1 0.7265625 0.3796875 0.14609375 0.10234375
1 0.5484375 0.30546875 0.12421875 0.10390625
1 0.3921875 0.3875 0.14609375 0.10859375
1 0.21796875 0.29453125 0.1578125 0.10625
1 0.06015625 0.21171875 0.1203125 0.11171875
1 0.0625 0.375 0.125 0.109375
1 0.05546875 0.534375 0.1109375 0.08984375
1 0.2109375 0.4515625 0.12109375 0.11015625
1 0.20390625 0.609375 0.1265625 0.11484375
1 0.0578125 0.68828125 0.11484375 0.11796875
1 0.0515625 0.83984375 0.103125 0.09140625
1 0.0609375 0.95234375 0.12109375 0.09453125
1 0.20859375 0.778125 0.13671875 0.1
1 0.38359375 0.5375 0.15546875 0.1140625
1 0.54765625 0.471875 0.13671875 0.12421875
1 0.88203125 0.46171875 0.12265625 0.10078125
1 0.72109375 0.5375 0.1265625 0.1140625
1 0.55234375 0.6203125 0.13984375 0.11171875
1 0.40703125 0.6890625 0.15 0.11015625
1 0.38984375 0.84375 0.1359375 0.11484375
1 0.7203125 0.69921875 0.15546875 0.109375
1 0.88671875 0.6171875 0.14453125 0.10390625
1 0.884375 0.77109375 0.1734375 0.1171875
1 0.73203125 0.85703125 0.165625 0.11796875
1 0.55703125 0.9390625 0.13984375 0.115625
1 0.72890625 0.953125 0.1453125 0.09375
1 0.88515625 0.92890625 0.13671875 0.10234375