1 0.1484375 0.1265625 0.1125 0.08203125
1 0.14765625 0.25625 0.08671875 0.07265625
1 0.14921875 0.40625 0.10546875 0.0890625
1 0.1359375 0.553125 0.0984375 0.0890625
1 0.1515625 0.70625 0.0984375 0.08515625
1 0.3171875 0.06875 0.10234375 0.0765625
1 0.29375 0.1875 0.09140625 0.07265625
1 0.3015625 0.3453125 0.0921875 0.0796875
1 0.309375 0.48828125 0.08984375 0.078125
1 0.30703125 0.62734375 0.1140625 0.08203125
1 0.3046875 0.7796875 0.10078125 0.0875
1 0.46015625 0.12734375 0.11015625 0.08046875
1 0.44765625 0.2640625 0.09140625 0.07265625
1 0.4546875 0.40078125 0.10078125 0.07578125
1 0.45234375 0.5453125 0.109375 0.09375
1 0.4453125 0.69296875 0.103125 0.08125
1 0.4515625 0.84921875 0.11015625 0.08046875
1 0.60546875 0.04921875 0.09140625 0.06875
1 0.60390625 0.19375 0.103125 0.07109375
1 0.61796875 0.33359375 0.08984375 0.078125
1 0.61328125 0.4921875 0.103125 0.084375
1 0.6046875 0.628125 0.10234375 0.08359375
1 0.61015625 0.77734375 0.1046875 0.0875
1 0.75234375 0.1359375 0.109375 0.08203125
1 0.75703125 0.27890625 0.109375 0.08359375
1 0.759375 0.4046875 0.10234375 0.0796875
1 0.7515625 0.55703125 0.115625 0.096875
1 0.75078125 0.70078125 0.10078125 0.0875
1 0.76484375 0.85078125 0.109375 0.08359375
1 0.43359375 0.96953125 0.1171875 0.0609375
1 0.7421875 0.97109375 0.12109375 0.05703125
1 0.91328125 0.77890625 0.096875 0.08515625
1 0.90859375 0.6375 0.1046875 0.08984375
1 0.9125 0.4953125 0.125 0.08359375
1 0.9078125 0.34375 0.1 0.0765625
1 0.91875 0.20859375 0.12578125 0.096875
1 0.9140625 0.06171875 0.09453125 0.07578125