1 0.89453125 0.88515625 0.12109375 0.1
1 0.72421875 0.959375 0.14140625 0.08125
1 0.54375 0.8671875 0.11015625 0.10234375
1 0.36875 0.95234375 0.11796875 0.0953125
1 0.19453125 0.87734375 0.10703125 0.10234375
1 0.04921875 0.95859375 0.0953125 0.0828125
1 0.046875 0.80703125 0.09375 0.1328125
1 0.37265625 0.79921875 0.12109375 0.0859375
1 0.2 0.709375 0.12109375 0.08671875
1 0.040625 0.63828125 0.08125 0.0890625
1 0.20234375 0.55703125 0.1234375 0.1078125
1 0.3609375 0.64453125 0.115625 0.096875
1 0.54296875 0.7125 0.1171875 0.10546875
1 0.72109375 0.79609375 0.115625 0.10546875
1 0.88203125 0.71953125 0.1265625 0.10234375
1 0.71640625 0.63125 0.11171875 0.10078125
1 0.53125 0.5546875 0.13203125 0.10546875
1 0.3703125 0.46015625 0.13046875 0.09140625
1 0.53203125 0.38828125 0.14296875 0.1078125
1 0.71640625 0.4734375 0.1171875 0.11796875
1 0.8890625 0.55078125 0.1234375 0.0953125
1 0.890625 0.384375 0.11171875 0.11796875
1 0.37265625 0.30859375 0.12265625 0.115625
1 0.18984375 0.3859375 0.12734375 0.103125
1 0.04609375 0.4625 0.0921875 0.096875
1 0.04140625 0.2984375 0.0828125 0.1
1 0.03359375 0.1296875 0.06640625 0.103125
1 0.18671875 0.2171875 0.12734375 0.103125
1 0.1921875 0.05 0.12890625 0.1
1 0.37265625 0.13671875 0.13046875 0.10078125
1 0.53515625 0.209375 0.11796875 0.09765625
1 0.540625 0.07109375 0.1328125 0.11328125
1 0.734375 0.15078125 0.134375 0.1109375
1 0.890625 0.20859375 0.1375 0.11953125
1 0.884375 0.06640625 0.11796875 0.096875