1 0.2359375 0.021875 0.121875 0.04375
1 0.0859375 0.08515625 0.10859375 0.08671875
1 0.58125 0.025 0.1109375 0.05
1 0.8890625 0.025 0.1125 0.05
1 0.42421875 0.08984375 0.08828125 0.07265625
1 0.0875 0.24921875 0.11640625 0.08203125
1 0.0859375 0.40390625 0.10234375 0.08359375
1 0.08359375 0.5515625 0.10078125 0.10390625
1 0.24921875 0.1671875 0.1125 0.10078125
1 0.2484375 0.33984375 0.10703125 0.0859375
1 0.09296875 0.70390625 0.10234375 0.0765625
1 0.07890625 0.878125 0.1203125 0.08671875
1 0.2546875 0.48984375 0.11484375 0.09609375
1 0.24921875 0.63125 0.10234375 0.0828125
1 0.23828125 0.80078125 0.09453125 0.0921875
1 0.42421875 0.24921875 0.10859375 0.09453125
1 0.42265625 0.4109375 0.12109375 0.09140625
1 0.4234375 0.56015625 0.1109375 0.09296875
1 0.4125 0.7109375 0.09296875 0.11875
1 0.4140625 0.87109375 0.134375 0.08671875
1 0.571875 0.1640625 0.08828125 0.08984375
1 0.57421875 0.33359375 0.096875 0.0859375
1 0.58125 0.48828125 0.10234375 0.08671875
1 0.56015625 0.634375 0.11015625 0.0890625
1 0.571875 0.796875 0.0921875 0.09296875
1 0.56953125 0.953125 0.11875 0.09296875
1 0.7453125 0.1015625 0.1 0.0828125
1 0.903125 0.1671875 0.11640625 0.0796875
1 0.74609375 0.253125 0.07578125 0.059375
1 0.9 0.31796875 0.09609375 0.0859375
1 0.7515625 0.41484375 0.06875 0.0671875
1 0.89296875 0.4765625 0.096875 0.08359375
1 0.73984375 0.55625 0.07421875 0.0921875
1 0.74296875 0.7078125 0.1109375 0.08046875
1 0.90625 0.6375 0.0921875 0.07578125
1 0.73046875 0.8609375 0.09453125 0.0796875
1 0.89609375 0.78359375 0.084375 0.0734375
1 0.89140625 0.93046875 0.084375 0.08203125