1 0.84453125 0.9890625 0.1375 0.021875
1 0.50234375 0.990625 0.1234375 0.01875
1 0.1265625 0.990625 0.140625 0.01875
1 0.31015625 0.9390625 0.1390625 0.0984375
1 0.85 0.87578125 0.1171875 0.0953125
1 0.5046875 0.85390625 0.1234375 0.09375
1 0.1375 0.86171875 0.1234375 0.10859375
1 0.30078125 0.7546875 0.134375 0.103125
1 0.5015625 0.68046875 0.1359375 0.10625
1 0.6625 0.76796875 0.1359375 0.09375
1 0.978125 0.77734375 0.04375 0.1015625
1 0.84140625 0.68203125 0.13046875 0.10078125
1 0.9765625 0.59296875 0.046875 0.11015625
1 0.6625 0.60390625 0.1328125 0.10546875
1 0.1390625 0.684375 0.11171875 0.0859375
1 0.3 0.5921875 0.1328125 0.0890625
1 0.5078125 0.5203125 0.12734375 0.0890625
1 0.8671875 0.51640625 0.11640625 0.08671875
1 0.68125 0.434375 0.13046875 0.09921875
1 0.30703125 0.43046875 0.12734375 0.10390625
1 0.49921875 0.35234375 0.125 0.10078125
1 0.859375 0.340625 0.16015625 0.09609375
1 0.678125 0.26328125 0.12734375 0.10546875
1 0.30859375 0.25078125 0.13203125 0.10859375
1 0.1484375 0.52578125 0.13203125 0.09609375
1 0.1546875 0.34296875 0.14296875 0.0984375
1 0.85234375 0.1640625 0.12578125 0.09609375
1 0.9875 0.0875 0.025 0.0875
1 0.6828125 0.10546875 0.11484375 0.07890625
1 0.5 0.17421875 0.11875 0.0984375
1 0.1421875 0.17890625 0.11171875 0.084375
1 0.86796875 0.03125 0.1390625 0.06171875
1 0.50390625 0.02578125 0.1390625 0.0515625
1 0.31640625 0.08046875 0.12734375 0.08828125
1 0.140625 0.015625 0.11484375 0.03125