1 0.24375 0.06015625 0.11640625 0.08828125
1 0.53515625 0.0625 0.1046875 0.0796875
1 0.853125 0.0609375 0.11953125 0.0828125
1 0.696875 0.1375 0.1171875 0.08359375
1 0.23984375 0.190625 0.09921875 0.08046875
1 0.53203125 0.209375 0.1046875 0.0796875
1 0.84296875 0.20234375 0.1046875 0.0921875
1 0.7046875 0.29375 0.1140625 0.0875
1 0.53515625 0.35625 0.11484375 0.08984375
1 0.3984375 0.28203125 0.11484375 0.0796875
1 0.0921875 0.27421875 0.11640625 0.0859375
1 0.246875 0.3546875 0.11015625 0.08515625
1 0.090625 0.43125 0.125 0.09296875
1 0.3984375 0.42109375 0.1125 0.0890625
1 0.84140625 0.353125 0.09453125 0.07265625
1 0.7046875 0.43125 0.1125 0.07578125
1 0.5296875 0.49140625 0.1078125 0.07578125
1 0.22578125 0.4953125 0.0984375 0.0734375
1 0.3828125 0.56484375 0.11015625 0.084375
1 0.69921875 0.56796875 0.1078125 0.08828125
1 0.53671875 0.634375 0.10546875 0.08515625
1 0.23203125 0.64375 0.13515625 0.08125
1 0.38515625 0.71015625 0.1078125 0.0890625
1 0.69765625 0.7203125 0.11171875 0.0921875
1 0.83359375 0.4875 0.11171875 0.08125
1 0.82890625 0.6421875 0.12109375 0.08359375
1 0.2375 0.79375 0.10703125 0.08125
1 0.08359375 0.859375 0.1015625 0.0734375
1 0.38125 0.84375 0.096875 0.0671875
1 0.5359375 0.78515625 0.10078125 0.08359375
1 0.8390625 0.78125 0.09453125 0.071875
1 0.225 0.9203125 0.1171875 0.07890625
1 0.53203125 0.92890625 0.1171875 0.07890625
1 0.69140625 0.86484375 0.1078125 0.075
1 0.83984375 0.94296875 0.096875 0.071875