1 0.0828125 0.03984375 0.165625 0.0796875
1 0.08515625 0.178125 0.1703125 0.10625
1 0.084375 0.3359375 0.16875 0.10546875
1 0.08125 0.4984375 0.16171875 0.1296875
1 0.08671875 0.63359375 0.15390625 0.0828125
1 0.08671875 0.796875 0.153125 0.09453125
1 0.08125 0.95625 0.153125 0.0875
1 0.2640625 0.096875 0.13203125 0.10390625
1 0.26015625 0.24296875 0.1125 0.09453125
1 0.24609375 0.40546875 0.1125 0.103125
1 0.24453125 0.56640625 0.11328125 0.09296875
1 0.24375 0.728125 0.1046875 0.08984375
1 0.24609375 0.88671875 0.09765625 0.09453125
1 0.43359375 0.02734375 0.11484375 0.0546875
1 0.425 0.1859375 0.1109375 0.090625
1 0.41484375 0.34609375 0.125 0.0859375
1 0.40703125 0.49296875 0.1203125 0.096875
1 0.40703125 0.65 0.13203125 0.08828125
1 0.41484375 0.8 0.12109375 0.09375
1 0.41875 0.95859375 0.1125 0.08203125
1 0.59140625 0.2515625 0.1125 0.10078125
1 0.57734375 0.42421875 0.1203125 0.103125
1 0.578125 0.57109375 0.11328125 0.09921875
1 0.58125 0.7390625 0.11328125 0.090625
1 0.58046875 0.8796875 0.1125 0.09296875
1 0.75078125 0.03984375 0.109375 0.07890625
1 0.74375 0.31640625 0.13046875 0.084375
1 0.74453125 0.50234375 0.128125 0.096875
1 0.75390625 0.66015625 0.1125 0.090625
1 0.73984375 0.815625 0.11328125 0.0859375
1 0.7421875 0.95390625 0.10546875 0.08515625
1 0.9 0.1171875 0.1125 0.08125
1 0.89921875 0.23984375 0.1125 0.08515625
1 0.9140625 0.40546875 0.11875 0.10078125
1 0.903125 0.5765625 0.1203125 0.09453125
1 0.91015625 0.7265625 0.10546875 0.0875
1 0.9234375 0.8890625 0.09921875 0.078125