1 0.3109375 0.06953125 0.11796875 0.075
1 0.63046875 0.06484375 0.109375 0.07109375
1 0.92890625 0.06171875 0.13203125 0.0890625
1 0.175 0.1390625 0.12265625 0.0859375
1 0.31015625 0.21328125 0.1078125 0.08359375
1 0.15859375 0.27109375 0.109375 0.0734375
1 0.309375 0.34609375 0.115625 0.0796875
1 0.16484375 0.41484375 0.1203125 0.07734375
1 0.6234375 0.2078125 0.12109375 0.0875
1 0.4765625 0.284375 0.125 0.09140625
1 0.47890625 0.43125 0.10546875 0.08359375
1 0.62734375 0.35390625 0.0984375 0.08359375
1 0.78203125 0.27265625 0.1234375 0.08046875
1 0.925 0.35546875 0.10078125 0.08984375
1 0.47578125 0.57421875 0.109375 0.0828125
1 0.16171875 0.57109375 0.1203125 0.09765625
1 0.3140625 0.63359375 0.103125 0.08046875
1 0.1546875 0.725 0.1140625 0.0796875
1 0.3046875 0.78984375 0.11875 0.08828125
1 0.15859375 0.878125 0.109375 0.07734375
1 0.7734375 0.4140625 0.10234375 0.0734375
1 0.92734375 0.49921875 0.09609375 0.07734375
1 0.77734375 0.5625 0.12109375 0.0890625
1 0.63046875 0.64609375 0.109375 0.08046875
1 0.91953125 0.6359375 0.096875 0.0828125
1 0.7859375 0.71796875 0.0921875 0.08515625
1 0.47109375 0.853125 0.11796875 0.09609375
1 0.6296875 0.78046875 0.1125 0.0875
1 0.79609375 0.85390625 0.11171875 0.0875
1 0.6203125 0.92109375 0.12109375 0.08828125
1 0.92265625 0.78671875 0.10234375 0.08828125