1 0.1515625 0.11875 0.115625 0.1
1 0.29140625 0.04296875 0.1234375 0.08515625
1 0.59609375 0.04453125 0.128125 0.0890625
1 0.8984375 0.04453125 0.115625 0.0890625
1 0.75390625 0.1140625 0.1234375 0.08828125
1 0.45234375 0.121875 0.128125 0.103125
1 0.59609375 0.1859375 0.128125 0.0796875
1 0.89140625 0.1859375 0.128125 0.0828125
1 0.7578125 0.25234375 0.1140625 0.075
1 0.884375 0.32578125 0.11875 0.084375
1 0.7390625 0.38046875 0.10703125 0.096875
1 0.60078125 0.32421875 0.11875 0.08125
1 0.4484375 0.265625 0.11796875 0.08984375
1 0.28828125 0.184375 0.11640625 0.08828125
1 0.15703125 0.25625 0.11015625 0.1046875
1 0.2890625 0.33828125 0.125 0.06953125
1 0.440625 0.39375 0.1140625 0.08515625
1 0.1515625 0.39296875 0.11875 0.0953125
1 0.6015625 0.47109375 0.12578125 0.08359375
1 0.8875 0.47109375 0.11015625 0.08359375
1 0.73984375 0.546875 0.14765625 0.08359375
1 0.88984375 0.6140625 0.11796875 0.09140625
1 0.9078125 0.76328125 0.1234375 0.09375
1 0.9 0.9203125 0.1125 0.09140625
1 0.75234375 0.8359375 0.11171875 0.084375
1 0.74453125 0.6921875 0.1234375 0.10703125
1 0.5890625 0.61953125 0.1125 0.1
1 0.43515625 0.55078125 0.125 0.10390625
1 0.27890625 0.475 0.128125 0.10859375
1 0.146875 0.5515625 0.1390625 0.0890625
1 0.2890625 0.615625 0.128125 0.10078125
1 0.43359375 0.69140625 0.15234375 0.09296875
1 0.584375 0.75390625 0.1390625 0.09765625
1 0.5828125 0.90234375 0.1515625 0.1078125
1 0.2734375 0.915625 0.12109375 0.1
1 0.15 0.83046875 0.128125 0.09296875
1 0.1296875 0.68203125 0.12109375 0.0859375
1 0.2875 0.77109375 0.10703125 0.09375
1 0.43671875 0.83046875 0.12734375 0.0859375
1 0.43359375 0.9703125 0.1078125 0.059375
1 0.1359375 0.97421875 0.096875 0.0515625