1 0.09765625 0.02734375 0.153125 0.05390625
1 0.10390625 0.15703125 0.13671875 0.10078125
1 0.09375 0.3171875 0.12890625 0.11328125
1 0.09453125 0.46953125 0.11328125 0.09453125
1 0.1015625 0.6140625 0.11484375 0.090625
1 0.0921875 0.778125 0.10078125 0.08515625
1 0.25546875 0.084375 0.11328125 0.0859375
1 0.2578125 0.24765625 0.109375 0.09765625
1 0.25546875 0.3984375 0.11328125 0.08203125
1 0.2578125 0.55078125 0.11328125 0.0765625
1 0.2328125 0.71484375 0.09921875 0.078125
1 0.23984375 0.8671875 0.115625 0.08203125
1 0.42421875 0.02734375 0.1140625 0.0546875
1 0.4125 0.16953125 0.09140625 0.0875
1 0.42265625 0.32734375 0.134375 0.0984375
1 0.428125 0.48046875 0.115625 0.090625
1 0.4265625 0.64453125 0.11953125 0.09453125
1 0.4171875 0.79453125 0.11328125 0.090625
1 0.58515625 0.0984375 0.0796875 0.0796875
1 0.571875 0.25234375 0.10703125 0.09375
1 0.57734375 0.4046875 0.0828125 0.06953125
1 0.575 0.54765625 0.09375 0.10078125
1 0.57421875 0.70625 0.09296875 0.0828125
1 0.56015625 0.859375 0.10078125 0.0828125
1 0.74140625 0.03046875 0.11484375 0.06015625
1 0.75 0.1734375 0.11484375 0.084375
1 0.7484375 0.3296875 0.09375 0.08515625
1 0.7453125 0.484375 0.109375 0.07890625
1 0.74921875 0.6359375 0.1046875 0.08828125
1 0.74609375 0.8046875 0.09765625 0.08203125
1 0.90703125 0.09296875 0.1109375 0.0734375
1 0.9078125 0.24296875 0.09921875 0.0890625
1 0.89765625 0.4078125 0.1046875 0.07890625
1 0.896875 0.55703125 0.09765625 0.0828125
1 0.89140625 0.71328125 0.10546875 0.07578125
1 0.88828125 0.86171875 0.08984375 0.0828125