1 0.89296875 0.0265625 0.16484375 0.053125
1 0.89921875 0.146875 0.1625 0.096875
1 0.89921875 0.30390625 0.1453125 0.11640625
1 0.8953125 0.45390625 0.15625 0.10625
1 0.89296875 0.61171875 0.14140625 0.14296875
1 0.9125 0.77265625 0.1546875 0.11640625
1 0.92265625 0.93359375 0.146875 0.09453125
1 0.73203125 0.084375 0.11953125 0.11640625
1 0.725 0.23046875 0.13515625 0.09765625
1 0.72734375 0.38125 0.1125 0.10703125
1 0.7265625 0.52109375 0.1390625 0.09453125
1 0.73984375 0.6796875 0.11328125 0.11796875
1 0.740625 0.83828125 0.11484375 0.1125
1 0.740625 0.9703125 0.115625 0.059375
1 0.575 0.01328125 0.11875 0.0265625
1 0.57421875 0.140625 0.11875 0.09453125
1 0.56796875 0.2921875 0.10546875 0.10390625
1 0.56875 0.45625 0.10703125 0.10859375
1 0.57109375 0.60703125 0.12890625 0.09375
1 0.58046875 0.75703125 0.11484375 0.109375
1 0.578125 0.92265625 0.1109375 0.11484375
1 0.40390625 0.06875 0.1015625 0.10078125
1 0.3984375 0.22265625 0.12265625 0.109375
1 0.40546875 0.38515625 0.125 0.10234375
1 0.4125 0.5328125 0.1234375 0.09453125
1 0.41328125 0.6921875 0.12890625 0.10078125
1 0.4109375 0.84765625 0.13125 0.10625
1 0.4234375 0.9765625 0.115625 0.046875
1 0.24609375 0.01796875 0.1265625 0.03515625
1 0.240625 0.1515625 0.11484375 0.10703125
1 0.22578125 0.3015625 0.12734375 0.11171875
1 0.24453125 0.45859375 0.125 0.08828125
1 0.24453125 0.61015625 0.146875 0.10703125
1 0.24609375 0.771875 0.11875 0.11875
1 0.2453125 0.93125 0.12265625 0.10703125
1 0.06796875 0.05859375 0.11328125 0.10078125
1 0.075 0.23125 0.1234375 0.11640625
1 0.06875 0.390625 0.1375 0.1
1 0.071875 0.5296875 0.12109375 0.09921875
1 0.07734375 0.6859375 0.11953125 0.109375
1 0.06015625 0.84453125 0.11953125 0.11328125