1 0.1765625 0.0609375 0.12265625 0.084375
1 0.4921875 0.06953125 0.12734375 0.08984375
1 0.78671875 0.07109375 0.1359375 0.1015625
1 0.946875 0.13515625 0.10546875 0.0921875
1 0.79140625 0.21328125 0.1296875 0.0921875
1 0.95 0.28359375 0.1 0.07890625
1 0.16953125 0.22109375 0.12734375 0.0859375
1 0.4984375 0.21640625 0.1125 0.09296875
1 0.34296875 0.2984375 0.11796875 0.0921875
1 0.17109375 0.3578125 0.11875 0.0890625
1 0.04453125 0.2828125 0.0890625 0.07890625
1 0.490625 0.36015625 0.10546875 0.08515625
1 0.63671875 0.28828125 0.1078125 0.084375
1 0.33515625 0.42421875 0.1 0.0875
1 0.48359375 0.4921875 0.11875 0.084375
1 0.1734375 0.490625 0.14609375 0.11171875
1 0.33046875 0.5703125 0.1140625 0.084375
1 0.16953125 0.6453125 0.1203125 0.09609375
1 0.05 0.7203125 0.1 0.08359375
1 0.78125 0.36015625 0.115625 0.09921875
1 0.64921875 0.428125 0.11796875 0.1
1 0.62890625 0.5734375 0.1140625 0.08984375
1 0.48828125 0.63359375 0.11640625 0.084375
1 0.33671875 0.69609375 0.13359375 0.09765625
1 0.17734375 0.78046875 0.1140625 0.0796875
1 0.33515625 0.8484375 0.1203125 0.0765625
1 0.4828125 0.7859375 0.109375 0.08046875
1 0.62734375 0.69765625 0.115625 0.0859375
1 0.93359375 0.56953125 0.096875 0.0890625
1 0.9359375 0.7125 0.128125 0.090625
1 0.7875 0.77890625 0.10703125 0.0859375
1 0.93515625 0.85703125 0.109375 0.0921875
1 0.63984375 0.8671875 0.11640625 0.08515625
1 0.1828125 0.92890625 0.125 0.0953125
1 0.4890625 0.94296875 0.12578125 0.09609375
1 0.76796875 0.93125 0.11875 0.08984375