1 0.7921875 0.94375 0.153125 0.1
1 0.63203125 0.86796875 0.1359375 0.103125
1 0.440625 0.95 0.13515625 0.1
1 0.0796875 0.946875 0.14375 0.10625
1 0.27109375 0.86640625 0.12890625 0.11328125
1 0.44296875 0.78671875 0.14453125 0.11171875
1 0.80078125 0.775 0.1421875 0.1
1 0.95625 0.85625 0.08671875 0.10546875
1 0.0765625 0.76640625 0.153125 0.1125
1 0.2640625 0.6984375 0.1140625 0.08984375
1 0.6375 0.71171875 0.10703125 0.08671875
1 0.9578125 0.684375 0.084375 0.103125
1 0.8 0.60703125 0.128125 0.08828125
1 0.44453125 0.61953125 0.128125 0.1
1 0.62890625 0.54296875 0.1140625 0.078125
1 0.95859375 0.528125 0.0828125 0.08984375
1 0.94453125 0.37109375 0.1109375 0.1125
1 0.7953125 0.44453125 0.12890625 0.1046875
1 0.425 0.46484375 0.125 0.103125
1 0.259375 0.53046875 0.11796875 0.084375
1 0.09375 0.61484375 0.1 0.10234375
1 0.08828125 0.45078125 0.10546875 0.08828125
1 0.271875 0.35625 0.11640625 0.08515625
1 0.63203125 0.359375 0.1078125 0.07578125
1 0.43984375 0.28046875 0.109375 0.09296875
1 0.790625 0.26875 0.0953125 0.09453125
1 0.95546875 0.18203125 0.08828125 0.08984375
1 0.95390625 0.02890625 0.0921875 0.0578125
1 0.8 0.0890625 0.128125 0.096875
1 0.63671875 0.196875 0.1125 0.10546875
1 0.63125 0.0390625 0.121875 0.078125
1 0.45390625 0.10546875 0.0953125 0.07578125
1 0.28046875 0.18359375 0.109375 0.09453125
1 0.09296875 0.27734375 0.10078125 0.0875
1 0.09453125 0.103125 0.1671875 0.1171875
1 0.2765625 0.034375 0.14609375 0.06796875