1 0.9296875 0.0359375 0.13125 0.071875
1 0.24609375 0.03046875 0.140625 0.06015625
1 0.5875 0.03828125 0.14609375 0.0765625
1 0.42421875 0.09140625 0.14609375 0.08984375
1 0.0890625 0.0921875 0.14609375 0.09375
1 0.24140625 0.1671875 0.1296875 0.084375
1 0.096875 0.25078125 0.13515625 0.0953125
1 0.2625 0.3125 0.12109375 0.11015625
1 0.41875 0.24921875 0.13515625 0.0921875
1 0.5921875 0.18203125 0.13359375 0.10234375
1 0.77421875 0.08984375 0.13203125 0.1
1 0.92265625 0.171875 0.125 0.11875
1 0.7734375 0.2640625 0.14140625 0.07890625
1 0.60078125 0.32734375 0.1296875 0.096875
1 0.92890625 0.3265625 0.13515625 0.1078125
1 0.41796875 0.41484375 0.14296875 0.09453125
1 0.09296875 0.41484375 0.125 0.09453125
1 0.2609375 0.50078125 0.1671875 0.09453125
1 0.090625 0.57734375 0.13359375 0.103125
1 0.07109375 0.74609375 0.140625 0.10625
1 0.0796875 0.9234375 0.128125 0.103125
1 0.246875 0.82890625 0.1265625 0.0953125
1 0.25625 0.665625 0.140625 0.12109375
1 0.4328125 0.5828125 0.128125 0.11328125
1 0.60703125 0.50546875 0.14140625 0.11796875
1 0.784375 0.41953125 0.14609375 0.1234375
1 0.928125 0.5046875 0.14375 0.1
1 0.7734375 0.57890625 0.14609375 0.1140625
1 0.609375 0.6640625 0.17265625 0.10546875
1 0.43828125 0.73515625 0.1578125 0.1109375
1 0.4390625 0.903125 0.171875 0.121875
1 0.78984375 0.91875 0.1375 0.11328125
1 0.92890625 0.821875 0.14140625 0.10546875
1 0.94296875 0.653125 0.1140625 0.09765625
1 0.77421875 0.7546875 0.12109375 0.10625
1 0.60546875 0.82265625 0.14453125 0.09765625
1 0.609375 0.9734375 0.12265625 0.053125
1 0.94609375 0.978125 0.1078125 0.04375