1 0.0421875 0.05078125 0.084375 0.10078125
1 0.04140625 0.20546875 0.0828125 0.0921875
1 0.0375 0.3734375 0.075 0.096875
1 0.03203125 0.5515625 0.0640625 0.090625
1 0.0359375 0.71015625 0.071875 0.0921875
1 0.0328125 0.865625 0.065625 0.08671875
1 0.18984375 0.14609375 0.10859375 0.1
1 0.1875 0.30078125 0.10078125 0.0875
1 0.18515625 0.4625 0.09296875 0.0859375
1 0.18203125 0.61484375 0.09921875 0.08984375
1 0.17421875 0.775 0.11015625 0.0890625
1 0.16328125 0.93515625 0.115625 0.09453125
1 0.353125 0.03984375 0.1046875 0.07578125
1 0.3515625 0.2171875 0.10625 0.08671875
1 0.35390625 0.378125 0.11953125 0.09296875
1 0.34609375 0.53515625 0.11328125 0.09296875
1 0.34296875 0.71015625 0.11171875 0.0875
1 0.3421875 0.85546875 0.10859375 0.08984375
1 0.34921875 0.9859375 0.1234375 0.028125
1 0.525 0.1234375 0.103125 0.0875
1 0.5140625 0.2921875 0.11796875 0.0921875
1 0.51796875 0.45859375 0.1171875 0.0890625
1 0.53046875 0.628125 0.11796875 0.109375
1 0.51171875 0.7796875 0.10078125 0.09140625
1 0.5078125 0.940625 0.11015625 0.0875
1 0.69921875 0.05625 0.13828125 0.10546875
1 0.69375 0.2078125 0.125 0.08125
1 0.68828125 0.37109375 0.1171875 0.0984375
1 0.68828125 0.5328125 0.11171875 0.0828125
1 0.69296875 0.69921875 0.12109375 0.103125
1 0.68515625 0.86953125 0.125 0.08984375
1 0.6859375 0.98984375 0.1375 0.0203125
1 0.86328125 0.13203125 0.1171875 0.09296875
1 0.87109375 0.28359375 0.13671875 0.10390625
1 0.87109375 0.46484375 0.11015625 0.10078125
1 0.86953125 0.61953125 0.1359375 0.109375
1 0.859375 0.77578125 0.1234375 0.10859375
1 0.85 0.95390625 0.109375 0.0921875