1 0.10078125 0.13125 0.1046875 0.1015625
1 0.24765625 0.0640625 0.12578125 0.09765625
1 0.5765625 0.06015625 0.11171875 0.09765625
1 0.86953125 0.0578125 0.12109375 0.08359375
1 0.7234375 0.13515625 0.125 0.0921875
1 0.86796875 0.19765625 0.08046875 0.0796875
1 0.5640625 0.20390625 0.08046875 0.08046875
1 0.43046875 0.1421875 0.09609375 0.09296875
1 0.2734375 0.21171875 0.109375 0.09296875
1 0.42109375 0.27578125 0.11015625 0.0765625
1 0.5734375 0.3546875 0.0984375 0.06953125
1 0.721875 0.28203125 0.1078125 0.0890625
1 0.86484375 0.34453125 0.109375 0.0875
1 0.72265625 0.4234375 0.10234375 0.08125
1 0.87421875 0.49140625 0.125 0.07890625
1 0.7203125 0.571875 0.1 0.08359375
1 0.871875 0.64765625 0.115625 0.07265625
1 0.728125 0.8625 0.1046875 0.0953125
1 0.7296875 0.71640625 0.1 0.0890625
1 0.5609375 0.64140625 0.1125 0.071875
1 0.55859375 0.49375 0.1140625 0.08359375
1 0.56875 0.790625 0.12734375 0.0671875
1 0.41328125 0.7140625 0.12109375 0.09296875
1 0.42109375 0.86015625 0.11640625 0.08125
1 0.246875 0.790625 0.1125 0.084375
1 0.09375 0.86953125 0.12578125 0.08125
1 0.10859375 0.72421875 0.1140625 0.09609375
1 0.10390625 0.2859375 0.115625 0.096875
1 0.25859375 0.35625 0.1046875 0.0859375
1 0.40859375 0.4203125 0.09609375 0.0875
1 0.41171875 0.5640625 0.1140625 0.1109375
1 0.2515625 0.4921875 0.1078125 0.0875
1 0.0984375 0.4265625 0.10234375 0.084375
1 0.096875 0.57109375 0.11875 0.08984375
1 0.2390625 0.64375 0.109375 0.0953125