1 0.77734375 0.0359375 0.1328125 0.071875
1 0.7796875 0.1625 0.13671875 0.10234375
1 0.94609375 0.23359375 0.1078125 0.0796875
1 0.9453125 0.40390625 0.109375 0.10390625
1 0.9453125 0.55703125 0.10703125 0.08984375
1 0.9515625 0.87265625 0.096875 0.1015625
1 0.78828125 0.8140625 0.11171875 0.10078125
1 0.63046875 0.98828125 0.11953125 0.0234375
1 0.62109375 0.8796875 0.115625 0.09765625
1 0.61875 0.71015625 0.115625 0.08515625
1 0.61640625 0.56328125 0.13046875 0.08828125
1 0.61796875 0.384375 0.11875 0.07578125
1 0.78671875 0.48125 0.11953125 0.0859375
1 0.78984375 0.33359375 0.12265625 0.08203125
1 0.79296875 0.64609375 0.12890625 0.090625
1 0.61328125 0.24296875 0.11953125 0.1
1 0.61484375 0.08671875 0.11171875 0.0765625
1 0.4390625 0.0421875 0.10703125 0.084375
1 0.4453125 0.1765625 0.13828125 0.08125
1 0.44296875 0.33515625 0.13046875 0.08515625
1 0.44375 0.475 0.11953125 0.08515625
1 0.45 0.628125 0.134375 0.1
1 0.45 0.80078125 0.11171875 0.09296875
1 0.29140625 0.88125 0.1015625 0.0828125
1 0.2765625 0.571875 0.11484375 0.08125
1 0.29453125 0.4125 0.10546875 0.07890625
1 0.28125 0.2578125 0.1015625 0.075
1 0.10859375 0.0328125 0.0921875 0.065625
1 0.12109375 0.325 0.12265625 0.08984375
1 0.11953125 0.4796875 0.13828125 0.09375
1 0.12265625 0.64140625 0.11953125 0.090625
1 0.1265625 0.78984375 0.09375 0.0828125