1 0.975 0.8984375 0.04921875 0.11953125
1 0.83984375 0.959375 0.14765625 0.08046875
1 0.45390625 0.96171875 0.13125 0.07578125
1 0.11171875 0.96796875 0.1421875 0.0640625
1 0.28125 0.89296875 0.14609375 0.1078125
1 0.1109375 0.81953125 0.09453125 0.09296875
1 0.46796875 0.81171875 0.09453125 0.09453125
1 0.625 0.884375 0.1125 0.109375
1 0.80859375 0.803125 0.128125 0.109375
1 0.6359375 0.728125 0.1296875 0.08984375
1 0.45703125 0.63515625 0.115625 0.08203125
1 0.28203125 0.72109375 0.1265625 0.1046875
1 0.11484375 0.646875 0.128125 0.10234375
1 0.28203125 0.55546875 0.11953125 0.0953125
1 0.10390625 0.475 0.14609375 0.0921875
1 0.284375 0.38125 0.1171875 0.09765625
1 0.10625 0.2921875 0.13515625 0.08515625
1 0.275 0.0484375 0.12265625 0.096875
1 0.2734375 0.21171875 0.1171875 0.1046875
1 0.47109375 0.29921875 0.13203125 0.084375
1 0.475 0.47265625 0.13359375 0.09765625
1 0.4625 0.12421875 0.14921875 0.078125
1 0.64453125 0.2140625 0.1421875 0.109375
1 0.6359375 0.04609375 0.13671875 0.0921875
1 0.83984375 0.125 0.13203125 0.09921875
1 0.9734375 0.04140625 0.053125 0.0796875
1 0.96796875 0.203125 0.0640625 0.1125
1 0.9703125 0.7171875 0.059375 0.11328125
1 0.82578125 0.634375 0.12265625 0.10078125
1 0.65 0.55859375 0.1125 0.10234375
1 0.64609375 0.390625 0.13359375 0.1296875
1 0.834375 0.47421875 0.1265625 0.10234375
1 0.97734375 0.5515625 0.0453125 0.09921875
1 0.9734375 0.3828125 0.053125 0.10625
1 0.84921875 0.296875 0.128125 0.11171875