1 0.10859375 0.89453125 0.1125 0.10625
1 0.115625 0.73203125 0.0703125 0.0515625
1 0.10546875 0.58046875 0.11640625 0.09609375
1 0.096875 0.41484375 0.1125 0.10078125
1 0.09609375 0.25234375 0.11484375 0.08984375
1 0.090625 0.103125 0.13046875 0.08828125
1 0.2734375 0.9609375 0.11875 0.078125
1 0.275 0.821875 0.1015625 0.08984375
1 0.27578125 0.65234375 0.09921875 0.09140625
1 0.2640625 0.49609375 0.09765625 0.08828125
1 0.26796875 0.33515625 0.10078125 0.08125
1 0.26953125 0.17890625 0.11328125 0.08828125
1 0.2625 0.02890625 0.10625 0.0578125
1 0.44921875 0.921875 0.10703125 0.0859375
1 0.42890625 0.74140625 0.128125 0.10390625
1 0.41484375 0.5828125 0.11328125 0.08828125
1 0.409375 0.421875 0.128125 0.09453125
1 0.42265625 0.2640625 0.1203125 0.10078125
1 0.43046875 0.09921875 0.10078125 0.0875
1 0.60625 0.96328125 0.103125 0.0734375
1 0.60234375 0.825 0.109375 0.08125
1 0.596875 0.66171875 0.12421875 0.0875
1 0.61328125 0.5 0.13046875 0.09296875
1 0.6015625 0.3375 0.09765625 0.0875
1 0.59375 0.175 0.11328125 0.0859375
1 0.59921875 0.03828125 0.1203125 0.07578125
1 0.77578125 0.8953125 0.128125 0.10859375
1 0.76796875 0.7375 0.10546875 0.0875
1 0.76796875 0.58046875 0.109375 0.08984375
1 0.7640625 0.4140625 0.1109375 0.096875
1 0.7734375 0.25390625 0.09765625 0.0859375
1 0.77109375 0.0984375 0.10703125 0.09453125
1 0.9421875 0.9578125 0.0859375 0.084375
1 0.934375 0.81640625 0.08984375 0.08828125
1 0.934375 0.65234375 0.10859375 0.09921875
1 0.93515625 0.5 0.11328125 0.09609375
1 0.93828125 0.34453125 0.09765625 0.09765625
1 0.9359375 0.178125 0.11875 0.096875
1 0.93671875 0.03671875 0.1015625 0.0734375