1 0.0703125 0.025 0.13984375 0.05
1 0.06484375 0.15859375 0.1296875 0.0984375
1 0.06953125 0.3296875 0.1390625 0.103125
1 0.05546875 0.48125 0.1109375 0.0859375
1 0.0625 0.6375 0.12421875 0.09453125
1 0.0609375 0.8 0.121875 0.10625
1 0.06171875 0.94921875 0.12265625 0.1015625
1 0.23046875 0.08984375 0.11484375 0.0734375
1 0.21875 0.25078125 0.12265625 0.09453125
1 0.22734375 0.5609375 0.10078125 0.08984375
1 0.21640625 0.72890625 0.1359375 0.09140625
1 0.22421875 0.89609375 0.13125 0.0890625
1 0.4046875 0.0125 0.11875 0.025
1 0.40703125 0.1578125 0.1109375 0.084375
1 0.40234375 0.32734375 0.10625 0.0890625
1 0.4046875 0.48515625 0.10234375 0.08359375
1 0.4109375 0.64921875 0.10234375 0.075
1 0.40078125 0.8078125 0.1125 0.0890625
1 0.3890625 0.9578125 0.11015625 0.08359375
1 0.5609375 0.0734375 0.11796875 0.0890625
1 0.5671875 0.22578125 0.1140625 0.09296875
1 0.5671875 0.403125 0.1140625 0.0890625
1 0.55859375 0.5546875 0.121875 0.084375
1 0.56484375 0.71171875 0.11796875 0.08671875
1 0.5640625 0.88515625 0.1109375 0.084375
1 0.72421875 0.01953125 0.08515625 0.0390625
1 0.73203125 0.15703125 0.11484375 0.09453125
1 0.73203125 0.31640625 0.12421875 0.09140625
1 0.7296875 0.47890625 0.10703125 0.08828125
1 0.73203125 0.63828125 0.1109375 0.07734375
1 0.73046875 0.81171875 0.12578125 0.08984375
1 0.73671875 0.96328125 0.1125 0.0734375
1 0.90625 0.09140625 0.11640625 0.09296875
1 0.88984375 0.25546875 0.10859375 0.09296875
1 0.88984375 0.4109375 0.10859375 0.08671875
1 0.884375 0.571875 0.10625 0.09765625
1 0.89453125 0.7359375 0.10078125 0.08359375
1 0.89296875 0.8859375 0.10625 0.08984375