1 0.0640625 0.04375 0.128125 0.0875
1 0.06484375 0.18828125 0.125 0.08828125
1 0.0640625 0.35 0.11328125 0.09296875
1 0.0609375 0.52109375 0.09765625 0.0875
1 0.06796875 0.67421875 0.09921875 0.08828125
1 0.059375 0.82265625 0.103125 0.08359375
1 0.0515625 0.965625 0.09375 0.06875
1 0.2296875 0.13046875 0.1046875 0.09609375
1 0.22734375 0.2796875 0.096875 0.084375
1 0.22578125 0.43515625 0.0890625 0.08203125
1 0.22265625 0.58125 0.0953125 0.08671875
1 0.21484375 0.73515625 0.10546875 0.08515625
1 0.20390625 0.88828125 0.1109375 0.090625
1 0.38515625 0.0328125 0.10078125 0.065625
1 0.384375 0.19921875 0.1015625 0.08359375
1 0.3875 0.35390625 0.11484375 0.08984375
1 0.3796875 0.5046875 0.10859375 0.08984375
1 0.3765625 0.67265625 0.10703125 0.084375
1 0.37578125 0.81171875 0.1046875 0.08671875
1 0.38359375 0.9625 0.1171875 0.075
1 0.55078125 0.109375 0.09921875 0.084375
1 0.540625 0.27109375 0.11328125 0.08828125
1 0.54453125 0.43125 0.1125 0.08515625
1 0.55625 0.59375 0.11328125 0.10546875
1 0.53828125 0.73984375 0.096875 0.0875
1 0.53515625 0.89453125 0.10546875 0.084375
1 0.7171875 0.04765625 0.1328125 0.09453125
1 0.7125 0.18984375 0.11953125 0.078125
1 0.7078125 0.34765625 0.1125 0.09453125
1 0.7078125 0.50234375 0.10703125 0.07890625
1 0.71171875 0.66171875 0.115625 0.09921875
1 0.7046875 0.82578125 0.11953125 0.08671875
1 0.70625 0.965625 0.13125 0.06875
1 0.875 0.1171875 0.1125 0.08984375
1 0.8828125 0.26328125 0.13125 0.1
1 0.8828125 0.43671875 0.10546875 0.096875
1 0.88125 0.5859375 0.13046875 0.10546875
1 0.871875 0.7359375 0.11875 0.10390625
1 0.86328125 0.9078125 0.10546875 0.08828125