1 0.13984375 0.13984375 0.14375 0.121875
1 0.1328125 0.29609375 0.11796875 0.08828125
1 0.1359375 0.43671875 0.1046875 0.08828125
1 0.14296875 0.58046875 0.1140625 0.0875
1 0.14375 0.72734375 0.11640625 0.08046875
1 0.13203125 0.871875 0.1078125 0.08515625
1 0.3 0.06953125 0.115625 0.09765625
1 0.29765625 0.21796875 0.1 0.084375
1 0.29140625 0.36328125 0.09609375 0.08359375
1 0.2890625 0.51015625 0.096875 0.08359375
1 0.2875 0.659375 0.10703125 0.08359375
1 0.28828125 0.79765625 0.103125 0.09140625
1 0.2859375 0.9453125 0.109375 0.09921875
1 0.440625 0.140625 0.1046875 0.0875
1 0.446875 0.2828125 0.1203125 0.09296875
1 0.44140625 0.42421875 0.12109375 0.10078125
1 0.440625 0.57734375 0.1125 0.09140625
1 0.44375 0.7265625 0.11171875 0.08515625
1 0.43984375 0.86171875 0.11171875 0.1
1 0.59921875 0.06484375 0.115625 0.096875
1 0.59921875 0.21640625 0.10546875 0.084375
1 0.5984375 0.36640625 0.1140625 0.08828125
1 0.6 0.509375 0.12265625 0.0875
1 0.5921875 0.653125 0.11640625 0.0859375
1 0.59453125 0.80078125 0.1078125 0.0828125
1 0.603125 0.94453125 0.11015625 0.0921875
1 0.74453125 0.1390625 0.11640625 0.10703125
1 0.7484375 0.29453125 0.1046875 0.08984375
1 0.74765625 0.4421875 0.11015625 0.08125
1 0.74453125 0.5890625 0.109375 0.0953125
1 0.73984375 0.73359375 0.1078125 0.1
1 0.75 0.86640625 0.10546875 0.07890625
1 0.90625 0.08046875 0.1203125 0.10703125
1 0.903125 0.21796875 0.09609375 0.0859375
1 0.90703125 0.36171875 0.10546875 0.103125
1 0.9015625 0.5109375 0.0984375 0.08828125
1 0.8953125 0.659375 0.10703125 0.10390625
1 0.90234375 0.80390625 0.11171875 0.09140625
1 0.8984375 0.9390625 0.11640625 0.096875