1 0.22734375 0.11875 0.1125 0.08125
1 0.378125 0.05390625 0.0890625 0.071875
1 0.67109375 0.0421875 0.1125 0.0796875
1 0.96953125 0.03203125 0.0609375 0.0640625
1 0.9734375 0.19375 0.053125 0.053125
1 0.971875 0.47734375 0.05625 0.0734375
1 0.9734375 0.62109375 0.053125 0.0734375
1 0.971875 0.76484375 0.05625 0.0609375
1 0.965625 0.915625 0.06796875 0.053125
1 0.83359375 0.11171875 0.10078125 0.084375
1 0.6765625 0.1890625 0.109375 0.07890625
1 0.8390625 0.26015625 0.10078125 0.0765625
1 0.36484375 0.19375 0.10546875 0.0828125
1 0.228125 0.26953125 0.11015625 0.08359375
1 0.37109375 0.32578125 0.1125 0.08515625
1 0.53046875 0.2640625 0.10078125 0.075
1 0.68125 0.32890625 0.0921875 0.07890625
1 0.834375 0.3875 0.11640625 0.09140625
1 0.83046875 0.5453125 0.10078125 0.08515625
1 0.5296875 0.3984375 0.1140625 0.07890625
1 0.3765625 0.47109375 0.1140625 0.0734375
1 0.2234375 0.40625 0.11640625 0.09140625
1 0.203125 0.553125 0.11875 0.0953125
1 0.36875 0.62109375 0.0984375 0.08828125
1 0.51484375 0.55078125 0.10546875 0.09140625
1 0.67578125 0.62109375 0.09453125 0.08125
1 0.8328125 0.6921875 0.1015625 0.06875
1 0.51640625 0.71015625 0.09140625 0.07890625
1 0.66484375 0.7578125 0.1015625 0.075
1 0.82890625 0.84296875 0.11875 0.08984375
1 0.6703125 0.91328125 0.08984375 0.08359375
1 0.825 0.9796875 0.109375 0.040625
1 0.36953125 0.7578125 0.11484375 0.0796875
1 0.2046875 0.69765625 0.10078125 0.0796875
1 0.21328125 0.8453125 0.1328125 0.07265625
1 0.3578125 0.91796875 0.10546875 0.0671875
1 0.52890625 0.85 0.11640625 0.07890625
1 0.51328125 0.98359375 0.1046875 0.0328125
1 0.21796875 0.98515625 0.1125 0.0296875