1 0.09296875 0.05234375 0.14453125 0.1046875
1 0.4265625 0.05546875 0.14453125 0.11015625
1 0.7671875 0.04765625 0.14375 0.0953125
1 0.62421875 0.1296875 0.12109375 0.09921875
1 0.7796875 0.20859375 0.1078125 0.1015625
1 0.94765625 0.1421875 0.1046875 0.10390625
1 0.946875 0.30703125 0.10625 0.115625
1 0.77265625 0.38828125 0.11328125 0.11328125
1 0.5953125 0.309375 0.1390625 0.1015625
1 0.946875 0.01015625 0.10625 0.0203125
1 0.259375 0.13515625 0.1140625 0.10546875
1 0.421875 0.21640625 0.11953125 0.1015625
1 0.078125 0.21796875 0.1421875 0.1015625
1 0.2671875 0.303125 0.1390625 0.096875
1 0.078125 0.37734375 0.14765625 0.12265625
1 0.26953125 0.48515625 0.11953125 0.11953125
1 0.4375 0.390625 0.13046875 0.115625
1 0.6171875 0.47421875 0.09921875 0.07890625
1 0.95234375 0.48359375 0.0953125 0.08828125
1 0.7796875 0.55546875 0.11171875 0.10390625
1 0.9546875 0.63671875 0.090625 0.0921875
1 0.77421875 0.73046875 0.13359375 0.13125
1 0.959375 0.8171875 0.08125 0.09375
1 0.7703125 0.89140625 0.1390625 0.11484375
1 0.9421875 0.9640625 0.115625 0.07109375
1 0.58984375 0.80546875 0.13203125 0.134375
1 0.5828125 0.965625 0.1078125 0.06875
1 0.4171875 0.8921875 0.1078125 0.1390625
1 0.40546875 0.7109375 0.08515625 0.09609375
1 0.25859375 0.8078125 0.1171875 0.10703125
1 0.0671875 0.8921875 0.0828125 0.07109375
1 0.078125 0.55625 0.11015625 0.1203125
1 0.07578125 0.73515625 0.1046875 0.084375
1 0.25546875 0.63828125 0.09609375 0.08125
1 0.41953125 0.56328125 0.10625 0.1234375
1 0.603125 0.0109375 0.11328125 0.02109375