1 0.18125 0.07578125 0.12578125 0.1
1 0.47109375 0.0796875 0.12578125 0.1015625
1 0.76875 0.06875 0.12578125 0.10078125
1 0.64375 0.14765625 0.10546875 0.0859375
1 0.77890625 0.21640625 0.09375 0.08828125
1 0.9390625 0.15859375 0.11796875 0.08984375
1 0.93359375 0.30234375 0.109375 0.10078125
1 0.7734375 0.37265625 0.0984375 0.09921875
1 0.61796875 0.3046875 0.12109375 0.08828125
1 0.93203125 0.0265625 0.10703125 0.05234375
1 0.32578125 0.153125 0.1 0.0921875
1 0.46796875 0.2234375 0.1046875 0.08828125
1 0.16796875 0.225 0.1234375 0.08828125
1 0.3328125 0.29921875 0.12109375 0.084375
1 0.16796875 0.3640625 0.128125 0.10703125
1 0.025 0.29765625 0.05 0.0890625
1 0.334375 0.45703125 0.1046875 0.10390625
1 0.48046875 0.375 0.1140625 0.10078125
1 0.6375 0.4484375 0.08671875 0.06875
1 0.940625 0.45703125 0.1046875 0.0765625
1 0.77890625 0.51875 0.096875 0.08984375
1 0.9375 0.58984375 0.08984375 0.08046875
1 0.77421875 0.67109375 0.11640625 0.1140625
1 0.95 0.74765625 0.1 0.08125
1 0.77109375 0.81171875 0.12109375 0.1
1 0.93515625 0.89140625 0.1296875 0.0953125
1 0.76328125 0.946875 0.15390625 0.10546875
1 0.61328125 0.7359375 0.115625 0.1171875
1 0.6078125 0.8953125 0.09375 0.09921875
1 0.4671875 0.95546875 0.115625 0.0890625
1 0.46328125 0.8125 0.09375 0.12109375
1 0.453125 0.65390625 0.07421875 0.08359375
1 0.325 0.73828125 0.10234375 0.09296875
1 0.15859375 0.81171875 0.071875 0.06171875
1 0.0328125 0.91640625 0.0578125 0.1125
1 0.03125 0.74921875 0.05859375 0.1078125
1 0.0296875 0.59609375 0.05859375 0.096875
1 0.028125 0.45234375 0.04921875 0.09921875
1 0.16796875 0.51953125 0.09609375 0.1046875
1 0.165625 0.67578125 0.09140625 0.0734375
1 0.32265625 0.590625 0.084375 0.07109375
1 0.46484375 0.52578125 0.0921875 0.1078125
1 0.62578125 0.0265625 0.0984375 0.053125
1 0.03515625 0.02421875 0.0703125 0.0484375
1 0.3328125 0.015625 0.09140625 0.03125