1 0.12578125 0.071875 0.1078125 0.07890625
1 0.2828125 0.13125 0.11484375 0.08125
1 0.43203125 0.06328125 0.0921875 0.06171875
1 0.42265625 0.21015625 0.1171875 0.10390625
1 0.60078125 0.1359375 0.11015625 0.0921875
1 0.73046875 0.075 0.08515625 0.065625
1 0.8828125 0.12265625 0.11171875 0.0796875
1 0.7421875 0.2125 0.10546875 0.09921875
1 0.58359375 0.29296875 0.11484375 0.0875
1 0.42578125 0.35625 0.09609375 0.07734375
1 0.89140625 0.28046875 0.1046875 0.08046875
1 0.7328125 0.3609375 0.1171875 0.0890625
1 0.58203125 0.425 0.109375 0.075
1 0.2828125 0.428125 0.103125 0.08046875
1 0.12734375 0.49453125 0.09609375 0.1
1 0.27890625 0.5625 0.08125 0.071875
1 0.42265625 0.50234375 0.11015625 0.09296875
1 0.58046875 0.57109375 0.08515625 0.0828125
1 0.7453125 0.490625 0.11171875 0.09140625
1 0.89296875 0.41796875 0.09609375 0.0828125
1 0.88125 0.55625 0.1125 0.0953125
1 0.74609375 0.63515625 0.0921875 0.0859375
1 0.8890625 0.71171875 0.1046875 0.10390625
1 0.11640625 0.64609375 0.1171875 0.0796875
1 0.26875 0.70625 0.10546875 0.08828125
1 0.421875 0.64453125 0.1171875 0.09609375
1 0.58359375 0.7140625 0.1171875 0.09921875
1 0.728125 0.78515625 0.0984375 0.07734375
1 0.8765625 0.84765625 0.1046875 0.0859375
1 0.42734375 0.78984375 0.0828125 0.0640625
1 0.11875 0.78984375 0.11015625 0.075
1 0.27734375 0.85703125 0.103125 0.084375
1 0.11953125 0.94140625 0.0625 0.04375
1 0.4265625 0.9328125 0.078125 0.059375
1 0.575 0.8546875 0.08671875 0.06328125
1 0.734375 0.92421875 0.0984375 0.0828125