1 0.30546875 0.96171875 0.12890625 0.0765625
1 0.134375 0.89140625 0.11875 0.09765625
1 0.125 0.72890625 0.10234375 0.0859375
1 0.29140625 0.8125 0.08828125 0.08203125
1 0.49921875 0.89375 0.125 0.103125
1 0.671875 0.9640625 0.1328125 0.071875
1 0.83515625 0.8890625 0.1 0.090625
1 0.67265625 0.80546875 0.1109375 0.08984375
1 0.478125 0.72109375 0.12890625 0.09765625
1 0.29921875 0.6390625 0.1125 0.0859375
1 0.12421875 0.55 0.0953125 0.08046875
1 0.2984375 0.47109375 0.096875 0.07734375
1 0.4796875 0.5515625 0.11328125 0.08984375
1 0.64453125 0.4765625 0.09296875 0.07421875
1 0.834375 0.71953125 0.1359375 0.1078125
1 0.84453125 0.55234375 0.13125 0.0859375
1 0.82734375 0.39609375 0.12578125 0.09296875
1 0.659375 0.303125 0.15546875 0.09296875
1 0.1125 0.3859375 0.1609375 0.12890625
1 0.12578125 0.22578125 0.134375 0.10078125
1 0.29375 0.30234375 0.125 0.10078125
1 0.47890625 0.2234375 0.13046875 0.1140625
1 0.63984375 0.1328125 0.1203125 0.10078125
1 0.82421875 0.21640625 0.12890625 0.13671875
1 0.84140625 0.0546875 0.1359375 0.1078125
1 0.65078125 0.0125 0.13828125 0.025
1 0.478125 0.06015625 0.1203125 0.10234375
1 0.28828125 0.1359375 0.11796875 0.10234375
1 0.1140625 0.06875 0.1203125 0.0984375
1 0.28515625 0.02421875 0.146875 0.0484375