1 0.759375 0.62578125 0.14921875 0.10546875
1 0.74921875 0.4390625 0.1453125 0.103125
1 0.61640625 0.528125 0.11640625 0.08515625
1 0.596875 0.8796875 0.12734375 0.103125
1 0.5984375 0.71640625 0.1328125 0.08984375
1 0.421875 0.9484375 0.11796875 0.090625
1 0.06171875 0.95078125 0.1234375 0.0984375
1 0.240625 0.8625 0.11484375 0.090625
1 0.4125 0.78984375 0.12890625 0.08984375
1 0.41640625 0.61640625 0.15078125 0.09765625
1 0.42421875 0.45546875 0.14765625 0.09765625
1 0.23828125 0.52890625 0.11953125 0.10703125
1 0.23359375 0.7 0.11953125 0.09921875
1 0.059375 0.7875 0.10546875 0.10546875
1 0.06171875 0.62265625 0.1109375 0.10625
1 0.0640625 0.4484375 0.12734375 0.109375
1 0.07109375 0.28984375 0.1015625 0.0859375
1 0.571875 0.34921875 0.0765625 0.09765625
1 0.771875 0.2875 0.13828125 0.0796875
1 0.76484375 0.11953125 0.12890625 0.07734375
1 0.54921875 0.21875 0.10390625 0.071875
1 0.578125 0.07890625 0.10703125 0.07734375
1 0.2515625 0.2140625 0.0875 0.0796875
1 0.24140625 0.0671875 0.13125 0.10078125
1 0.08125 0.128125 0.1109375 0.103125