1 0.2 0.06484375 0.1046875 0.09375
1 0.046875 0.140625 0.09375 0.08515625
1 0.0515625 0.29140625 0.103125 0.08515625
1 0.19609375 0.21640625 0.125 0.09375
1 0.2 0.38515625 0.10859375 0.09296875
1 0.05 0.4390625 0.1 0.09375
1 0.19765625 0.53203125 0.11953125 0.1
1 0.053125 0.6046875 0.10625 0.115625
1 0.05234375 0.7609375 0.1046875 0.103125
1 0.0484375 0.9203125 0.096875 0.11328125
1 0.1890625 0.83515625 0.1265625 0.11171875
1 0.18984375 0.95078125 0.12734375 0.09765625
1 0.36875 0.140625 0.13671875 0.12421875
1 0.3640625 0.29453125 0.14140625 0.11875
1 0.365625 0.45546875 0.1484375 0.10625
1 0.37265625 0.61015625 0.1328125 0.10078125
1 0.36953125 0.76953125 0.14453125 0.10078125
1 0.36484375 0.93515625 0.14140625 0.12265625
1 0.5328125 0.05859375 0.1265625 0.10859375
1 0.53125 0.21640625 0.1265625 0.10546875
1 0.53203125 0.36015625 0.12109375 0.10703125
1 0.5203125 0.52421875 0.109375 0.1125
1 0.509375 0.678125 0.11484375 0.11171875
1 0.51875 0.83671875 0.1125 0.09609375
1 0.515625 0.953125 0.12734375 0.090625
1 0.7 0.1375 0.115625 0.10703125
1 0.68828125 0.2859375 0.11953125 0.09609375
1 0.690625 0.44765625 0.140625 0.10625
1 0.67421875 0.60078125 0.11953125 0.09609375
1 0.68046875 0.7578125 0.125 0.09765625
1 0.68515625 0.91484375 0.134375 0.10546875
1 0.8546875 0.06015625 0.14140625 0.10078125
1 0.8671875 0.36953125 0.12109375 0.10234375
1 0.85078125 0.52578125 0.12265625 0.09921875
1 0.84453125 0.6890625 0.12734375 0.10625
1 0.8546875 0.8515625 0.1328125 0.12578125
1 0.9796875 0.28671875 0.03984375 0.1
1 0.98671875 0.44609375 0.0265625 0.0921875
1 0.98046875 0.62265625 0.03828125 0.09140625
1 0.97734375 0.7734375 0.0453125 0.10546875
1 0.9828125 0.9109375 0.034375 0.096875