1 0.9640625 0.09453125 0.071875 0.1234375
1 0.96484375 0.26015625 0.06953125 0.1109375
1 0.97421875 0.39375 0.05078125 0.0953125
1 0.9734375 0.57421875 0.053125 0.0921875
1 0.96328125 0.75078125 0.0734375 0.1203125
1 0.96875 0.90703125 0.0625 0.0921875
1 0.8 0.01875 0.0875 0.0375
1 0.80390625 0.171875 0.1078125 0.0921875
1 0.815625 0.34375 0.11015625 0.08671875
1 0.8125 0.49921875 0.1078125 0.0890625
1 0.81875 0.6640625 0.1046875 0.0875
1 0.82265625 0.828125 0.11015625 0.07890625
1 0.81484375 0.97265625 0.103125 0.05390625
1 0.63359375 0.10390625 0.09375 0.07578125
1 0.6453125 0.25078125 0.125 0.0953125
1 0.64296875 0.4171875 0.11171875 0.09453125
1 0.64453125 0.58359375 0.1078125 0.10625
1 0.6375 0.75390625 0.1265625 0.0859375
1 0.6453125 0.90703125 0.10625 0.08046875
1 0.4703125 0.02578125 0.103125 0.0515625
1 0.46875 0.1734375 0.11015625 0.0890625
1 0.478125 0.340625 0.1046875 0.08984375
1 0.478125 0.665625 0.14140625 0.10546875
1 0.48984375 0.83984375 0.1078125 0.06796875
1 0.4609375 0.9765625 0.13203125 0.046875
1 0.3078125 0.91171875 0.1046875 0.08984375
1 0.30078125 0.58359375 0.12734375 0.08125
1 0.31015625 0.42734375 0.10859375 0.09140625
1 0.3109375 0.24609375 0.09296875 0.071875
1 0.3015625 0.0984375 0.0953125 0.08046875
1 0.13046875 0.02734375 0.096875 0.05390625
1 0.11328125 0.1828125 0.1265625 0.0828125
1 0.1265625 0.35 0.1046875 0.084375
1 0.11875 0.50546875 0.11015625 0.0875
1 0.1265625 0.66953125 0.10078125 0.09453125
1 0.12734375 0.83671875 0.0953125 0.084375
1 0.13203125 0.97421875 0.09921875 0.05078125