1 0.90390625 0.11796875 0.11484375 0.109375
1 0.89609375 0.284375 0.071875 0.053125
1 0.90625 0.43984375 0.11875 0.0984375
1 0.915625 0.61015625 0.11484375 0.10390625
1 0.91640625 0.77734375 0.11796875 0.09140625
1 0.921875 0.9296875 0.13359375 0.090625
1 0.734375 0.04453125 0.121875 0.0890625
1 0.73359375 0.1921875 0.10390625 0.09140625
1 0.7328125 0.36640625 0.1015625 0.09375
1 0.74375 0.5265625 0.1 0.090625
1 0.740625 0.69140625 0.103125 0.0828125
1 0.73828125 0.85234375 0.11640625 0.090625
1 0.7453125 0.98828125 0.10859375 0.02265625
1 0.5546875 0.08984375 0.109375 0.08828125
1 0.57578125 0.275 0.13125 0.10703125
1 0.58984375 0.43828125 0.11640625 0.090625
1 0.5953125 0.603125 0.13125 0.096875
1 0.58125 0.76484375 0.12265625 0.10390625
1 0.57421875 0.934375 0.103125 0.08984375
1 0.39375 0.04296875 0.10546875 0.08515625
1 0.39765625 0.18984375 0.1125 0.0828125
1 0.403125 0.35625 0.12734375 0.08984375
1 0.38671875 0.52265625 0.13359375 0.0953125
1 0.39921875 0.68984375 0.1 0.08984375
1 0.40625 0.85625 0.11640625 0.08828125
1 0.40078125 0.97890625 0.12265625 0.0421875
1 0.2203125 0.1171875 0.13125 0.1109375
1 0.228125 0.27890625 0.10859375 0.08984375
1 0.228125 0.43984375 0.1125 0.09140625
1 0.23203125 0.6109375 0.11328125 0.09921875
1 0.22265625 0.775 0.1 0.08828125
1 0.225 0.934375 0.109375 0.096875
1 0.04921875 0.0484375 0.08828125 0.09609375
1 0.0578125 0.1984375 0.0921875 0.090625
1 0.0578125 0.36640625 0.1109375 0.1015625
1 0.0578125 0.521875 0.11484375 0.0984375
1 0.05390625 0.6828125 0.1 0.10078125
1 0.059375 0.8515625 0.11875 0.1
1 0.0546875 0.98046875 0.10390625 0.0390625