1 0.85859375 0.125 0.11015625 0.09140625
1 0.8640625 0.2953125 0.1140625 0.09375
1 0.859375 0.446875 0.1140625 0.096875
1 0.86171875 0.60390625 0.11875 0.09921875
1 0.8671875 0.7890625 0.1171875 0.09921875
1 0.68671875 0.04921875 0.1046875 0.0984375
1 0.69609375 0.20625 0.1140625 0.09765625
1 0.7 0.365625 0.12109375 0.08671875
1 0.6953125 0.53125 0.125 0.11796875
1 0.7046875 0.71640625 0.1046875 0.0703125
1 0.69609375 0.871875 0.10078125 0.0890625
1 0.49765625 0.13046875 0.13515625 0.09921875
1 0.51484375 0.30390625 0.1046875 0.08203125
1 0.51484375 0.4640625 0.12421875 0.09609375
1 0.5078125 0.61484375 0.1140625 0.09921875
1 0.5140625 0.7859375 0.1015625 0.0890625
1 0.32890625 0.03984375 0.11015625 0.07890625
1 0.33046875 0.2 0.11015625 0.08203125
1 0.34375 0.36484375 0.09921875 0.078125
1 0.33203125 0.53203125 0.09921875 0.08203125
1 0.34296875 0.70625 0.10859375 0.1046875
1 0.16484375 0.11484375 0.1171875 0.096875
1 0.1578125 0.284375 0.09375 0.09609375
1 0.16015625 0.453125 0.12109375 0.10546875
1 0.16171875 0.61953125 0.1265625 0.109375
1 0.1625 0.78203125 0.12109375 0.10234375
1 0.0203125 0.0390625 0.03984375 0.078125
1 0.02578125 0.2015625 0.05078125 0.09375
1 0.02578125 0.37421875 0.05078125 0.09765625
1 0.0234375 0.5359375 0.046875 0.10703125
1 0.028125 0.696875 0.05625 0.0921875
1 0.02578125 0.8734375 0.05078125 0.09921875