1 0.065625 0.1 0.11640625 0.1109375
1 0.07109375 0.2484375 0.10078125 0.09921875
1 0.0609375 0.36796875 0.0890625 0.08515625
1 0.05859375 0.5296875 0.096875 0.0828125
1 0.06796875 0.6875 0.1125 0.1078125
1 0.06171875 0.8265625 0.1078125 0.0828125
1 0.05625 0.96328125 0.109375 0.0734375
1 0.23828125 0.025 0.078125 0.04921875
1 0.23359375 0.16953125 0.09609375 0.0828125
1 0.22265625 0.32265625 0.0984375 0.07734375
1 0.22578125 0.46171875 0.09609375 0.0796875
1 0.2203125 0.609375 0.09375 0.07890625
1 0.2171875 0.75625 0.0984375 0.07109375
1 0.22421875 0.903125 0.0921875 0.0828125
1 0.38515625 0.1078125 0.08359375 0.06796875
1 0.375 0.23984375 0.11171875 0.08515625
1 0.37734375 0.38828125 0.09921875 0.084375
1 0.37578125 0.5375 0.09609375 0.0953125
1 0.38203125 0.68984375 0.1125 0.0765625
1 0.375 0.8265625 0.09453125 0.071875
1 0.375 0.97578125 0.103125 0.0484375
1 0.53203125 0.03125 0.0921875 0.06171875
1 0.53203125 0.17109375 0.0984375 0.0796875
1 0.52421875 0.3203125 0.09375 0.08046875
1 0.52421875 0.6109375 0.12578125 0.09375
1 0.5140625 0.76640625 0.09609375 0.0609375
1 0.53984375 0.90546875 0.1171875 0.075
1 0.6765625 0.83046875 0.09375 0.08046875
1 0.6796875 0.97578125 0.090625 0.0484375
1 0.6828125 0.5375 0.1140625 0.07265625
1 0.67421875 0.39765625 0.096875 0.08125
1 0.6734375 0.2359375 0.0828125 0.0640625
1 0.68203125 0.10390625 0.08515625 0.071875
1 0.834375 0.03203125 0.08671875 0.0640625
1 0.85 0.17890625 0.1125 0.0734375
1 0.83828125 0.32890625 0.09375 0.07578125
1 0.84453125 0.4671875 0.0984375 0.07890625
1 0.83828125 0.6140625 0.08984375 0.084375
1 0.8375 0.7640625 0.08515625 0.07578125
1 0.83359375 0.9046875 0.0890625 0.08046875