1 0.09296875 0.0828125 0.14140625 0.1015625
1 0.39375 0.0875 0.11171875 0.08828125
1 0.24609375 0.16015625 0.103125 0.084375
1 0.0734375 0.2359375 0.11171875 0.0765625
1 0.07578125 0.384375 0.1234375 0.0828125
1 0.2375 0.30078125 0.0890625 0.075
1 0.38203125 0.228125 0.0765625 0.07109375
1 0.56171875 0.1578125 0.1078125 0.0890625
1 0.7109375 0.0890625 0.11484375 0.07734375
1 0.85234375 0.16171875 0.08671875 0.07890625
1 0.71171875 0.234375 0.09609375 0.07734375
1 0.54296875 0.3078125 0.11171875 0.084375
1 0.38828125 0.378125 0.096875 0.075
1 0.23671875 0.45546875 0.0828125 0.06953125
1 0.3875 0.5234375 0.08359375 0.0671875
1 0.5453125 0.45390625 0.0984375 0.07734375
1 0.6875 0.51875 0.08046875 0.0640625
1 0.8515625 0.30859375 0.1171875 0.09296875
1 0.86015625 0.453125 0.1140625 0.075
1 0.84609375 0.58828125 0.109375 0.08046875
1 0.7 0.66875 0.134375 0.08046875
1 0.22734375 0.59765625 0.1390625 0.11171875
1 0.07265625 0.67109375 0.1296875 0.0890625
1 0.23828125 0.7359375 0.11640625 0.0875
1 0.38359375 0.66953125 0.1078125 0.0875
1 0.54375 0.73828125 0.1125 0.09921875
1 0.68359375 0.81640625 0.1046875 0.0875
1 0.84296875 0.74375 0.11171875 0.11796875
1 0.8578125 0.884375 0.1171875 0.09296875
1 0.69296875 0.9546875 0.11953125 0.08984375
1 0.54296875 0.87890625 0.1046875 0.08828125
1 0.37890625 0.81328125 0.1015625 0.08828125
1 0.08125 0.82109375 0.1328125 0.096875
1 0.228125 0.87109375 0.1046875 0.08515625
1 0.3765625 0.93984375 0.12734375 0.10078125
1 0.0703125 0.95546875 0.115625 0.0890625
1 0.84375 0.03046875 0.125 0.0609375