1 0.8734375 0.9640625 0.11796875 0.071875
1 0.86875 0.80078125 0.11796875 0.11796875
1 0.87734375 0.64296875 0.1109375 0.08671875
1 0.88125 0.46328125 0.09375 0.1046875
1 0.875 0.29765625 0.12109375 0.10234375
1 0.896875 0.12265625 0.109375 0.09296875
1 0.68828125 0.90546875 0.10546875 0.07734375
1 0.68515625 0.73203125 0.109375 0.08984375
1 0.68671875 0.56796875 0.08828125 0.08671875
1 0.70078125 0.3859375 0.0984375 0.08984375
1 0.6921875 0.2015625 0.10546875 0.08671875
1 0.52421875 0.96875 0.1140625 0.0625
1 0.52109375 0.80078125 0.12890625 0.09921875
1 0.52890625 0.646875 0.11484375 0.0875
1 0.5234375 0.48203125 0.0984375 0.090625
1 0.5234375 0.30625 0.0984375 0.08515625
1 0.54140625 0.146875 0.1125 0.10234375
1 0.3296875 0.890625 0.10078125 0.08515625
1 0.3390625 0.71796875 0.10078125 0.0875
1 0.3484375 0.5515625 0.10546875 0.09921875
1 0.34140625 0.40625 0.125 0.11171875
1 0.334375 0.196875 0.0953125 0.0953125
1 0.15703125 0.965625 0.0921875 0.06875
1 0.15859375 0.79453125 0.096875 0.09453125
1 0.1640625 0.63671875 0.10546875 0.09765625
1 0.15234375 0.471875 0.109375 0.1
1 0.16796875 0.29296875 0.10703125 0.09296875
1 0.16875 0.13828125 0.1 0.08515625