1 0.0484375 0.9875 0.096875 0.025
1 0.04296875 0.8640625 0.0859375 0.1
1 0.04765625 0.690625 0.0953125 0.10390625
1 0.03359375 0.5375 0.0671875 0.0875
1 0.040625 0.37890625 0.08125 0.0953125
1 0.0390625 0.21484375 0.078125 0.10703125
1 0.03984375 0.0578125 0.0796875 0.115625
1 0.18828125 0.934375 0.11640625 0.07421875
1 0.1765625 0.77109375 0.125 0.0953125
1 0.18515625 0.45625 0.10234375 0.09140625
1 0.17421875 0.28671875 0.13828125 0.0921875
1 0.18203125 0.1171875 0.1328125 0.08984375
1 0.17734375 0.01015625 0.1234375 0.0203125
1 0.3671875 0.86484375 0.1125 0.0859375
1 0.3625 0.69296875 0.1078125 0.08984375
1 0.36484375 0.53359375 0.103125 0.084375
1 0.37109375 0.3671875 0.103125 0.0765625
1 0.3609375 0.20625 0.1140625 0.08984375
1 0.3484375 0.053125 0.11171875 0.08671875
1 0.5234375 0.95 0.11953125 0.08984375
1 0.5296875 0.79609375 0.115625 0.09453125
1 0.5296875 0.61640625 0.115625 0.08984375
1 0.5203125 0.46328125 0.1234375 0.0859375
1 0.52734375 0.30390625 0.11953125 0.08828125
1 0.5265625 0.128125 0.1125 0.0859375
1 0.5234375 0.01015625 0.109375 0.0203125
1 0.6890625 0.9921875 0.0859375 0.01484375
1 0.69609375 0.865625 0.11640625 0.0953125
1 0.69609375 0.7046875 0.12578125 0.0921875
1 0.69453125 0.53984375 0.10859375 0.0890625
1 0.69609375 0.378125 0.1125 0.078125
1 0.6953125 0.203125 0.12734375 0.09140625
1 0.7015625 0.046875 0.1140625 0.07734375
1 0.8734375 0.93203125 0.11796875 0.09453125
1 0.85703125 0.76640625 0.11015625 0.09453125
1 0.85703125 0.60859375 0.11015625 0.08828125
1 0.85078125 0.44609375 0.1078125 0.0984375
1 0.86171875 0.27890625 0.10234375 0.084375
1 0.859375 0.12734375 0.1078125 0.09140625
1 0.99296875 0.83984375 0.0140625 0.0765625
1 0.98984375 0.678125 0.01953125 0.103125
1 0.99296875 0.52265625 0.0140625 0.0890625
1 0.9921875 0.3703125 0.015625 0.071875
1 0.9890625 0.203125 0.02109375 0.0890625
1 0.99140625 0.046875 0.0171875 0.0921875