1 0.07890625 0.05078125 0.1046875 0.07265625
1 0.0765625 0.1984375 0.08671875 0.0734375
1 0.09140625 0.35 0.103125 0.0875
1 0.0671875 0.48125 0.08125 0.084375
1 0.0796875 0.640625 0.09921875 0.08515625
1 0.0796875 0.7828125 0.0875 0.08203125
1 0.23046875 0.1234375 0.10078125 0.0859375
1 0.234375 0.275 0.10078125 0.10078125
1 0.22734375 0.41015625 0.09453125 0.0734375
1 0.2234375 0.56328125 0.08046875 0.0890625
1 0.22890625 0.7046875 0.103125 0.0875
1 0.21015625 0.85390625 0.09375 0.0796875
1 0.38203125 0.053125 0.0921875 0.0796875
1 0.38828125 0.18671875 0.08984375 0.065625
1 0.390625 0.33359375 0.09375 0.0765625
1 0.38984375 0.47421875 0.07578125 0.0734375
1 0.37734375 0.6296875 0.08359375 0.0765625
1 0.38515625 0.78671875 0.08984375 0.0734375
1 0.528125 0.121875 0.096875 0.0734375
1 0.53125 0.275 0.11015625 0.084375
1 0.52421875 0.40703125 0.0984375 0.075
1 0.5296875 0.54765625 0.08359375 0.07734375
1 0.5296875 0.696875 0.08359375 0.07265625
1 0.5140625 0.83359375 0.09609375 0.0875
1 0.68671875 0.046875 0.09140625 0.071875
1 0.69453125 0.19921875 0.08671875 0.07265625
1 0.68671875 0.34609375 0.08671875 0.075
1 0.67890625 0.4875 0.08984375 0.084375
1 0.684375 0.61171875 0.10703125 0.0953125
1 0.690625 0.78984375 0.08125 0.08125
1 0.84296875 0.1296875 0.07890625 0.071875
1 0.840625 0.28125 0.0828125 0.08046875
1 0.8359375 0.415625 0.08984375 0.08359375
1 0.84609375 0.55625 0.09375 0.08515625
1 0.8328125 0.70859375 0.09140625 0.0796875
1 0.83203125 0.840625 0.08515625 0.07265625