1 0.10859375 0.07578125 0.11875 0.08828125
1 0.28125 0.125 0.1515625 0.103125
1 0.42578125 0.06484375 0.125 0.08828125
1 0.57109375 0.1359375 0.13671875 0.084375
1 0.7265625 0.06953125 0.13046875 0.09296875
1 0.71640625 0.21328125 0.1515625 0.096875
1 0.56015625 0.2796875 0.115625 0.1078125
1 0.41484375 0.203125 0.13359375 0.08125
1 0.1046875 0.21640625 0.1234375 0.08359375
1 0.28125 0.2734375 0.13359375 0.109375
1 0.42421875 0.34453125 0.12109375 0.09140625
1 0.56015625 0.4265625 0.125 0.084375
1 0.72109375 0.36171875 0.128125 0.09140625
1 0.89765625 0.27265625 0.11875 0.0859375
1 0.871875 0.4171875 0.125 0.08828125
1 0.87265625 0.56484375 0.13046875 0.09765625
1 0.7109375 0.49765625 0.096875 0.09140625
1 0.4296875 0.50078125 0.1078125 0.08984375
1 0.265625 0.4203125 0.1234375 0.10390625
1 0.1 0.34609375 0.1234375 0.09765625
1 0.11796875 0.4890625 0.1203125 0.08828125
1 0.265625 0.5671875 0.1203125 0.09375
1 0.090625 0.6453125 0.1125 0.08828125
1 0.40546875 0.64765625 0.115625 0.08984375
1 0.56796875 0.565625 0.13671875 0.09375
1 0.71015625 0.64375 0.13046875 0.084375
1 0.871875 0.72578125 0.1359375 0.1
1 0.8796875 0.85546875 0.10703125 0.09296875
1 0.71484375 0.784375 0.10703125 0.0859375
1 0.5546875 0.71484375 0.1390625 0.1078125
1 0.25625 0.72578125 0.12109375 0.09375
1 0.096875 0.78046875 0.125 0.09375
1 0.2640625 0.878125 0.1125 0.09140625
1 0.0875 0.88203125 0.1125 0.08984375
1 0.40625 0.796875 0.1234375 0.10546875
1 0.55390625 0.86640625 0.1234375 0.10703125