1 0.2078125 0.06328125 0.13046875 0.08515625
1 0.34375 0.128125 0.11640625 0.08828125
1 0.50703125 0.0546875 0.11484375 0.09296875
1 0.81640625 0.05703125 0.12265625 0.09921875
1 0.65234375 0.1296875 0.11015625 0.096875
1 0.50546875 0.19765625 0.1234375 0.0953125
1 0.2 0.20703125 0.12109375 0.08515625
1 0.05234375 0.13828125 0.1046875 0.08984375
1 0.95234375 0.12890625 0.09453125 0.0796875
1 0.81875 0.21484375 0.13203125 0.09609375
1 0.953125 0.27265625 0.09140625 0.078125
1 0.65859375 0.27265625 0.096875 0.0765625
1 0.3390625 0.26171875 0.09140625 0.0734375
1 0.05078125 0.284375 0.1015625 0.08828125
1 0.20078125 0.35078125 0.109375 0.07578125
1 0.50390625 0.33984375 0.109375 0.08515625
1 0.346875 0.4046875 0.096875 0.0671875
1 0.05 0.41796875 0.1 0.0765625
1 0.0625 0.5515625 0.125 0.09609375
1 0.2046875 0.4890625 0.11015625 0.0890625
1 0.52109375 0.471875 0.10703125 0.08828125
1 0.6625 0.415625 0.10078125 0.071875
1 0.80390625 0.34375 0.08515625 0.0875
1 0.95078125 0.43046875 0.0984375 0.08828125
1 0.8078125 0.48359375 0.08984375 0.07578125
1 0.94921875 0.5453125 0.0828125 0.0734375
1 0.6515625 0.5640625 0.09921875 0.07265625
1 0.34375 0.56171875 0.0921875 0.06484375
1 0.50859375 0.6296875 0.09375 0.0796875
1 0.20859375 0.6390625 0.08125 0.08046875
1 0.053125 0.71328125 0.10546875 0.0765625
1 0.0546875 0.8609375 0.109375 0.084375
1 0.20078125 0.7921875 0.109375 0.08203125
1 0.33984375 0.70078125 0.09609375 0.08984375
1 0.3453125 0.8453125 0.103125 0.084375
1 0.49609375 0.77890625 0.08125 0.06484375
1 0.64453125 0.71171875 0.09375 0.08046875
1 0.8046875 0.63203125 0.08671875 0.075
1 0.95078125 0.69375 0.0984375 0.1046875
1 0.803125 0.7796875 0.14296875 0.1
1 0.64765625 0.85078125 0.125 0.08046875
1 0.95625 0.85 0.0875 0.115625
1 0.33671875 0.97109375 0.12734375 0.0578125
1 0.6359375 0.9734375 0.13125 0.053125
1 0.9390625 0.9703125 0.12109375 0.0578125