1 0.303125 0.9640625 0.12890625 0.07109375
1 0.6546875 0.96796875 0.1203125 0.0640625
1 0.95390625 0.96484375 0.0921875 0.0703125
1 0.15390625 0.89375 0.134375 0.09453125
1 0.303125 0.81171875 0.11875 0.09140625
1 0.1359375 0.74765625 0.1203125 0.08125
1 0.30234375 0.665625 0.1265625 0.0875
1 0.1421875 0.58984375 0.13203125 0.08515625
1 0.646875 0.8171875 0.13359375 0.09609375
1 0.48515625 0.7328125 0.1375 0.1
1 0.48828125 0.57109375 0.11640625 0.09140625
1 0.65078125 0.65703125 0.1078125 0.09140625
1 0.82109375 0.74609375 0.1359375 0.08828125
1 0.9609375 0.65546875 0.078125 0.09921875
1 0.48515625 0.41484375 0.1203125 0.090625
1 0.13984375 0.41796875 0.13203125 0.1078125
1 0.30703125 0.34921875 0.11328125 0.08828125
1 0.13203125 0.24921875 0.125 0.0875
1 0.296875 0.17734375 0.13046875 0.096875
1 0.1359375 0.08125 0.1203125 0.08515625
1 0.81171875 0.59140625 0.1125 0.08125
1 0.96328125 0.49765625 0.0734375 0.0859375
1 0.815625 0.42734375 0.13359375 0.0984375
1 0.6546875 0.33515625 0.1203125 0.08828125
1 0.95859375 0.346875 0.0828125 0.090625
1 0.82578125 0.25625 0.1015625 0.09375
1 0.4796875 0.10859375 0.12890625 0.10546875
1 0.65390625 0.18828125 0.12421875 0.09609375
1 0.83671875 0.1078125 0.12265625 0.09609375
1 0.64296875 0.04140625 0.13359375 0.08203125
1 0.959375 0.18203125 0.08046875 0.096875