1 0.11875 0.0859375 0.1046875 0.09140625
1 0.1125 0.22734375 0.09609375 0.08828125
1 0.11015625 0.37734375 0.08515625 0.07578125
1 0.1125 0.53125 0.0921875 0.0828125
1 0.1140625 0.68203125 0.0890625 0.0734375
1 0.12109375 0.81875 0.0984375 0.07109375
1 0.1125 0.96875 0.0765625 0.06171875
1 0.28515625 0.028125 0.10234375 0.05625
1 0.28359375 0.16015625 0.0984375 0.08359375
1 0.2734375 0.3015625 0.0875 0.07265625
1 0.27265625 0.4609375 0.10078125 0.08984375
1 0.259375 0.6 0.08671875 0.07890625
1 0.2640625 0.75234375 0.084375 0.07265625
1 0.265625 0.8984375 0.0828125 0.07109375
1 0.43125 0.08828125 0.096875 0.0796875
1 0.43828125 0.2359375 0.1 0.08359375
1 0.434375 0.384375 0.1203125 0.0859375
1 0.43125 0.5328125 0.103125 0.08046875
1 0.4328125 0.67109375 0.0890625 0.07734375
1 0.421875 0.82578125 0.1 0.0734375
1 0.42890625 0.96640625 0.08671875 0.0671875
1 0.57109375 0.16015625 0.0890625 0.084375
1 0.5671875 0.30390625 0.10546875 0.096875
1 0.57734375 0.4484375 0.10703125 0.0828125
1 0.57265625 0.6 0.0921875 0.084375
1 0.57109375 0.73828125 0.10234375 0.084375
1 0.565625 0.88828125 0.08671875 0.0828125
1 0.72734375 0.084375 0.103125 0.10078125
1 0.72734375 0.23515625 0.10703125 0.08515625
1 0.73125 0.38671875 0.11796875 0.08125
1 0.72109375 0.52265625 0.08046875 0.065625
1 0.72890625 0.675 0.10234375 0.0859375
1 0.7296875 0.815625 0.09140625 0.065625
1 0.72890625 0.96328125 0.096875 0.0734375
1 0.884375 0.1515625 0.096875 0.07890625
1 0.8953125 0.30234375 0.0984375 0.08046875
1 0.884375 0.46171875 0.09609375 0.0921875
1 0.8796875 0.60390625 0.0984375 0.08359375
1 0.87734375 0.74453125 0.10546875 0.0859375
1 0.86953125 0.890625 0.10546875 0.0828125
1 0.5859375 0.02265625 0.10078125 0.04453125