1 0.09765625 0.9859375 0.13359375 0.028125
1 0.2921875 0.9546875 0.1703125 0.090625
1 0.6171875 0.953125 0.15390625 0.09375
1 0.79296875 0.98828125 0.1484375 0.0234375
1 0.7828125 0.8671875 0.1703125 0.109375
1 0.60625 0.7921875 0.1296875 0.12109375
1 0.4421875 0.878125 0.15 0.09140625
1 0.09296875 0.86328125 0.1390625 0.09375
1 0.2921875 0.79921875 0.15 0.1234375
1 0.453125 0.71875 0.13671875 0.10234375
1 0.60625 0.62734375 0.140625 0.0953125
1 0.7875 0.7 0.14453125 0.10234375
1 0.959375 0.8 0.08125 0.096875
1 0.94296875 0.63828125 0.11328125 0.09921875
1 0.94140625 0.47265625 0.1171875 0.1109375
1 0.77578125 0.546875 0.109375 0.10234375
1 0.459375 0.54296875 0.121875 0.1015625
1 0.275 0.63359375 0.1390625 0.1171875
1 0.0875 0.71796875 0.1390625 0.11015625
1 0.10859375 0.55625 0.13515625 0.09921875
1 0.275 0.46875 0.13515625 0.10625
1 0.07734375 0.38046875 0.12734375 0.09921875
1 0.4328125 0.37734375 0.1296875 0.1015625
1 0.61484375 0.4703125 0.15390625 0.10625
1 0.775 0.3828125 0.14765625 0.0953125
1 0.940625 0.28984375 0.11875 0.1125
1 0.95234375 0.14375 0.09453125 0.1046875
1 0.78046875 0.22421875 0.1203125 0.096875
1 0.6 0.30234375 0.15703125 0.12109375
1 0.2640625 0.28984375 0.13671875 0.10625
1 0.084375 0.22890625 0.140625 0.10625
1 0.27265625 0.11875 0.12734375 0.10234375
1 0.07421875 0.1140625 0.12734375 0.1015625
1 0.4328125 0.21015625 0.1390625 0.11875
1 0.59921875 0.13125 0.1390625 0.1203125