1 0.0609375 0.94375 0.121875 0.10859375
1 0.071875 0.8015625 0.12890625 0.0921875
1 0.075 0.609375 0.121875 0.1
1 0.0734375 0.4484375 0.115625 0.1078125
1 0.0671875 0.2765625 0.12890625 0.115625
1 0.06640625 0.09765625 0.1328125 0.1140625
1 0.2484375 0.8671875 0.103125 0.08828125
1 0.24296875 0.6953125 0.1015625 0.0875
1 0.24921875 0.525 0.115625 0.0859375
1 0.25234375 0.3484375 0.125 0.08984375
1 0.2453125 0.19140625 0.125 0.09453125
1 0.23671875 0.02890625 0.13203125 0.05703125
1 0.428125 0.94921875 0.1234375 0.08203125
1 0.403125 0.7890625 0.11640625 0.0828125
1 0.40078125 0.6296875 0.096875 0.09296875
1 0.40078125 0.44375 0.14453125 0.0859375
1 0.4 0.27890625 0.0859375 0.05390625
1 0.40234375 0.103125 0.1234375 0.09609375
1 0.603125 0.859375 0.10546875 0.0859375
1 0.61015625 0.68359375 0.13359375 0.10859375
1 0.58984375 0.5265625 0.10546875 0.08203125
1 0.5765625 0.3578125 0.125 0.0953125
1 0.578125 0.1765625 0.1140625 0.0796875
1 0.55859375 0.02734375 0.1234375 0.0546875
1 0.76484375 0.94765625 0.12109375 0.10390625
1 0.765625 0.7828125 0.128125 0.0921875
1 0.76015625 0.60703125 0.10859375 0.09609375
1 0.74921875 0.44609375 0.13359375 0.1078125
1 0.74921875 0.26015625 0.1375 0.10625
1 0.75625 0.08203125 0.11953125 0.08984375
1 0.9390625 0.9859375 0.1109375 0.028125
1 0.94296875 0.8640625 0.1140625 0.10625
1 0.9515625 0.68828125 0.096875 0.0890625
1 0.94140625 0.51875 0.11640625 0.0953125
1 0.9359375 0.36015625 0.128125 0.0921875
1 0.9484375 0.1734375 0.103125 0.10234375
1 0.95 0.03515625 0.1 0.0703125