1 0.103125 0.12578125 0.115625 0.1125
1 0.26484375 0.05234375 0.1390625 0.1046875
1 0.628125 0.05078125 0.1234375 0.10078125
1 0.9421875 0.0453125 0.115625 0.08984375
1 0.79140625 0.1296875 0.13828125 0.1015625
1 0.95078125 0.19921875 0.0890625 0.08828125
1 0.615625 0.20625 0.0890625 0.0890625
1 0.4671875 0.1375 0.10625 0.103125
1 0.29453125 0.21484375 0.1203125 0.103125
1 0.45703125 0.28515625 0.121875 0.084375
1 0.625 0.3734375 0.10859375 0.07734375
1 0.78984375 0.2921875 0.11953125 0.0984375
1 0.94375 0.36171875 0.1125 0.096875
1 0.790625 0.44921875 0.1125 0.08984375
1 0.94375 0.5234375 0.1125 0.0875
1 0.7875 0.61328125 0.11015625 0.0921875
1 0.9453125 0.696875 0.10859375 0.08046875
1 0.79609375 0.93515625 0.115625 0.10546875
1 0.7984375 0.7734375 0.11015625 0.0984375
1 0.61171875 0.690625 0.125 0.0796875
1 0.60859375 0.5265625 0.12578125 0.0921875
1 0.6203125 0.85546875 0.140625 0.07421875
1 0.44921875 0.77109375 0.13359375 0.103125
1 0.4578125 0.93203125 0.12890625 0.08984375
1 0.26484375 0.85546875 0.125 0.09296875
1 0.0953125 0.94296875 0.1390625 0.08984375
1 0.11171875 0.78203125 0.12578125 0.10625
1 0.10703125 0.296875 0.12734375 0.10703125
1 0.278125 0.37421875 0.115625 0.0953125
1 0.44375 0.44609375 0.10625 0.096875
1 0.446875 0.6046875 0.12578125 0.12265625
1 0.26953125 0.525 0.11953125 0.096875
1 0.10078125 0.453125 0.1125 0.09296875
1 0.09921875 0.6125 0.13125 0.1
1 0.25625 0.69296875 0.1203125 0.10546875