1 0.90546875 0.97421875 0.1296875 0.05078125
1 0.7296875 0.92578125 0.11328125 0.08203125
1 0.36953125 0.93984375 0.09921875 0.10859375
1 0.17734375 0.990625 0.10078125 0.01796875
1 0.06015625 0.93515625 0.115625 0.07421875
1 0.184375 0.85703125 0.12421875 0.0859375
1 0.0453125 0.76953125 0.090625 0.071875
1 0.365625 0.77421875 0.13125 0.08046875
1 0.18984375 0.6890625 0.13125 0.10859375
1 0.384375 0.5984375 0.12578125 0.1015625
1 0.5578125 0.67890625 0.13984375 0.08359375
1 0.73671875 0.753125 0.1171875 0.09375
1 0.928125 0.82578125 0.12578125 0.08359375
1 0.54921875 0.84609375 0.15625 0.1109375
1 0.5453125 0.9875 0.115625 0.025
1 0.92265625 0.68203125 0.13671875 0.10078125
1 0.74296875 0.58671875 0.12265625 0.0921875
1 0.92578125 0.50546875 0.12578125 0.084375
1 0.734375 0.43046875 0.11328125 0.09921875
1 0.54296875 0.51796875 0.11015625 0.08203125
1 0.19375 0.51953125 0.0921875 0.1140625
1 0.03359375 0.5859375 0.0671875 0.10625
1 0.3875 0.43125 0.12734375 0.1015625
1 0.921875 0.346875 0.13828125 0.0859375
1 0.73359375 0.24296875 0.15078125 0.125
1 0.93046875 0.165625 0.1390625 0.1125
1 0.746875 0.08125 0.121875 0.096875
1 0.534375 0.18203125 0.121875 0.11875
1 0.38515625 0.2609375 0.11015625 0.10625
1 0.19375 0.34453125 0.10078125 0.1015625
1 0.03125 0.4125 0.0625 0.11171875
1 0.04609375 0.259375 0.0921875 0.08828125
1 0.19609375 0.1640625 0.1328125 0.08828125
1 0.046875 0.08515625 0.09375 0.109375
1 0.37578125 0.07578125 0.10625 0.08359375
1 0.196875 0.03125 0.1171875 0.06171875
1 0.5734375 0.028125 0.146875 0.05625