1 0.94765625 0.1015625 0.1046875 0.09765625
1 0.95234375 0.2609375 0.0953125 0.09140625
1 0.9546875 0.43046875 0.090625 0.09140625
1 0.9546875 0.5828125 0.090625 0.1046875
1 0.95390625 0.75390625 0.0921875 0.1078125
1 0.9609375 0.91640625 0.078125 0.0921875
1 0.7890625 0.03203125 0.115625 0.0640625
1 0.7890625 0.171875 0.1125 0.0890625
1 0.79609375 0.34609375 0.10859375 0.0828125
1 0.78828125 0.50546875 0.11640625 0.09921875
1 0.8015625 0.68203125 0.10625 0.07734375
1 0.8015625 0.8234375 0.10234375 0.0890625
1 0.7984375 0.978125 0.1125 0.04375
1 0.6390625 0.0953125 0.11796875 0.08828125
1 0.6390625 0.2484375 0.10703125 0.08359375
1 0.64765625 0.41953125 0.12578125 0.10078125
1 0.64140625 0.5875 0.121875 0.08828125
1 0.646875 0.740625 0.10078125 0.08046875
1 0.6453125 0.91328125 0.1125 0.10390625
1 0.46953125 0.03515625 0.121875 0.06953125
1 0.46328125 0.171875 0.12265625 0.1078125
1 0.47734375 0.325 0.1140625 0.0984375
1 0.48515625 0.49765625 0.1140625 0.09609375
1 0.47265625 0.6625 0.12265625 0.09609375
1 0.47265625 0.8296875 0.11015625 0.08359375
1 0.46484375 0.9671875 0.1046875 0.065625
1 0.296875 0.1109375 0.09921875 0.0890625
1 0.2984375 0.2609375 0.10859375 0.08046875
1 0.30546875 0.41171875 0.1109375 0.075
1 0.29296875 0.5828125 0.11875 0.09921875
1 0.30546875 0.74296875 0.12578125 0.08828125
1 0.3125 0.903125 0.1203125 0.09609375
1 0.12578125 0.02734375 0.0640625 0.0546875
1 0.128125 0.19453125 0.10859375 0.0890625
1 0.13125 0.33984375 0.121875 0.078125
1 0.1390625 0.50390625 0.10859375 0.071875
1 0.134375 0.66171875 0.11484375 0.08359375
1 0.134375 0.81484375 0.1140625 0.1015625
1 0.13125 0.96484375 0.090625 0.06953125