1 0.584375 0.03359375 0.14140625 0.0671875
1 0.228125 0.0359375 0.14375 0.071875
1 0.05234375 0.10234375 0.10390625 0.103125
1 0.38671875 0.1046875 0.14921875 0.10625
1 0.74609375 0.11171875 0.15078125 0.1015625
1 0.9265625 0.18671875 0.146875 0.10546875
1 0.75 0.2671875 0.13671875 0.10625
1 0.56875 0.18046875 0.12578125 0.103125
1 0.38671875 0.27109375 0.109375 0.09296875
1 0.228125 0.1875 0.11953125 0.103125
1 0.05859375 0.278125 0.11640625 0.10078125
1 0.921875 0.35703125 0.1234375 0.09765625
1 0.57890625 0.34921875 0.109375 0.090625
1 0.74375 0.43984375 0.11796875 0.09765625
1 0.91875 0.5234375 0.14921875 0.09921875
1 0.56953125 0.50859375 0.13671875 0.0984375
1 0.75078125 0.6 0.14375 0.103125
1 0.9234375 0.68984375 0.153125 0.11875
1 0.746875 0.771875 0.1421875 0.09765625
1 0.5734375 0.6890625 0.13046875 0.0953125
1 0.384375 0.59765625 0.125 0.09609375
1 0.39453125 0.42890625 0.1359375 0.0953125
1 0.23671875 0.33828125 0.134375 0.10546875
1 0.05 0.428125 0.1 0.10390625
1 0.22890625 0.52109375 0.12890625 0.0984375
1 0.05546875 0.60546875 0.1109375 0.103125
1 0.23515625 0.684375 0.13984375 0.1109375
1 0.40078125 0.7625 0.12734375 0.10546875
1 0.571875 0.85390625 0.12734375 0.09296875
1 0.925 0.85 0.14921875 0.10703125
1 0.740625 0.92734375 0.1328125 0.10625
1 0.9203125 0.9734375 0.140625 0.053125
1 0.56640625 0.9703125 0.1359375 0.059375
1 0.40546875 0.93046875 0.13671875 0.09921875
1 0.0625 0.78125 0.125 0.103125
1 0.2515625 0.84921875 0.1453125 0.10625
1 0.065625 0.91796875 0.13125 0.103125
1 0.23203125 0.96875 0.13828125 0.06171875