1 0.22265625 0.9796875 0.15078125 0.040625
1 0.728125 0.93671875 0.1296875 0.096875
1 0.89609375 0.984375 0.12265625 0.03125
1 0.06015625 0.78046875 0.1203125 0.11640625
1 0.22421875 0.86171875 0.12421875 0.09140625
1 0.37734375 0.946875 0.13515625 0.0984375
1 0.39140625 0.771875 0.11640625 0.0828125
1 0.54609375 0.86328125 0.1390625 0.09453125
1 0.7390625 0.78046875 0.1125 0.090625
1 0.91328125 0.859375 0.1125 0.08515625
1 0.896875 0.6984375 0.12734375 0.1
1 0.55859375 0.7046875 0.13125 0.08828125
1 0.38359375 0.61484375 0.12421875 0.10546875
1 0.05 0.6171875 0.1 0.09921875
1 0.04765625 0.4625 0.09453125 0.09375
1 0.37890625 0.4453125 0.140625 0.09609375
1 0.5640625 0.53359375 0.13671875 0.1
1 0.7203125 0.61484375 0.13203125 0.10234375
1 0.20625 0.36640625 0.12734375 0.09921875
1 0.05078125 0.29453125 0.1015625 0.09609375
1 0.2078125 0.21015625 0.11484375 0.09140625
1 0.05 0.13828125 0.1 0.09453125
1 0.1984375 0.52890625 0.11875 0.08828125
1 0.89375 0.5359375 0.13359375 0.103125
1 0.7328125 0.46484375 0.1390625 0.1046875
1 0.5671875 0.390625 0.146875 0.10234375
1 0.37890625 0.2953125 0.140625 0.11015625
1 0.89609375 0.378125 0.1296875 0.1046875
1 0.7234375 0.29453125 0.11796875 0.09921875
1 0.56796875 0.21953125 0.1484375 0.11171875
1 0.7296875 0.13984375 0.14296875 0.11015625
1 0.89140625 0.215625 0.1 0.090625