1 0.18984375 0.02734375 0.134375 0.05390625
1 0.35703125 0.0625 0.1109375 0.09375
1 0.5234375 0.01015625 0.12421875 0.0203125
1 0.696875 0.07265625 0.109375 0.09140625
1 0.88125 0.0140625 0.1171875 0.028125
1 0.8828125 0.14453125 0.1109375 0.09296875
1 0.525 0.14921875 0.10546875 0.08671875
1 0.2015625 0.1515625 0.134375 0.109375
1 0.3578125 0.225 0.11484375 0.09375
1 0.5359375 0.296875 0.12109375 0.1015625
1 0.7046875 0.23203125 0.13046875 0.07890625
1 0.875 0.3015625 0.1375 0.08828125
1 0.98828125 0.39765625 0.02265625 0.1078125
1 0.8703125 0.51796875 0.10234375 0.08125
1 0.6984375 0.39921875 0.1265625 0.09609375
1 0.53046875 0.4703125 0.1375 0.09296875
1 0.359375 0.39453125 0.1171875 0.096875
1 0.19296875 0.3109375 0.09765625 0.0734375
1 0.03828125 0.065625 0.07578125 0.11015625
1 0.03515625 0.23359375 0.0703125 0.08671875
1 0.0390625 0.39375 0.078125 0.115625
1 0.03125 0.553125 0.0625 0.1265625
1 0.19765625 0.4765625 0.13203125 0.10546875
1 0.353125 0.54296875 0.13984375 0.09296875
1 0.521875 0.65 0.1453125 0.08515625
1 0.71015625 0.57890625 0.11484375 0.0984375
1 0.87265625 0.671875 0.11328125 0.1046875
1 0.85625 0.80546875 0.1265625 0.08984375
1 0.69296875 0.7 0.12109375 0.09921875
1 0.5421875 0.79140625 0.1203125 0.090625
1 0.35625 0.71328125 0.1078125 0.0953125
1 0.18828125 0.63359375 0.13828125 0.0984375
1 0.02734375 0.7125 0.0546875 0.09140625
1 0.03828125 0.8765625 0.07578125 0.125
1 0.190625 0.80859375 0.13984375 0.11953125
1 0.3546875 0.88046875 0.1171875 0.09609375
1 0.52421875 0.95625 0.1359375 0.0875
1 0.68984375 0.91484375 0.13828125 0.11328125
1 0.8515625 0.953125 0.159375 0.09375
1 0.165625 0.9609375 0.1296875 0.078125