1 0.0484375 0.86640625 0.096875 0.09453125
1 0.046875 0.71328125 0.09296875 0.09609375
1 0.0421875 0.5578125 0.084375 0.0828125
1 0.05078125 0.10234375 0.1015625 0.0890625
1 0.03828125 0.2484375 0.05546875 0.04609375
1 0.2 0.95 0.09453125 0.09765625
1 0.2078125 0.790625 0.12421875 0.0890625
1 0.19765625 0.63515625 0.1125 0.10078125
1 0.19453125 0.478125 0.1234375 0.10703125
1 0.19765625 0.31796875 0.11171875 0.0921875
1 0.1890625 0.159375 0.08125 0.08046875
1 0.19921875 0.0328125 0.11015625 0.06484375
1 0.3609375 0.8703125 0.084375 0.075
1 0.35 0.71796875 0.0765625 0.06875
1 0.35390625 0.5640625 0.08828125 0.0875
1 0.35390625 0.39921875 0.0921875 0.075
1 0.3546875 0.0890625 0.0890625 0.0890625
1 0.52890625 0.7921875 0.1046875 0.078125
1 0.54140625 0.63359375 0.1296875 0.0921875
1 0.53046875 0.49296875 0.09453125 0.08984375
1 0.534375 0.3421875 0.1203125 0.10078125
1 0.53984375 0.18203125 0.11015625 0.0890625
1 0.53515625 0.0375 0.1140625 0.075
1 0.7140625 0.86328125 0.11640625 0.09453125
1 0.71796875 0.725 0.10390625 0.08359375
1 0.6828125 0.58125 0.11015625 0.09921875
1 0.69140625 0.4125 0.10078125 0.08125
1 0.68515625 0.25390625 0.11171875 0.08984375
1 0.7 0.09765625 0.11171875 0.09296875
1 0.85859375 0.95234375 0.10625 0.0953125
1 0.8546875 0.79453125 0.09609375 0.0984375
1 0.85 0.65234375 0.1078125 0.09609375
1 0.85 0.49765625 0.1140625 0.0921875
1 0.85390625 0.32890625 0.10390625 0.08671875
1 0.8578125 0.17421875 0.1125 0.09609375
1 0.8515625 0.034375 0.1046875 0.06875