1 0.18671875 0.08828125 0.12109375 0.0921875
1 0.33671875 0.14140625 0.09921875 0.084375
1 0.48671875 0.07109375 0.11171875 0.0671875
1 0.6421875 0.15 0.0984375 0.0828125
1 0.80859375 0.0734375 0.10546875 0.07578125
1 0.94453125 0.14609375 0.08359375 0.084375
1 0.9453125 0.284375 0.08125 0.071875
1 0.809375 0.21484375 0.09921875 0.08359375
1 0.48828125 0.21953125 0.09453125 0.07734375
1 0.196875 0.221875 0.12109375 0.09765625
1 0.3375 0.28671875 0.103125 0.084375
1 0.49765625 0.35234375 0.109375 0.09140625
1 0.64921875 0.29375 0.1171875 0.07109375
1 0.80234375 0.35625 0.1234375 0.0796875
1 0.940625 0.4421875 0.09140625 0.096875
1 0.94765625 0.57890625 0.09140625 0.08125
1 0.79765625 0.55078125 0.0921875 0.07265625
1 0.64375 0.44453125 0.1140625 0.0859375
1 0.49296875 0.5078125 0.1234375 0.08359375
1 0.3390625 0.4390625 0.10546875 0.0875
1 0.1890625 0.36484375 0.0875 0.065625
1 0.0421875 0.1453125 0.08359375 0.09921875
1 0.03984375 0.2953125 0.07890625 0.07734375
1 0.04296875 0.4390625 0.0859375 0.103125
1 0.0359375 0.5828125 0.071875 0.11328125
1 0.19296875 0.51328125 0.11875 0.0953125
1 0.33359375 0.5734375 0.12578125 0.08359375
1 0.48515625 0.66953125 0.13046875 0.0765625
1 0.65390625 0.60546875 0.103125 0.08828125
1 0.8 0.68828125 0.1015625 0.09375
1 0.95078125 0.7234375 0.096875 0.09140625
1 0.946875 0.86328125 0.0984375 0.0921875
1 0.78515625 0.80859375 0.1140625 0.08046875
1 0.6390625 0.7140625 0.109375 0.0890625
1 0.503125 0.79609375 0.1078125 0.08125
1 0.3359375 0.72578125 0.096875 0.08515625
1 0.18515625 0.6546875 0.125 0.08828125
1 0.03203125 0.72578125 0.0640625 0.0828125
1 0.0421875 0.8734375 0.08359375 0.1125
1 0.18671875 0.81171875 0.12578125 0.1078125
1 0.334375 0.87578125 0.10546875 0.0859375
1 0.48828125 0.94609375 0.12265625 0.0796875
1 0.6359375 0.90703125 0.125 0.1015625
1 0.7828125 0.946875 0.14296875 0.09296875
1 0.165625 0.95703125 0.11640625 0.0859375