1 0.1609375 0.94921875 0.12890625 0.0984375
1 0.32109375 0.8921875 0.10625 0.08984375
1 0.48046875 0.96640625 0.11875 0.0671875
1 0.64609375 0.8828125 0.1046875 0.08828125
1 0.8234375 0.9625 0.1125 0.07421875
1 0.96171875 0.8875 0.0765625 0.08984375
1 0.9625 0.73984375 0.075 0.0765625
1 0.825 0.8140625 0.10625 0.0890625
1 0.48203125 0.809375 0.10078125 0.0828125
1 0.17109375 0.80703125 0.12890625 0.1046875
1 0.321875 0.73671875 0.11015625 0.08984375
1 0.4921875 0.66796875 0.11640625 0.09765625
1 0.65390625 0.7296875 0.125 0.07578125
1 0.8171875 0.66328125 0.13203125 0.08515625
1 0.9578125 0.57109375 0.084375 0.10390625
1 0.96171875 0.4265625 0.0765625 0.08671875
1 0.8125 0.45546875 0.0984375 0.07734375
1 0.6484375 0.56953125 0.12109375 0.0921875
1 0.4875 0.5015625 0.13203125 0.0890625
1 0.32265625 0.57421875 0.1125 0.09296875
1 0.1640625 0.65390625 0.09296875 0.0703125
1 0.02578125 0.8890625 0.05078125 0.10546875
1 0.02265625 0.72890625 0.0453125 0.0828125
1 0.0265625 0.575 0.053125 0.109375
1 0.01953125 0.421875 0.03828125 0.12109375
1 0.1671875 0.49609375 0.1265625 0.1015625
1 0.3171875 0.43203125 0.134375 0.0890625
1 0.47890625 0.32890625 0.1390625 0.08203125
1 0.659375 0.39765625 0.11015625 0.09453125
1 0.81484375 0.30859375 0.10859375 0.10078125
1 0.96171875 0.271875 0.0765625 0.09765625
1 0.95859375 0.12265625 0.0828125 0.0984375
1 0.79921875 0.18046875 0.12109375 0.0859375
1 0.64296875 0.28125 0.11640625 0.0953125
1 0.4984375 0.19375 0.11484375 0.08671875
1 0.31953125 0.26875 0.10390625 0.09140625
1 0.159375 0.34453125 0.1328125 0.09453125
1 0.015625 0.26953125 0.03046875 0.08828125
1 0.02578125 0.11171875 0.05078125 0.1203125
1 0.1609375 0.17734375 0.134375 0.11484375
1 0.31875 0.10859375 0.1125 0.0921875
1 0.48203125 0.03828125 0.13046875 0.0765625
1 0.63984375 0.07578125 0.1328125 0.10859375
1 0.79609375 0.04140625 0.15234375 0.0828125
1 0.1375 0.034375 0.12421875 0.06796875