1 0.1515625 0.0828125 0.11171875 0.09296875
1 0.1515625 0.2296875 0.10546875 0.10390625
1 0.15234375 0.37265625 0.10078125 0.0953125
1 0.14140625 0.52421875 0.08984375 0.1078125
1 0.14921875 0.6734375 0.10703125 0.07890625
1 0.14609375 0.815625 0.13203125 0.0953125
1 0.13515625 0.95625 0.11015625 0.0828125
1 0.31171875 0.0265625 0.12734375 0.05234375
1 0.3015625 0.16171875 0.103125 0.08828125
1 0.30625 0.30859375 0.115625 0.08984375
1 0.296875 0.44765625 0.096875 0.08046875
1 0.29765625 0.60390625 0.103125 0.1015625
1 0.3 0.7359375 0.13203125 0.08828125
1 0.28125 0.8796875 0.09375 0.09375
1 0.45859375 0.08828125 0.10078125 0.103125
1 0.4484375 0.23984375 0.1078125 0.1078125
1 0.4546875 0.38125 0.10546875 0.109375
1 0.44453125 0.6734375 0.0890625 0.08359375
1 0.44921875 0.81640625 0.096875 0.08125
1 0.45703125 0.965625 0.109375 0.06875
1 0.6078125 0.02265625 0.09453125 0.04453125
1 0.60703125 0.15703125 0.1 0.0890625
1 0.60234375 0.2984375 0.0890625 0.08515625
1 0.61640625 0.45234375 0.11640625 0.10859375
1 0.60859375 0.596875 0.128125 0.09765625
1 0.60078125 0.75078125 0.10078125 0.10078125
1 0.59375 0.8859375 0.103125 0.1125
1 0.74609375 0.08203125 0.103125 0.09140625
1 0.75625 0.228125 0.09609375 0.08984375
1 0.75390625 0.3796875 0.09140625 0.09609375
1 0.7625 0.5265625 0.11171875 0.103125
1 0.7578125 0.6640625 0.0984375 0.08125
1 0.75234375 0.815625 0.109375 0.0890625
1 0.75390625 0.95703125 0.10078125 0.08515625
1 0.9 0.0125 0.10078125 0.025
1 0.92109375 0.1484375 0.096875 0.1
1 0.915625 0.30546875 0.10546875 0.096875
1 0.90859375 0.45078125 0.1125 0.0890625
1 0.90703125 0.5984375 0.109375 0.09375
1 0.9109375 0.7484375 0.11640625 0.1125
1 0.90703125 0.9 0.109375 0.12578125