1 0.1390625 0.1015625 0.134375 0.1
1 0.3015625 0.03984375 0.103125 0.0796875
1 0.60078125 0.0328125 0.109375 0.06484375
1 0.75546875 0.0859375 0.0984375 0.08125
1 0.91171875 0.03515625 0.12265625 0.0640625
1 0.91875 0.171875 0.11640625 0.09375
1 0.6 0.1625 0.1046875 0.08828125
1 0.434375 0.10703125 0.084375 0.06953125
1 0.29765625 0.18203125 0.09609375 0.07265625
1 0.1453125 0.2421875 0.10234375 0.08046875
1 0.14375 0.4 0.11875 0.0875
1 0.28984375 0.32734375 0.10078125 0.0734375
1 0.4390625 0.2453125 0.1140625 0.08046875
1 0.603125 0.30859375 0.11015625 0.0796875
1 0.7515625 0.2375 0.10234375 0.0796875
1 0.9078125 0.32890625 0.11640625 0.0921875
1 0.7484375 0.40234375 0.11171875 0.0796875
1 0.44453125 0.40078125 0.10546875 0.0875
1 0.603125 0.47421875 0.09375 0.0796875
1 0.75546875 0.5265625 0.115625 0.0875
1 0.89296875 0.46328125 0.109375 0.08828125
1 0.43671875 0.54140625 0.1296875 0.0875
1 0.13828125 0.5484375 0.12734375 0.08515625
1 0.29140625 0.621875 0.109375 0.0875
1 0.5953125 0.6171875 0.11875 0.08984375
1 0.90859375 0.6171875 0.12109375 0.0859375
1 0.74375 0.69140625 0.115625 0.09609375
1 0.91328125 0.77421875 0.13828125 0.1
1 0.596875 0.75625 0.08984375 0.07109375
1 0.4375 0.6796875 0.09140625 0.0796875
1 0.28125 0.7578125 0.1140625 0.0890625
1 0.1375 0.6921875 0.10703125 0.0953125
1 0.128125 0.83203125 0.11875 0.0921875
1 0.28125 0.90703125 0.11015625 0.09296875
1 0.4359375 0.83984375 0.11015625 0.09765625
1 0.59453125 0.9 0.1234375 0.096875
1 0.746875 0.840625 0.11640625 0.09296875
1 0.896875 0.9078125 0.12578125 0.0875
1 0.746875 0.971875 0.11015625 0.05625
1 0.4265625 0.97265625 0.10234375 0.0546875
1 0.12890625 0.9703125 0.10234375 0.059375