1 0.08671875 0.96328125 0.1078125 0.07265625
1 0.09453125 0.80859375 0.1125 0.0921875
1 0.0984375 0.6484375 0.10625 0.09140625
1 0.08359375 0.49765625 0.11171875 0.0859375
1 0.08828125 0.3375 0.11796875 0.09453125
1 0.08984375 0.17890625 0.115625 0.103125
1 0.08984375 0.03203125 0.10859375 0.06328125
1 0.26796875 0.89296875 0.1046875 0.08828125
1 0.2640625 0.73671875 0.115625 0.09296875
1 0.2671875 0.5765625 0.1125 0.1
1 0.26953125 0.4265625 0.11640625 0.0953125
1 0.26015625 0.26796875 0.11171875 0.10390625
1 0.2609375 0.10390625 0.12578125 0.0953125
1 0.4453125 0.97109375 0.11015625 0.0578125
1 0.44140625 0.81796875 0.1296875 0.109375
1 0.42734375 0.653125 0.11171875 0.0984375
1 0.42734375 0.50703125 0.11953125 0.09453125
1 0.4171875 0.3390625 0.115625 0.08359375
1 0.4140625 0.1890625 0.1125 0.08671875
1 0.421875 0.03515625 0.13515625 0.06953125
1 0.61328125 0.896875 0.115625 0.1125
1 0.61171875 0.734375 0.11953125 0.08984375
1 0.6015625 0.5828125 0.11796875 0.09765625
1 0.60234375 0.42265625 0.11953125 0.09140625
1 0.60703125 0.2671875 0.1140625 0.08828125
1 0.60703125 0.09140625 0.125 0.0859375
1 0.76953125 0.9703125 0.11953125 0.059375
1 0.775 0.82578125 0.1078125 0.11171875
1 0.77265625 0.67265625 0.11171875 0.0921875
1 0.76953125 0.50703125 0.1140625 0.1015625
1 0.77109375 0.353125 0.10859375 0.084375
1 0.77734375 0.17890625 0.11171875 0.1
1 0.771875 0.03046875 0.10625 0.0609375
1 0.94375 0.89609375 0.1125 0.0953125
1 0.94296875 0.721875 0.1078125 0.09765625
1 0.946875 0.57421875 0.10234375 0.09296875
1 0.94375 0.409375 0.1125 0.1125
1 0.9453125 0.25234375 0.10859375 0.08359375
1 0.94453125 0.09375 0.1109375 0.096875