1 0.8390625 0.103125 0.1265625 0.1
1 0.86328125 0.24765625 0.11875 0.09765625
1 0.86484375 0.41484375 0.13046875 0.10703125
1 0.86953125 0.58203125 0.1390625 0.10234375
1 0.86171875 0.72890625 0.13203125 0.11171875
1 0.86953125 0.91171875 0.15859375 0.11953125
1 0.67734375 0.8421875 0.13046875 0.12109375
1 0.68359375 0.6609375 0.1296875 0.1078125
1 0.6890625 0.49921875 0.11171875 0.10234375
1 0.6671875 0.328125 0.11875 0.1078125
1 0.67109375 0.16171875 0.13359375 0.09921875
1 0.50703125 0.084375 0.1375 0.1078125
1 0.5203125 0.23203125 0.13359375 0.1125
1 0.52421875 0.41171875 0.140625 0.109375
1 0.53046875 0.5796875 0.1421875 0.115625
1 0.52109375 0.75078125 0.14609375 0.1203125
1 0.52109375 0.90859375 0.1296875 0.1078125
1 0.3265625 0.97421875 0.14296875 0.0515625
1 0.33984375 0.83671875 0.14453125 0.11796875
1 0.1734375 0.934375 0.12265625 0.11015625
1 0.165625 0.76328125 0.1609375 0.1
1 0.328125 0.6828125 0.1171875 0.109375
1 0.16015625 0.58828125 0.128125 0.1078125
1 0.02265625 0.66171875 0.0453125 0.1046875
1 0.3375 0.5171875 0.1390625 0.115625
1 0.16640625 0.4109375 0.1375 0.10703125
1 0.32265625 0.33828125 0.1296875 0.1
1 0.32890625 0.153125 0.13359375 0.11171875
1 0.1671875 0.25234375 0.13203125 0.10234375
1 0.0078125 0.34296875 0.01484375 0.109375
1 0.015625 0.1578125 0.03125 0.125
1 0.00859375 0.06640625 0.0171875 0.1171875
1 0.1671875 0.0984375 0.12265625 0.11953125