1 0.9375 0.934375 0.125 0.13125
1 0.94921875 0.75625 0.1015625 0.103125
1 0.95078125 0.59140625 0.0984375 0.103125
1 0.94453125 0.42421875 0.1109375 0.10234375
1 0.94296875 0.2515625 0.1140625 0.09453125
1 0.95234375 0.0828125 0.0953125 0.1
1 0.7703125 0.98203125 0.13515625 0.03515625
1 0.7734375 0.84765625 0.1171875 0.09921875
1 0.78046875 0.678125 0.1125 0.09765625
1 0.78359375 0.50546875 0.1140625 0.09765625
1 0.78515625 0.33046875 0.125 0.09765625
1 0.784375 0.16953125 0.12109375 0.10703125
1 0.78671875 0.02734375 0.128125 0.0546875
1 0.60546875 0.93828125 0.12265625 0.10234375
1 0.5984375 0.771875 0.140625 0.109375
1 0.6046875 0.60625 0.1421875 0.11796875
1 0.60546875 0.4265625 0.13203125 0.10703125
1 0.60234375 0.25234375 0.13125 0.1
1 0.60625 0.09375 0.13125 0.1171875
1 0.41953125 0.98515625 0.13515625 0.0296875
1 0.41953125 0.84921875 0.12421875 0.09921875
1 0.4203125 0.67421875 0.13359375 0.103125
1 0.41875 0.50703125 0.14375 0.10234375
1 0.42734375 0.33828125 0.13671875 0.10078125
1 0.425 0.16484375 0.1265625 0.096875
1 0.415625 0.02578125 0.1296875 0.05078125
1 0.25 0.9390625 0.13671875 0.121875
1 0.24453125 0.75859375 0.12265625 0.10546875
1 0.24609375 0.5859375 0.1296875 0.0953125
1 0.2484375 0.41328125 0.128125 0.11171875
1 0.25390625 0.24375 0.1265625 0.1171875
1 0.2421875 0.08828125 0.12421875 0.0921875
1 0.06484375 0.9734375 0.1296875 0.053125
1 0.06328125 0.8484375 0.1125 0.10078125
1 0.0609375 0.6796875 0.12109375 0.1203125
1 0.06484375 0.5046875 0.115625 0.103125
1 0.071875 0.33046875 0.125 0.121875
1 0.06484375 0.16171875 0.1296875 0.10703125
1 0.06875 0.03125 0.1375 0.059375