1 0.06015625 0.04765625 0.11953125 0.0890625
1 0.0578125 0.18984375 0.11484375 0.1015625
1 0.05 0.32890625 0.096875 0.10078125
1 0.05 0.47734375 0.09140625 0.0921875
1 0.04140625 0.61328125 0.0828125 0.1015625
1 0.0375 0.765625 0.07109375 0.11796875
1 0.03359375 0.91875 0.0671875 0.10859375
1 0.19921875 0.12109375 0.08671875 0.09296875
1 0.2 0.26640625 0.103125 0.075
1 0.196875 0.40703125 0.09921875 0.1015625
1 0.18984375 0.5578125 0.103125 0.1
1 0.19765625 0.69921875 0.1078125 0.0953125
1 0.20859375 0.84453125 0.1140625 0.09140625
1 0.1703125 0.9640625 0.125 0.071875
1 0.3375 0.04296875 0.11484375 0.0859375
1 0.34375 0.19609375 0.1234375 0.1109375
1 0.33984375 0.34296875 0.11875 0.08984375
1 0.3390625 0.61875 0.08984375 0.1
1 0.34375 0.765625 0.09921875 0.0859375
1 0.34296875 0.91640625 0.0984375 0.121875
1 0.4984375 0.1171875 0.11953125 0.09921875
1 0.4984375 0.26171875 0.11015625 0.096875
1 0.509375 0.40078125 0.1234375 0.0875
1 0.51328125 0.5390625 0.11171875 0.09921875
1 0.50546875 0.6765625 0.1140625 0.0859375
1 0.51875 0.83125 0.12578125 0.10078125
1 0.65625 0.91875 0.1125 0.10703125
1 0.66328125 0.75546875 0.0984375 0.1171875
1 0.65625 0.60703125 0.11015625 0.11171875
1 0.65390625 0.471875 0.1015625 0.084375
1 0.6484375 0.33515625 0.096875 0.08515625
1 0.65546875 0.1890625 0.11875 0.10703125
1 0.64921875 0.053125 0.13203125 0.09609375
1 0.8140625 0.1109375 0.109375 0.1109375
1 0.80703125 0.2703125 0.103125 0.10390625
1 0.803125 0.4125 0.1296875 0.0953125
1 0.81015625 0.553125 0.1328125 0.12734375
1 0.7984375 0.70703125 0.11015625 0.1015625
1 0.8 0.85234375 0.10546875 0.11328125