1 0.2140625 0.9515625 0.13828125 0.08984375
1 0.35859375 0.88359375 0.12265625 0.09296875
1 0.5296875 0.95625 0.121875 0.0875
1 0.85703125 0.953125 0.12890625 0.09375
1 0.68359375 0.88203125 0.11640625 0.10234375
1 0.528125 0.81015625 0.13046875 0.1
1 0.20625 0.79921875 0.128125 0.08984375
1 0.05234375 0.87265625 0.1046875 0.0953125
1 0.975 0.88203125 0.04921875 0.08359375
1 0.859375 0.7921875 0.1390625 0.1015625
1 0.9765625 0.73046875 0.046875 0.0828125
1 0.68984375 0.73046875 0.10234375 0.08046875
1 0.353125 0.7421875 0.09609375 0.07734375
1 0.0515625 0.71796875 0.10234375 0.09296875
1 0.20703125 0.6484375 0.11484375 0.0796875
1 0.52734375 0.659375 0.11484375 0.08984375
1 0.3609375 0.590625 0.10234375 0.0703125
1 0.05078125 0.57734375 0.1015625 0.08046875
1 0.06328125 0.4359375 0.1265625 0.1015625
1 0.21171875 0.50234375 0.11640625 0.09375
1 0.5453125 0.5203125 0.1125 0.09296875
1 0.69453125 0.5796875 0.10625 0.07578125
1 0.84375 0.65546875 0.08984375 0.0921875
1 0.9734375 0.56484375 0.053125 0.09296875
1 0.8484375 0.5078125 0.0953125 0.0796875
1 0.9765625 0.44375 0.046875 0.07734375
1 0.6828125 0.42265625 0.1046875 0.0765625
1 0.35859375 0.425 0.09765625 0.06875
1 0.53203125 0.35390625 0.0984375 0.08359375
1 0.21484375 0.34375 0.0859375 0.08515625
1 0.053125 0.26640625 0.10625 0.08046875
1 0.0546875 0.11015625 0.109375 0.0890625
1 0.20703125 0.1828125 0.11484375 0.08671875
1 0.35390625 0.27890625 0.1015625 0.0953125
1 0.359375 0.1265625 0.10859375 0.0890625
1 0.51875 0.196875 0.0859375 0.06875
1 0.675 0.2671875 0.0984375 0.08515625
1 0.84453125 0.3515625 0.09140625 0.07890625
1 0.9734375 0.2859375 0.053125 0.11015625
1 0.8421875 0.1953125 0.15078125 0.10546875
1 0.678125 0.1203125 0.13203125 0.08515625
1 0.9796875 0.1203125 0.040625 0.12265625
1 0.35078125 0.0125 0.134375 0.02421875
1 0.6671875 0.009375 0.1390625 0.01875
1 0.9609375 0.01328125 0.078125 0.0265625