1 0.86875 0.1265625 0.11953125 0.11484375
1 0.715625 0.06171875 0.1171875 0.0640625
1 0.37578125 0.065625 0.12890625 0.0828125
1 0.553125 0.1359375 0.11875 0.10234375
1 0.21953125 0.1328125 0.12734375 0.109375
1 0.0546875 0.21640625 0.109375 0.09765625
1 0.2203125 0.290625 0.1265625 0.09453125
1 0.39609375 0.2203125 0.12890625 0.09765625
1 0.38046875 0.3828125 0.1234375 0.10546875
1 0.55859375 0.30546875 0.11171875 0.07890625
1 0.71015625 0.35859375 0.11171875 0.084375
1 0.87265625 0.4515625 0.11875 0.090625
1 0.54453125 0.44921875 0.125 0.09140625
1 0.05546875 0.38125 0.1109375 0.0875
1 0.21875 0.4375 0.13515625 0.096875
1 0.05 0.51640625 0.1 0.07890625
1 0.2171875 0.58828125 0.1390625 0.09921875
1 0.53828125 0.6125 0.13671875 0.10078125
1 0.71328125 0.5234375 0.14296875 0.1
1 0.87578125 0.603125 0.12890625 0.08515625
1 0.709375 0.6734375 0.13515625 0.08984375
1 0.375 0.684375 0.1328125 0.09765625
1 0.059375 0.671875 0.11875 0.09921875
1 0.2140625 0.75546875 0.12265625 0.09296875
1 0.55234375 0.771875 0.11171875 0.08828125
1 0.38515625 0.834375 0.11328125 0.0875
1 0.05859375 0.84765625 0.1171875 0.09765625
1 0.21875 0.9140625 0.11328125 0.090625
1 0.05703125 0.97734375 0.1140625 0.0453125
1 0.36875 0.97265625 0.13046875 0.0546875
1 0.5625 0.92734375 0.1546875 0.10546875
1 0.7140625 0.834375 0.1328125 0.115625
1 0.71640625 0.97109375 0.1203125 0.0578125
1 0.8609375 0.76328125 0.11875 0.09921875
1 0.87578125 0.921875 0.134375 0.10390625