1 0.1359375 0.903125 0.13515625 0.125
1 0.140625 0.75625 0.13203125 0.109375
1 0.13203125 0.6 0.12265625 0.11328125
1 0.13671875 0.43984375 0.1203125 0.10859375
1 0.140625 0.2890625 0.13203125 0.09921875
1 0.1328125 0.1515625 0.12421875 0.1
1 0.13359375 0.01875 0.11796875 0.03671875
1 0.00546875 0.83046875 0.0109375 0.0984375
1 0.3078125 0.96953125 0.09609375 0.06015625
1 0.29765625 0.8265625 0.10859375 0.10703125
1 0.2984375 0.675 0.12265625 0.103125
1 0.3015625 0.528125 0.11796875 0.08828125
1 0.29765625 0.375 0.11640625 0.125
1 0.29609375 0.22109375 0.1140625 0.090625
1 0.290625 0.06640625 0.11484375 0.11171875
1 0.47109375 0.89765625 0.125 0.10859375
1 0.45703125 0.75546875 0.11015625 0.07890625
1 0.45859375 0.60234375 0.12265625 0.09609375
1 0.459375 0.44921875 0.11640625 0.109375
1 0.46484375 0.28203125 0.1 0.0953125
1 0.4671875 0.14296875 0.11796875 0.09921875
1 0.47578125 0.0171875 0.11640625 0.034375
1 0.6296875 0.97265625 0.090625 0.0546875
1 0.61796875 0.8171875 0.11484375 0.0859375
1 0.61484375 0.68203125 0.10859375 0.0859375
1 0.6296875 0.5125 0.12265625 0.09375
1 0.62890625 0.21796875 0.134375 0.10390625
1 0.61484375 0.059375 0.11796875 0.0953125
1 0.78515625 0.9140625 0.121875 0.09609375
1 0.78984375 0.74375 0.1265625 0.09296875
1 0.78203125 0.5921875 0.10625 0.08984375
1 0.77734375 0.45625 0.121875 0.08828125
1 0.7734375 0.30078125 0.10625 0.11875
1 0.784375 0.14609375 0.11484375 0.0921875
1 0.78671875 0.01875 0.1 0.03671875
1 0.9296875 0.965625 0.10234375 0.06875
1 0.94375 0.8265625 0.08828125 0.1
1 0.9453125 0.678125 0.10859375 0.08984375
1 0.93984375 0.5203125 0.1203125 0.09609375
1 0.940625 0.35625 0.11875 0.109375
1 0.94375 0.2109375 0.1125 0.08984375
1 0.9421875 0.065625 0.11484375 0.08984375