1 0.15390625 0.10390625 0.1078125 0.09375
1 0.1640625 0.22578125 0.11171875 0.0796875
1 0.1671875 0.3921875 0.10546875 0.0859375
1 0.165625 0.53125 0.1 0.09296875
1 0.16015625 0.68046875 0.11171875 0.1
1 0.15625 0.8359375 0.1234375 0.09765625
1 0.31796875 0.0328125 0.084375 0.059375
1 0.3171875 0.16953125 0.0890625 0.0765625
1 0.3125 0.31796875 0.0875 0.07578125
1 0.3171875 0.465625 0.1 0.075
1 0.3203125 0.61796875 0.1078125 0.07734375
1 0.3140625 0.75390625 0.1078125 0.08125
1 0.30703125 0.91015625 0.1140625 0.0796875
1 0.471875 0.0984375 0.10703125 0.07109375
1 0.45 0.23671875 0.10078125 0.071875
1 0.4484375 0.375 0.084375 0.08046875
1 0.4484375 0.53515625 0.125 0.075
1 0.44765625 0.678125 0.07421875 0.046875
1 0.44921875 0.83046875 0.10703125 0.08359375
1 0.42578125 0.96484375 0.09375 0.06875
1 0.6234375 0.17578125 0.09140625 0.075
1 0.6296875 0.328125 0.115625 0.09375
1 0.61171875 0.46328125 0.09140625 0.07109375
1 0.6 0.61015625 0.1078125 0.0828125
1 0.6015625 0.76640625 0.0984375 0.06875
1 0.5859375 0.91171875 0.10703125 0.07734375
1 0.76328125 0.09375 0.1046875 0.10078125
1 0.76328125 0.2421875 0.11015625 0.0796875
1 0.759375 0.39453125 0.09375 0.08359375
1 0.75 0.53359375 0.115625 0.09296875
1 0.75 0.69453125 0.11875 0.0921875
1 0.75546875 0.8484375 0.103125 0.07734375
1 0.9140625 0.040625 0.09609375 0.07734375
1 0.9234375 0.171875 0.11015625 0.0921875
1 0.9296875 0.325 0.09140625 0.0765625
1 0.91875 0.47109375 0.10546875 0.0828125
1 0.91953125 0.60859375 0.12578125 0.0796875
1 0.928125 0.76953125 0.1 0.08828125
1 0.93125 0.8953125 0.10078125 0.0734375
1 0.02421875 0.48125 0.04453125 0.0875
1 0.153125 0.971875 0.09453125 0.05625