1 0.0421875 0.0765625 0.084375 0.09140625
1 0.365625 0.06484375 0.115625 0.09140625
1 0.19609375 0.15859375 0.10234375 0.08515625
1 0.0453125 0.22578125 0.08984375 0.0921875
1 0.4921875 0.15546875 0.10546875 0.08515625
1 0.64140625 0.0796875 0.11171875 0.0890625
1 0.80859375 0.1484375 0.1140625 0.08828125
1 0.94921875 0.22265625 0.0984375 0.0828125
1 0.9421875 0.0796875 0.10546875 0.0765625
1 0.63828125 0.228125 0.11015625 0.08359375
1 0.33515625 0.23046875 0.1078125 0.07265625
1 0.1875 0.29609375 0.10078125 0.07734375
1 0.334375 0.371875 0.1125 0.08046875
1 0.4953125 0.3078125 0.1125 0.0859375
1 0.646875 0.36328125 0.109375 0.09296875
1 0.8 0.29765625 0.1203125 0.0859375
1 0.93359375 0.3703125 0.10703125 0.08828125
1 0.03984375 0.3703125 0.07890625 0.07578125
1 0.190625 0.44921875 0.1078125 0.08046875
1 0.49375 0.4546875 0.10546875 0.0859375
1 0.7921875 0.4421875 0.1125 0.0875
1 0.040625 0.521875 0.07421875 0.08046875
1 0.1984375 0.6 0.09609375 0.07734375
1 0.340625 0.53046875 0.115625 0.0890625
1 0.49140625 0.6078125 0.10703125 0.0828125
1 0.63828125 0.525 0.11015625 0.08984375
1 0.7890625 0.59140625 0.109375 0.08125
1 0.93203125 0.5109375 0.1125 0.08359375
1 0.94375 0.65703125 0.1078125 0.07734375
1 0.0515625 0.671875 0.103125 0.0859375
1 0.34140625 0.665625 0.1125 0.0921875
1 0.18203125 0.73203125 0.1140625 0.0859375
1 0.64609375 0.66015625 0.1046875 0.08828125
1 0.490625 0.75234375 0.1140625 0.09609375
1 0.33828125 0.81796875 0.115625 0.0859375
1 0.19140625 0.86875 0.12265625 0.0953125
1 0.35 0.953125 0.11171875 0.08046875
1 0.4859375 0.88359375 0.11015625 0.08046875
1 0.64296875 0.8125 0.109375 0.08515625
1 0.79921875 0.72421875 0.1125 0.084375
1 0.79453125 0.875 0.1125 0.08125
1 0.92578125 0.80234375 0.11171875 0.08515625
1 0.94375 0.94140625 0.1125 0.0765625
1 0.6453125 0.94609375 0.1125 0.08515625
1 0.05 0.95546875 0.1 0.0890625
1 0.19375 0.034375 0.11171875 0.06875