1 0.92734375 0.07890625 0.1109375 0.096875
1 0.934375 0.228125 0.10234375 0.09375
1 0.9359375 0.3875 0.090625 0.08046875
1 0.934375 0.55078125 0.0984375 0.0875
1 0.93203125 0.7109375 0.09453125 0.078125
1 0.925 0.85625 0.1046875 0.075
1 0.93515625 0.99140625 0.08125 0.0171875
1 0.7515625 0.0234375 0.109375 0.046875
1 0.75234375 0.15703125 0.1046875 0.08828125
1 0.7625 0.3078125 0.09296875 0.07734375
1 0.7640625 0.4765625 0.10703125 0.0953125
1 0.778125 0.62421875 0.0921875 0.08359375
1 0.77265625 0.7859375 0.0890625 0.07734375
1 0.771875 0.940625 0.08828125 0.075
1 0.5953125 0.08125 0.103125 0.084375
1 0.58828125 0.23828125 0.10625 0.08828125
1 0.5921875 0.3953125 0.12734375 0.09140625
1 0.5953125 0.553125 0.109375 0.08515625
1 0.59375 0.69921875 0.09453125 0.08203125
1 0.60546875 0.8640625 0.10625 0.078125
1 0.59921875 0.98828125 0.0921875 0.0234375
1 0.446875 0.15703125 0.09453125 0.08984375
1 0.45078125 0.309375 0.1125 0.103125
1 0.43984375 0.46328125 0.11328125 0.0875
1 0.4453125 0.62421875 0.0984375 0.08984375
1 0.44609375 0.77109375 0.10859375 0.08984375
1 0.453125 0.9296875 0.0921875 0.0875
1 0.28046875 0.07734375 0.109375 0.10703125
1 0.28046875 0.2375 0.11328125 0.090625
1 0.2765625 0.39765625 0.125 0.08671875
1 0.2875 0.5421875 0.08515625 0.0703125
1 0.27890625 0.70390625 0.10859375 0.09140625
1 0.278125 0.853125 0.096875 0.0703125
1 0.2796875 0.98515625 0.103125 0.0296875
1 0.11328125 0.1484375 0.103125 0.08359375
1 0.10234375 0.3078125 0.1046875 0.08515625
1 0.1140625 0.47734375 0.10234375 0.09765625
1 0.11953125 0.62890625 0.1046875 0.08828125
1 0.12109375 0.77734375 0.1125 0.09140625
1 0.13046875 0.93203125 0.1125 0.0875
1 0.43203125 0.0171875 0.1078125 0.034375