1 0.09140625 0.15546875 0.103125 0.0875
1 0.0890625 0.296875 0.1015625 0.0890625
1 0.0859375 0.440625 0.09140625 0.0765625
1 0.09296875 0.8640625 0.11015625 0.08359375
1 0.08828125 0.728125 0.0515625 0.04296875
1 0.23828125 0.07734375 0.0875 0.08984375
1 0.2453125 0.22578125 0.11484375 0.0828125
1 0.2359375 0.36953125 0.1046875 0.09296875
1 0.2328125 0.51484375 0.1140625 0.09921875
1 0.2359375 0.66328125 0.103125 0.08515625
1 0.228125 0.81015625 0.07578125 0.075
1 0.23671875 0.93671875 0.1015625 0.07578125
1 0.38671875 0.1515625 0.078125 0.06953125
1 0.37734375 0.2921875 0.07109375 0.0640625
1 0.38046875 0.43515625 0.08125 0.08125
1 0.38046875 0.5875 0.08515625 0.06953125
1 0.38125 0.875 0.0828125 0.0828125
1 0.5421875 0.22421875 0.096875 0.07265625
1 0.55390625 0.37109375 0.11953125 0.08515625
1 0.54375 0.50078125 0.0875 0.08359375
1 0.54765625 0.64140625 0.11171875 0.09296875
1 0.553125 0.78984375 0.1015625 0.0828125
1 0.54765625 0.93828125 0.10546875 0.09765625
1 0.71328125 0.1578125 0.1078125 0.0875
1 0.7171875 0.2859375 0.09609375 0.07734375
1 0.684375 0.41953125 0.1015625 0.0921875
1 0.6921875 0.57578125 0.09375 0.07578125
1 0.68671875 0.72265625 0.103125 0.08359375
1 0.70078125 0.86796875 0.103125 0.0859375
1 0.8484375 0.075 0.0984375 0.0890625
1 0.84375 0.221875 0.0890625 0.09140625
1 0.8390625 0.35390625 0.09921875 0.0890625
1 0.83984375 0.496875 0.10546875 0.08515625
1 0.84375 0.653125 0.09609375 0.08046875
1 0.846875 0.796875 0.1046875 0.0890625
1 0.84140625 0.9421875 0.096875 0.0953125