1 0.12578125 0.67890625 0.15546875 0.109375
1 0.13671875 0.48515625 0.15078125 0.10703125
1 0.275 0.578125 0.12109375 0.0890625
1 0.29453125 0.94375 0.1328125 0.10703125
1 0.29375 0.7734375 0.13828125 0.09296875
1 0.47734375 0.984375 0.12265625 0.03125
1 0.8546875 0.98359375 0.134375 0.0328125
1 0.665625 0.9265625 0.11953125 0.09453125
1 0.4875 0.85 0.13359375 0.09296875
1 0.4828125 0.66953125 0.15703125 0.1015625
1 0.475 0.50234375 0.15390625 0.1015625
1 0.66796875 0.578125 0.12421875 0.11171875
1 0.6734375 0.75703125 0.12421875 0.10390625
1 0.85390625 0.84765625 0.109375 0.109375
1 0.98828125 0.94609375 0.02265625 0.09453125
1 0.98671875 0.746875 0.0265625 0.103125
1 0.8515625 0.6765625 0.115625 0.1109375
1 0.9796875 0.58359375 0.03984375 0.09296875
1 0.85078125 0.49453125 0.13359375 0.1140625
1 0.98828125 0.425 0.02265625 0.09453125
1 0.8421875 0.3296875 0.10546875 0.08984375
1 0.98046875 0.2453125 0.03828125 0.08984375
1 0.32109375 0.39140625 0.0796875 0.1015625
1 0.11328125 0.32734375 0.14375 0.0828125
1 0.1203125 0.15234375 0.13359375 0.08046875
1 0.34453125 0.25546875 0.10859375 0.075
1 0.31484375 0.11015625 0.1109375 0.08046875
1 0.6546875 0.25078125 0.09140625 0.0828125
1 0.665625 0.09765625 0.13671875 0.1046875
1 0.83125 0.1609375 0.115625 0.10703125