1 0.88125 0.0109375 0.11875 0.021875
1 0.890625 0.15078125 0.096875 0.08359375
1 0.8859375 0.30859375 0.10546875 0.084375
1 0.8921875 0.46328125 0.11328125 0.096875
1 0.8921875 0.625 0.14296875 0.09765625
1 0.89453125 0.78359375 0.1234375 0.08515625
1 0.88828125 0.93671875 0.14296875 0.08828125
1 0.72734375 0.07578125 0.13046875 0.09375
1 0.74140625 0.3703125 0.1328125 0.09140625
1 0.7375 0.54140625 0.11484375 0.10859375
1 0.75546875 0.6953125 0.10859375 0.07890625
1 0.73046875 0.86640625 0.1109375 0.08046875
1 0.72578125 0.990625 0.1234375 0.01875
1 0.55 0.01875 0.1171875 0.0375
1 0.55546875 0.1609375 0.1171875 0.08359375
1 0.55390625 0.31015625 0.1234375 0.08359375
1 0.55625 0.47734375 0.1171875 0.07421875
1 0.56328125 0.63671875 0.1109375 0.08671875
1 0.575 0.7828125 0.10859375 0.07578125
1 0.5640625 0.95234375 0.12265625 0.071875
1 0.384375 0.0859375 0.103125 0.08984375
1 0.38984375 0.2484375 0.109375 0.09453125
1 0.38984375 0.39765625 0.11484375 0.09453125
1 0.3875 0.57265625 0.11875 0.103125
1 0.40625 0.72265625 0.1109375 0.08515625
1 0.40859375 0.8796875 0.1328125 0.10078125
1 0.23828125 0.15546875 0.115625 0.103125
1 0.23984375 0.31484375 0.1171875 0.08828125
1 0.22421875 0.47421875 0.11484375 0.09453125
1 0.23828125 0.63515625 0.1125 0.09765625
1 0.24453125 0.7890625 0.11328125 0.09609375
1 0.0828125 0.07734375 0.13515625 0.08515625
1 0.0875 0.25703125 0.10859375 0.10546875
1 0.0953125 0.4140625 0.11328125 0.109375
1 0.08828125 0.70390625 0.12890625 0.103125
1 0.0921875 0.875 0.12109375 0.0875
1 0.0953125 0.9890625 0.1125 0.021875