1 0.29140625 0.9640625 0.13671875 0.065625
1 0.12265625 0.88671875 0.12109375 0.096875
1 0.67421875 0.9609375 0.12421875 0.06875
1 0.97734375 0.96015625 0.0453125 0.0703125
1 0.5 0.88203125 0.0984375 0.08046875
1 0.125 0.70390625 0.1296875 0.090625
1 0.1234375 0.53203125 0.1140625 0.09296875
1 0.1203125 0.3671875 0.1125 0.11484375
1 0.3046875 0.7953125 0.125 0.11171875
1 0.30390625 0.60390625 0.11953125 0.0953125
1 0.13046875 0.1984375 0.1140625 0.08515625
1 0.1140625 0.0265625 0.13359375 0.053125
1 0.31015625 0.43671875 0.128125 0.10703125
1 0.3046875 0.2796875 0.1140625 0.0921875
1 0.29296875 0.090625 0.10546875 0.10234375
1 0.5 0.7046875 0.12109375 0.1046875
1 0.49765625 0.52421875 0.13515625 0.1015625
1 0.4984375 0.35859375 0.12421875 0.10390625
1 0.48671875 0.18984375 0.10390625 0.1328125
1 0.48828125 0.03046875 0.14921875 0.0609375
1 0.66484375 0.79921875 0.0984375 0.1
1 0.66640625 0.61015625 0.10859375 0.0953125
1 0.67421875 0.43828125 0.1140625 0.096875
1 0.65078125 0.275 0.12265625 0.09921875
1 0.6640625 0.09453125 0.10234375 0.10390625
1 0.8578125 0.86875 0.1109375 0.0921875
1 0.984375 0.7953125 0.03125 0.0890625
1 0.85859375 0.7 0.084375 0.065625
1 0.9875 0.62890625 0.025 0.0953125
1 0.86484375 0.5203125 0.0765625 0.075
1 0.98359375 0.45078125 0.0328125 0.09296875
1 0.85078125 0.3625 0.0828125 0.10234375
1 0.8546875 0.19375 0.12421875 0.08984375
1 0.840625 0.034375 0.10546875 0.06796875
1 0.98828125 0.11015625 0.02265625 0.08203125