1 0.04765625 0.0640625 0.0953125 0.10234375
1 0.22734375 0.1203125 0.17578125 0.11953125
1 0.3953125 0.05078125 0.1453125 0.1015625
1 0.56328125 0.13359375 0.159375 0.0984375
1 0.7453125 0.05625 0.15234375 0.10859375
1 0.73359375 0.2234375 0.17578125 0.1125
1 0.55078125 0.30078125 0.134375 0.125
1 0.38203125 0.21171875 0.1546875 0.09453125
1 0.04609375 0.2265625 0.0921875 0.096875
1 0.22734375 0.29375 0.1546875 0.12734375
1 0.39296875 0.3765625 0.14140625 0.10625
1 0.55078125 0.47109375 0.1453125 0.0984375
1 0.73828125 0.39609375 0.14921875 0.10625
1 0.93671875 0.2921875 0.1265625 0.1
1 0.9140625 0.46015625 0.1453125 0.10234375
1 0.91484375 0.63203125 0.15234375 0.1140625
1 0.7265625 0.55390625 0.11328125 0.10625
1 0.39921875 0.5578125 0.12578125 0.1046875
1 0.20859375 0.4640625 0.14375 0.12109375
1 0.04296875 0.37734375 0.0859375 0.1140625
1 0.053125 0.54453125 0.10625 0.10234375
1 0.20859375 0.63515625 0.13984375 0.109375
1 0.03515625 0.7265625 0.06953125 0.10234375
1 0.371875 0.72890625 0.134375 0.1046875
1 0.56015625 0.6328125 0.159375 0.109375
1 0.72578125 0.72421875 0.15234375 0.0984375
1 0.9140625 0.8203125 0.1578125 0.11640625
1 0.921875 0.9578125 0.125 0.084375
1 0.73125 0.8875 0.12421875 0.10078125
1 0.54453125 0.80703125 0.16171875 0.125
1 0.19765625 0.8203125 0.14140625 0.109375
1 0.0421875 0.8828125 0.08359375 0.109375
1 0.20703125 0.971875 0.13125 0.05625
1 0.03359375 0.97421875 0.0671875 0.05078125
1 0.371875 0.90234375 0.14375 0.12265625
1 0.54375 0.96015625 0.14375 0.07890625