1 0.94375 0.05859375 0.1125 0.09921875
1 0.94609375 0.21953125 0.1078125 0.1015625
1 0.95078125 0.384375 0.0984375 0.0875
1 0.94140625 0.86640625 0.1171875 0.0953125
1 0.95 0.71171875 0.05859375 0.0484375
1 0.7796875 0.01015625 0.1 0.0203125
1 0.7703125 0.1390625 0.13125 0.09375
1 0.78125 0.303125 0.11953125 0.10625
1 0.78515625 0.46875 0.13046875 0.1125
1 0.78125 0.63828125 0.11796875 0.09765625
1 0.790625 0.80625 0.0859375 0.08515625
1 0.78046875 0.95 0.11640625 0.0859375
1 0.60859375 0.05390625 0.0890625 0.0796875
1 0.61953125 0.21484375 0.08046875 0.07265625
1 0.615625 0.378125 0.09296875 0.09296875
1 0.615625 0.55234375 0.096875 0.0796875
1 0.61484375 0.8796875 0.09453125 0.09375
1 0.43046875 0.1375 0.1109375 0.0828125
1 0.41796875 0.3046875 0.13671875 0.09765625
1 0.4296875 0.453125 0.1 0.0953125
1 0.425 0.6125 0.12734375 0.10625
1 0.41953125 0.78203125 0.11640625 0.09375
1 0.42578125 0.946875 0.1203125 0.10625
1 0.2359375 0.06171875 0.1234375 0.09921875
1 0.23125 0.2078125 0.109375 0.08828125
1 0.26875 0.36015625 0.11640625 0.10546875
1 0.259375 0.5390625 0.10703125 0.0859375
1 0.265625 0.70546875 0.11796875 0.0953125
1 0.25 0.87109375 0.11796875 0.0984375
1 0.0859375 0.134375 0.1015625 0.10390625
1 0.09140625 0.28515625 0.1140625 0.1015625
1 0.09140625 0.4484375 0.1203125 0.09765625
1 0.08671875 0.6265625 0.109375 0.0921875
1 0.0828125 0.790625 0.11953125 0.1015625
1 0.08984375 0.95078125 0.1109375 0.0984375