1 0.72265625 0.02890625 0.1453125 0.0578125
1 0.40625 0.01875 0.13125 0.0375
1 0.23515625 0.0796875 0.125 0.09375
1 0.0734375 0.02421875 0.11875 0.0484375
1 0.89296875 0.23125 0.14453125 0.1125
1 0.7203125 0.15234375 0.11953125 0.08828125
1 0.5734375 0.0703125 0.13046875 0.09453125
1 0.559375 0.23828125 0.1125 0.0796875
1 0.41015625 0.15078125 0.134375 0.09140625
1 0.22421875 0.23046875 0.10859375 0.0875
1 0.05703125 0.1546875 0.10859375 0.08203125
1 0.071875 0.309375 0.12265625 0.096875
1 0.3984375 0.30390625 0.1265625 0.08515625
1 0.5671875 0.390625 0.11953125 0.1015625
1 0.90078125 0.38828125 0.12265625 0.0953125
1 0.90078125 0.53671875 0.1125 0.090625
1 0.571875 0.55390625 0.13515625 0.0921875
1 0.39296875 0.46875 0.13125 0.096875
1 0.2421875 0.390625 0.12734375 0.0984375
1 0.73828125 0.6296875 0.12265625 0.0953125
1 0.89453125 0.69921875 0.1125 0.0921875
1 0.73671875 0.78046875 0.1109375 0.08828125
1 0.903125 0.85 0.12734375 0.09140625
1 0.7453125 0.4734375 0.11484375 0.08515625
1 0.075 0.46640625 0.12890625 0.1
1 0.23046875 0.53515625 0.134375 0.10078125
1 0.390625 0.60625 0.14140625 0.0984375
1 0.571875 0.6984375 0.13515625 0.10625
1 0.07265625 0.61875 0.125 0.10078125
1 0.23984375 0.69921875 0.11328125 0.0953125
1 0.3890625 0.77109375 0.14296875 0.1078125
1 0.23359375 0.8484375 0.1375 0.10625
1 0.07734375 0.77578125 0.096875 0.0875