1 0.21640625 0.8453125 0.11640625 0.0921875
1 0.19453125 0.7125 0.10859375 0.08984375
1 0.1921875 0.55859375 0.1203125 0.0984375
1 0.18828125 0.40546875 0.128125 0.09375
1 0.1953125 0.2703125 0.121875 0.10234375
1 0.18828125 0.10234375 0.1453125 0.109375
1 0.36484375 0.16640625 0.1203125 0.11171875
1 0.35859375 0.3328125 0.11875 0.09921875
1 0.3546875 0.48125 0.10234375 0.09375
1 0.37421875 0.63828125 0.10859375 0.09921875
1 0.37109375 0.79140625 0.12265625 0.090625
1 0.521875 0.8625 0.1265625 0.09921875
1 0.50859375 0.7265625 0.12265625 0.103125
1 0.50546875 0.56171875 0.12890625 0.1
1 0.5 0.4078125 0.13046875 0.10625
1 0.50859375 0.25 0.134375 0.11015625
1 0.50859375 0.10546875 0.11875 0.09921875
1 0.6875 0.034375 0.13203125 0.06875
1 0.675 0.17109375 0.1328125 0.10859375
1 0.828125 0.08203125 0.1125 0.1015625
1 0.984375 0.0359375 0.03125 0.071875
1 0.98828125 0.16171875 0.02265625 0.09609375
1 0.83515625 0.2390625 0.1484375 0.0921875
1 0.68515625 0.3125 0.1078125 0.1
1 0.840625 0.4 0.11796875 0.09921875
1 0.97265625 0.33203125 0.0546875 0.09609375
1 0.67734375 0.46484375 0.128125 0.10625
1 0.834375 0.5625 0.1265625 0.0984375
1 0.690625 0.6296875 0.11875 0.0921875
1 0.68515625 0.79921875 0.12265625 0.10234375
1 0.83359375 0.7078125 0.121875 0.09375
1 0.98671875 0.625 0.0265625 0.1
1 0.97890625 0.7953125 0.04140625 0.11484375
1 0.98515625 0.87890625 0.02890625 0.10703125
1 0.83359375 0.84921875 0.1125 0.109375