1 0.875 0.9109375 0.11796875 0.09453125
1 0.871875 0.746875 0.1125 0.08984375
1 0.8796875 0.559375 0.11015625 0.1
1 0.88984375 0.39453125 0.10390625 0.08515625
1 0.88515625 0.22265625 0.115625 0.10234375
1 0.8875 0.0671875 0.1125 0.103125
1 0.70390625 0.97734375 0.13203125 0.0453125
1 0.70234375 0.809375 0.12109375 0.0875
1 0.70078125 0.646875 0.12421875 0.10546875
1 0.70625 0.46796875 0.1265625 0.109375
1 0.7125 0.29921875 0.11953125 0.090625
1 0.70703125 0.1359375 0.12109375 0.09453125
1 0.52109375 0.8953125 0.12265625 0.09453125
1 0.52578125 0.73046875 0.13515625 0.1171875
1 0.53203125 0.55390625 0.11796875 0.09921875
1 0.5203125 0.3875 0.13828125 0.11015625
1 0.52734375 0.209375 0.11953125 0.10703125
1 0.52890625 0.053125 0.10703125 0.08515625
1 0.34921875 0.965625 0.11015625 0.06796875
1 0.346875 0.8234375 0.1171875 0.0875
1 0.34375 0.64921875 0.12109375 0.1046875
1 0.34921875 0.47890625 0.11796875 0.1125
1 0.3546875 0.3125 0.096875 0.09296875
1 0.35 0.1265625 0.11953125 0.10078125
1 0.171875 0.896875 0.115625 0.08984375
1 0.1703125 0.7390625 0.1171875 0.08828125
1 0.1640625 0.56484375 0.1171875 0.11015625
1 0.1765625 0.3859375 0.125 0.090625
1 0.175 0.23125 0.115625 0.09296875
1 0.17421875 0.06640625 0.1109375 0.09921875
1 0.02265625 0.971875 0.0453125 0.05625
1 0.028125 0.81875 0.05625 0.096875
1 0.0265625 0.63984375 0.053125 0.0984375
1 0.0234375 0.471875 0.04609375 0.08828125
1 0.03203125 0.30390625 0.06328125 0.096875
1 0.02421875 0.13203125 0.04765625 0.08984375