1 0.88125 0.95078125 0.125 0.090625
1 0.88203125 0.8078125 0.0953125 0.08046875
1 0.88046875 0.6421875 0.11640625 0.0984375
1 0.8953125 0.4796875 0.10859375 0.0984375
1 0.878125 0.31015625 0.10859375 0.09453125
1 0.6953125 0.98671875 0.1125 0.0265625
1 0.7203125 0.88359375 0.10078125 0.08046875
1 0.71171875 0.71015625 0.10234375 0.0875
1 0.70390625 0.5515625 0.09921875 0.08671875
1 0.70625 0.39765625 0.12578125 0.090625
1 0.70859375 0.22890625 0.11171875 0.09609375
1 0.5375 0.95 0.121875 0.0890625
1 0.55078125 0.79921875 0.10078125 0.08046875
1 0.5421875 0.64765625 0.11171875 0.08359375
1 0.54609375 0.48828125 0.1203125 0.10390625
1 0.553125 0.325 0.1140625 0.08984375
1 0.54609375 0.15234375 0.121875 0.0890625
1 0.378125 0.8765625 0.1140625 0.078125
1 0.3625 0.721875 0.09921875 0.08671875
1 0.3671875 0.546875 0.1140625 0.09296875
1 0.3765625 0.396875 0.1125 0.0921875
1 0.3703125 0.23203125 0.115625 0.09609375
1 0.21328125 0.940625 0.1203125 0.090625
1 0.20859375 0.7828125 0.1203125 0.0921875
1 0.20625 0.64375 0.1125 0.0875
1 0.21484375 0.475 0.12734375 0.10703125
1 0.215625 0.31640625 0.11171875 0.09609375
1 0.2 0.15078125 0.1203125 0.0921875
1 0.565625 0.0265625 0.12890625 0.05234375
1 0.225 0.025 0.13359375 0.04921875
1 0.0453125 0.23046875 0.08984375 0.09453125
1 0.05 0.38671875 0.09921875 0.09921875
1 0.053125 0.54375 0.10625 0.0921875
1 0.0484375 0.71171875 0.096875 0.084375
1 0.05 0.8609375 0.09921875 0.10703125