1 0.21015625 0.89375 0.1203125 0.08671875
1 0.37109375 0.9625 0.09453125 0.07421875
1 0.68203125 0.9671875 0.1203125 0.065625
1 0.98515625 0.9765625 0.0296875 0.046875
1 0.9890625 0.8140625 0.021875 0.05703125
1 0.9875 0.51171875 0.02421875 0.07890625
1 0.9890625 0.3578125 0.021875 0.07890625
1 0.9875 0.203125 0.02421875 0.06484375
1 0.98046875 0.04375 0.03828125 0.05703125
1 0.85703125 0.90078125 0.10703125 0.08984375
1 0.6890625 0.81875 0.11640625 0.08359375
1 0.86328125 0.74296875 0.10703125 0.08203125
1 0.35703125 0.81328125 0.1125 0.08828125
1 0.21171875 0.73359375 0.11796875 0.0890625
1 0.3640625 0.67265625 0.1203125 0.09140625
1 0.53359375 0.73828125 0.10703125 0.0796875
1 0.69453125 0.66953125 0.0984375 0.08359375
1 0.8578125 0.60703125 0.12421875 0.09765625
1 0.85390625 0.43828125 0.10703125 0.09140625
1 0.53359375 0.5953125 0.12109375 0.08359375
1 0.36953125 0.51796875 0.12109375 0.07890625
1 0.20625 0.58671875 0.12421875 0.09765625
1 0.18515625 0.43046875 0.1265625 0.1015625
1 0.3609375 0.3578125 0.1046875 0.09453125
1 0.5171875 0.43359375 0.1125 0.09765625
1 0.68828125 0.3578125 0.10078125 0.08671875
1 0.85625 0.28203125 0.10859375 0.0734375
1 0.51875 0.2625 0.096875 0.08359375
1 0.67734375 0.2125 0.10859375 0.0796875
1 0.8515625 0.12109375 0.1265625 0.09609375
1 0.6828125 0.04609375 0.09609375 0.0890625
1 0.3625 0.21171875 0.12265625 0.08515625
1 0.1859375 0.27578125 0.10703125 0.08515625
1 0.1953125 0.11875 0.1421875 0.07734375
1 0.35 0.040625 0.1125 0.07109375
1 0.53203125 0.11328125 0.12421875 0.08359375