1 0.21484375 0.42421875 0.13046875 0.0921875
1 0.22421875 0.5875 0.12734375 0.08984375
1 0.340625 0.509375 0.1015625 0.075
1 0.35703125 0.2015625 0.11171875 0.08984375
1 0.35625 0.34453125 0.11640625 0.07890625
1 0.37109375 0.059375 0.09609375 0.0765625
1 0.5109375 0.14140625 0.103125 0.0796875
1 0.67890625 0.06796875 0.103125 0.07734375
1 0.82890625 0.13828125 0.1140625 0.08828125
1 0.66953125 0.21640625 0.10078125 0.0796875
1 0.51953125 0.28046875 0.1125 0.07890625
1 0.515625 0.4328125 0.13203125 0.08515625
1 0.509375 0.5734375 0.1296875 0.08515625
1 0.67109375 0.509375 0.1046875 0.09375
1 0.67578125 0.35859375 0.1046875 0.0875
1 0.828125 0.28203125 0.0921875 0.0921875
1 0.971875 0.05859375 0.05625 0.0890625
1 0.965625 0.2 0.06796875 0.0796875
1 0.9640625 0.36796875 0.071875 0.0859375
1 0.82578125 0.4265625 0.096875 0.09296875
1 0.95859375 0.5046875 0.0828125 0.07890625
1 0.82578125 0.5796875 0.1125 0.09609375
1 0.965625 0.63828125 0.06796875 0.0796875
1 0.81796875 0.71875 0.0890625 0.07578125
1 0.9578125 0.78984375 0.0765625 0.07578125
1 0.3796875 0.66640625 0.0671875 0.08515625
1 0.2046875 0.7203125 0.12109375 0.06953125
1 0.21015625 0.86796875 0.1125 0.06796875
1 0.39921875 0.78125 0.09140625 0.06328125
1 0.37421875 0.903125 0.09375 0.06796875
1 0.66015625 0.78515625 0.0765625 0.06953125
1 0.66875 0.9140625 0.11484375 0.08828125
1 0.80859375 0.8609375 0.096875 0.08984375
1 0.96953125 0.9046875 0.0609375 0.0734375
1 0.21640625 0.015625 0.09375 0.03125