1 0.10859375 0.971875 0.11875 0.05625
1 0.1015625 0.83515625 0.109375 0.1
1 0.09921875 0.66484375 0.096875 0.0859375
1 0.1015625 0.490625 0.1046875 0.09375
1 0.10390625 0.31953125 0.10078125 0.08359375
1 0.11171875 0.1640625 0.11171875 0.08046875
1 0.10078125 0.01484375 0.0875 0.0296875
1 0.2953125 0.9109375 0.11171875 0.09453125
1 0.284375 0.75078125 0.09921875 0.08203125
1 0.28359375 0.5703125 0.1140625 0.10234375
1 0.26875 0.41171875 0.0984375 0.0890625
1 0.27421875 0.23984375 0.0953125 0.08203125
1 0.275 0.07421875 0.09375 0.08046875
1 0.4625 0.9734375 0.11015625 0.053125
1 0.47109375 0.825 0.11328125 0.09453125
1 0.4671875 0.65703125 0.1359375 0.09765625
1 0.4640625 0.48828125 0.1171875 0.09140625
1 0.465625 0.33203125 0.10078125 0.08828125
1 0.453125 0.15625 0.11328125 0.08359375
1 0.46015625 0.01796875 0.0984375 0.03515625
1 0.621875 0.9109375 0.10078125 0.0953125
1 0.61796875 0.7484375 0.11953125 0.11015625
1 0.6296875 0.584375 0.12109375 0.09375
1 0.62421875 0.4125 0.1046875 0.0953125
1 0.62265625 0.25546875 0.115625 0.0953125
1 0.615625 0.0859375 0.0984375 0.09375
1 0.8 0.96953125 0.1171875 0.06015625
1 0.8 0.82578125 0.12109375 0.096875
1 0.80390625 0.6546875 0.13359375 0.0921875
1 0.7921875 0.5 0.09140625 0.075
1 0.8015625 0.32734375 0.115625 0.09765625
1 0.80234375 0.16796875 0.10390625 0.075
1 0.8 0.021875 0.109375 0.04375
1 0.9609375 0.9203125 0.07734375 0.0890625
1 0.9671875 0.75 0.065625 0.09140625
1 0.9609375 0.56953125 0.07734375 0.1046875
1 0.9578125 0.4078125 0.084375 0.09453125
1 0.9546875 0.24921875 0.08984375 0.09765625
1 0.95 0.084375 0.09921875 0.09375