1 0.13671875 0.01640625 0.13203125 0.03203125
1 0.1359375 0.15078125 0.125 0.12265625
1 0.1375 0.31953125 0.11875 0.1125
1 0.12421875 0.4984375 0.10625 0.12734375
1 0.13359375 0.67421875 0.12578125 0.09296875
1 0.1296875 0.8421875 0.15546875 0.1125
1 0.115625 0.97890625 0.13125 0.0421875
1 0.3140625 0.07109375 0.121875 0.10390625
1 0.31875 0.24375 0.1359375 0.10625
1 0.3078125 0.4078125 0.11484375 0.0953125
1 0.30859375 0.5921875 0.121875 0.1203125
1 0.31171875 0.74765625 0.15546875 0.10390625
1 0.2890625 0.91796875 0.11015625 0.1109375
1 0.4984375 0.02265625 0.11875 0.04453125
1 0.48671875 0.1625 0.12734375 0.12734375
1 0.49453125 0.3296875 0.125 0.12890625
1 0.48125 0.67421875 0.1046875 0.0984375
1 0.4875 0.84296875 0.11484375 0.09609375
1 0.49609375 0.9890625 0.12890625 0.021875
1 0.6734375 0.06484375 0.1171875 0.10546875
1 0.66875 0.23203125 0.1046875 0.10078125
1 0.68515625 0.41328125 0.1375 0.128125
1 0.67578125 0.584375 0.1515625 0.115625
1 0.66640625 0.765625 0.11875 0.11875
1 0.6578125 0.92421875 0.121875 0.1328125
1 0.8375 0.01484375 0.121875 0.0296875
1 0.85 0.1484375 0.11328125 0.10625
1 0.846875 0.328125 0.1078125 0.11328125
1 0.85703125 0.50078125 0.13203125 0.12109375
1 0.8515625 0.66328125 0.11640625 0.09609375
1 0.8453125 0.8421875 0.12890625 0.10546875
1 0.846875 0.97890625 0.11875 0.0421875
1 0.98671875 0.23984375 0.0265625 0.1140625
1 0.98125 0.4109375 0.03671875 0.10546875
1 0.98125 0.58515625 0.03671875 0.1109375
1 0.98125 0.76171875 0.03671875 0.1328125
1 0.98125 0.93359375 0.03671875 0.1328125