1 0.93125 0.046875 0.1375 0.09375
1 0.93203125 0.196875 0.1359375 0.1015625
1 0.9390625 0.359375 0.121875 0.1140625
1 0.94140625 0.51171875 0.1140625 0.0953125
1 0.93359375 0.6578125 0.115625 0.090625
1 0.94375 0.82265625 0.10078125 0.0859375
1 0.77890625 0.12421875 0.1140625 0.08671875
1 0.77734375 0.2890625 0.11015625 0.0984375
1 0.7796875 0.440625 0.1140625 0.0828125
1 0.77734375 0.59375 0.1140625 0.07734375
1 0.80234375 0.75859375 0.1 0.078125
1 0.7953125 0.9125 0.11640625 0.0828125
1 0.60859375 0.0515625 0.1140625 0.0875
1 0.621875 0.21015625 0.0921875 0.0875
1 0.61171875 0.36953125 0.134375 0.09921875
1 0.60546875 0.5234375 0.11640625 0.090625
1 0.6078125 0.68828125 0.1203125 0.0953125
1 0.6171875 0.8390625 0.1140625 0.090625
1 0.4484375 0.13828125 0.08046875 0.08046875
1 0.4609375 0.29375 0.1078125 0.09453125
1 0.45625 0.446875 0.0828125 0.0703125
1 0.45859375 0.590625 0.09453125 0.1015625
1 0.459375 0.75078125 0.09296875 0.08359375
1 0.4734375 0.9046875 0.10078125 0.08359375
1 0.290625 0.0546875 0.115625 0.0921875
1 0.28203125 0.2140625 0.115625 0.084375
1 0.28359375 0.37109375 0.09453125 0.0859375
1 0.28671875 0.52734375 0.11015625 0.0796875
1 0.2828125 0.6796875 0.1046875 0.0890625
1 0.2859375 0.84921875 0.0984375 0.0828125
1 0.12421875 0.13359375 0.11171875 0.07421875
1 0.1234375 0.284375 0.1 0.08984375
1 0.134375 0.45 0.1046875 0.0796875
1 0.134375 0.60078125 0.0984375 0.08359375
1 0.13984375 0.75703125 0.10625 0.0765625
1 0.14296875 0.90703125 0.090625 0.08359375