1 0.95390625 0.015625 0.0921875 0.03125
1 0.9640625 0.1640625 0.071875 0.0859375
1 0.959375 0.328125 0.08125 0.08671875
1 0.9609375 0.48671875 0.078125 0.1
1 0.953125 0.65234375 0.09375 0.1015625
1 0.95859375 0.81640625 0.08203125 0.08828125
1 0.95078125 0.9640625 0.0984375 0.071875
1 0.809375 0.08828125 0.13359375 0.096875
1 0.82421875 0.39140625 0.13671875 0.09453125
1 0.81953125 0.56796875 0.11796875 0.11171875
1 0.8390625 0.72578125 0.11171875 0.08125
1 0.81328125 0.9015625 0.1140625 0.0828125
1 0.6265625 0.02421875 0.1203125 0.0484375
1 0.6328125 0.17578125 0.1203125 0.0859375
1 0.63125 0.3296875 0.12734375 0.0859375
1 0.63359375 0.5015625 0.1203125 0.0765625
1 0.640625 0.665625 0.1140625 0.0890625
1 0.65234375 0.815625 0.11171875 0.078125
1 0.64140625 0.9765625 0.12578125 0.04609375
1 0.45703125 0.0984375 0.10625 0.0921875
1 0.4625 0.265625 0.1125 0.09765625
1 0.4625 0.41953125 0.11796875 0.09765625
1 0.46015625 0.59921875 0.121875 0.10625
1 0.47890625 0.75390625 0.1140625 0.08828125
1 0.48125 0.915625 0.13671875 0.10390625
1 0.30625 0.16953125 0.11953125 0.10625
1 0.3078125 0.33359375 0.1203125 0.09140625
1 0.29140625 0.49765625 0.11796875 0.09765625
1 0.30625 0.6640625 0.115625 0.10078125
1 0.3125 0.82265625 0.11640625 0.0984375
1 0.14609375 0.0890625 0.1390625 0.08828125
1 0.1515625 0.27421875 0.11171875 0.10859375
1 0.159375 0.4359375 0.11640625 0.1125
1 0.1515625 0.73515625 0.1328125 0.10625
1 0.15546875 0.9109375 0.125 0.08984375