1 0.0765625 0.9234375 0.1390625 0.10703125
1 0.0796875 0.76796875 0.13671875 0.1015625
1 0.07265625 0.5984375 0.121875 0.11796875
1 0.06484375 0.434375 0.1234375 0.0984375
1 0.06953125 0.27578125 0.13828125 0.1125
1 0.06875 0.10546875 0.1328125 0.09140625
1 0.23515625 0.98984375 0.1234375 0.0203125
1 0.24375 0.67734375 0.11796875 0.096875
1 0.23828125 0.51796875 0.11640625 0.08828125
1 0.23125 0.3515625 0.11640625 0.11875
1 0.2421875 0.18203125 0.10625 0.0984375
1 0.234375 0.0390625 0.1140625 0.078125
1 0.409375 0.91640625 0.1140625 0.09765625
1 0.40546875 0.75 0.11953125 0.09296875
1 0.41875 0.5875 0.125 0.09765625
1 0.4125 0.43203125 0.11171875 0.0921875
1 0.3921875 0.28046875 0.09296875 0.07109375
1 0.4125 0.0984375 0.1078125 0.08671875
1 0.584375 0.9859375 0.11015625 0.028125
1 0.58359375 0.8328125 0.10859375 0.08984375
1 0.57109375 0.6890625 0.1046875 0.0828125
1 0.56796875 0.5234375 0.103125 0.071875
1 0.58125 0.3625 0.1046875 0.08828125
1 0.57421875 0.19140625 0.1203125 0.0953125
1 0.578125 0.03515625 0.11171875 0.06953125
1 0.7421875 0.92578125 0.09921875 0.07734375
1 0.74375 0.76640625 0.10625 0.0796875
1 0.74375 0.5984375 0.1203125 0.084375
1 0.74375 0.4390625 0.115625 0.0859375
1 0.7453125 0.28359375 0.1046875 0.08671875
1 0.74453125 0.1234375 0.1296875 0.103125
1 0.9109375 0.83671875 0.11796875 0.0859375
1 0.9078125 0.6828125 0.11171875 0.08125
1 0.91484375 0.5171875 0.1078125 0.09140625
1 0.909375 0.35546875 0.11015625 0.096875
1 0.90390625 0.19921875 0.09921875 0.0796875
1 0.91796875 0.040625 0.10078125 0.08125