1 0.96171875 0.0375 0.0765625 0.07421875
1 0.9546875 0.16328125 0.090625 0.09375
1 0.9546875 0.36015625 0.090625 0.1015625
1 0.9578125 0.5234375 0.084375 0.109375
1 0.95703125 0.69921875 0.0859375 0.1171875
1 0.95625 0.8828125 0.0875 0.115625
1 0.79453125 0.096875 0.1046875 0.090625
1 0.8 0.271875 0.103125 0.0890625
1 0.79375 0.44609375 0.1171875 0.08828125
1 0.79140625 0.62578125 0.12734375 0.09140625
1 0.7984375 0.7859375 0.12734375 0.09609375
1 0.80703125 0.96171875 0.134375 0.0765625
1 0.6125 0.02734375 0.12578125 0.0546875
1 0.6375 0.1765625 0.11875 0.084375
1 0.63984375 0.3390625 0.09921875 0.0953125
1 0.63984375 0.52890625 0.14765625 0.08828125
1 0.63984375 0.696875 0.0875 0.0546875
1 0.63828125 0.8765625 0.12578125 0.0984375
1 0.4328125 0.1046875 0.1078125 0.08828125
1 0.42578125 0.284375 0.1359375 0.1109375
1 0.446875 0.44375 0.1078125 0.08359375
1 0.46015625 0.61640625 0.12734375 0.096875
1 0.45859375 0.8015625 0.11640625 0.08125
1 0.478125 0.96328125 0.12578125 0.0734375
1 0.26875 0.03359375 0.1234375 0.0671875
1 0.26796875 0.1828125 0.13046875 0.09375
1 0.27265625 0.3625 0.11015625 0.0984375
1 0.284375 0.5265625 0.1359375 0.11015625
1 0.284375 0.71640625 0.13984375 0.10859375
1 0.2765625 0.8984375 0.121875 0.09140625
1 0.0796875 0.1 0.13046875 0.10859375
1 0.071875 0.28046875 0.1078125 0.090625
1 0.084375 0.453125 0.125 0.096875
1 0.08359375 0.61484375 0.1484375 0.09375
1 0.0734375 0.8046875 0.1171875 0.10390625
1 0.0703125 0.953125 0.11875 0.08671875