1 0.15859375 0.13359375 0.10703125 0.08828125
1 0.31015625 0.0609375 0.125 0.0859375
1 0.46875 0.14921875 0.096875 0.08984375
1 0.62265625 0.07109375 0.1046875 0.09140625
1 0.77734375 0.13984375 0.09453125 0.08984375
1 0.9171875 0.06171875 0.10703125 0.08828125
1 0.92109375 0.20234375 0.11015625 0.1171875
1 0.61953125 0.209375 0.10703125 0.07578125
1 0.771875 0.28828125 0.10703125 0.0765625
1 0.93125 0.35234375 0.109375 0.07890625
1 0.76953125 0.42265625 0.109375 0.0953125
1 0.63046875 0.34609375 0.1015625 0.08515625
1 0.46953125 0.2859375 0.103125 0.09296875
1 0.31171875 0.21171875 0.1015625 0.09296875
1 0.1703125 0.2796875 0.11171875 0.08984375
1 0.315625 0.35703125 0.0984375 0.0890625
1 0.4796875 0.425 0.11640625 0.09296875
1 0.621875 0.50859375 0.11484375 0.08046875
1 0.47890625 0.571875 0.12578125 0.0953125
1 0.315625 0.496875 0.103125 0.10390625
1 0.16328125 0.42890625 0.109375 0.084375
1 0.1625 0.575 0.0984375 0.10390625
1 0.61953125 0.64296875 0.1078125 0.1015625
1 0.78125 0.5734375 0.1125 0.09140625
1 0.925 0.50703125 0.1125 0.08515625
1 0.93125 0.6515625 0.11015625 0.08828125
1 0.93515625 0.80078125 0.08984375 0.09140625
1 0.78359375 0.7234375 0.1125 0.09140625
1 0.7796875 0.87734375 0.1140625 0.1015625
1 0.61953125 0.79375 0.11484375 0.0890625
1 0.47578125 0.7296875 0.1046875 0.0859375
1 0.47109375 0.85234375 0.1171875 0.1
1 0.3 0.78125 0.11875 0.09765625
1 0.1625 0.73046875 0.12109375 0.10546875
1 0.16796875 0.85625 0.1046875 0.08515625
1 0.025 0.78984375 0.05 0.1015625
1 0.01640625 0.65078125 0.0328125 0.0796875
1 0.015625 0.4984375 0.03125 0.12578125