1 0.68046875 0.94765625 0.14609375 0.10390625
1 0.3125 0.9453125 0.1484375 0.10859375
1 0.11328125 0.859375 0.14140625 0.10625
1 0.4765625 0.8578125 0.1546875 0.11015625
1 0.84765625 0.85 0.15546875 0.10546875
1 0.9796875 0.7734375 0.040625 0.109375
1 0.85234375 0.6890625 0.14140625 0.11015625
1 0.6640625 0.77890625 0.13046875 0.10625
1 0.4765625 0.68515625 0.11328125 0.09609375
1 0.3125 0.771875 0.1234375 0.10625
1 0.12421875 0.67734375 0.14453125 0.10390625
1 0.9828125 0.596875 0.034375 0.10078125
1 0.675 0.60390625 0.11328125 0.09375
1 0.8453125 0.5109375 0.121875 0.10078125
1 0.97421875 0.42421875 0.05078125 0.103125
1 0.665625 0.43984375 0.14140625 0.1015625
1 0.85234375 0.3453125 0.1484375 0.10625
1 0.97578125 0.25234375 0.0484375 0.12265625
1 0.84921875 0.16796875 0.14765625 0.10078125
1 0.66953125 0.253125 0.134375 0.0984375
1 0.4734375 0.34765625 0.12890625 0.09921875
1 0.484375 0.52265625 0.13984375 0.0984375
1 0.321875 0.61640625 0.1390625 0.10859375
1 0.109375 0.52265625 0.14140625 0.1078125
1 0.31328125 0.4265625 0.1328125 0.1015625
1 0.11953125 0.3390625 0.14296875 0.10625
1 0.31953125 0.2578125 0.14453125 0.1140625
1 0.490625 0.17734375 0.13203125 0.10859375
1 0.66796875 0.08203125 0.13203125 0.09609375
1 0.978125 0.08671875 0.04375 0.1109375
1 0.8421875 0.03125 0.1375 0.06171875
1 0.49609375 0.02734375 0.14140625 0.0546875
1 0.13125 0.15703125 0.14765625 0.10625
1 0.33671875 0.08671875 0.15 0.11015625
1 0.13515625 0.03515625 0.1546875 0.06953125