1 0.07265625 0.03515625 0.13671875 0.06484375
1 0.06796875 0.16796875 0.12734375 0.08984375
1 0.06953125 0.325 0.1390625 0.09375
1 0.0578125 0.46328125 0.1125 0.07890625
1 0.06328125 0.60546875 0.12578125 0.0859375
1 0.0640625 0.75546875 0.11953125 0.096875
1 0.0625 0.89765625 0.125 0.10546875
1 0.22265625 0.10390625 0.10546875 0.0671875
1 0.2125 0.2515625 0.1125 0.0859375
1 0.2203125 0.5359375 0.0921875 0.0828125
1 0.21015625 0.68984375 0.125 0.08359375
1 0.21796875 0.84296875 0.11953125 0.08125
1 0.21328125 0.965625 0.11171875 0.06875
1 0.38359375 0.025 0.1078125 0.04296875
1 0.38515625 0.1671875 0.1015625 0.07734375
1 0.38046875 0.321875 0.096875 0.08125
1 0.3828125 0.46640625 0.09375 0.0765625
1 0.38828125 0.61640625 0.09375 0.06875
1 0.37890625 0.76171875 0.103125 0.08125
1 0.36796875 0.90078125 0.10078125 0.07890625
1 0.52578125 0.08984375 0.1078125 0.08125
1 0.53203125 0.22890625 0.1046875 0.08515625
1 0.53203125 0.39140625 0.1046875 0.08125
1 0.5234375 0.5296875 0.11171875 0.07734375
1 0.5296875 0.6734375 0.1078125 0.0796875
1 0.52890625 0.8328125 0.1015625 0.07734375
1 0.52734375 0.965625 0.0984375 0.06875
1 0.6765625 0.02890625 0.078125 0.0578125
1 0.68203125 0.165625 0.10546875 0.0859375
1 0.68203125 0.31171875 0.1140625 0.08359375
1 0.68046875 0.4609375 0.0984375 0.08046875
1 0.68203125 0.60703125 0.1015625 0.07109375
1 0.68125 0.765625 0.11484375 0.0828125
1 0.68671875 0.90625 0.103125 0.06953125
1 0.8421875 0.10546875 0.10703125 0.08515625
1 0.82734375 0.25625 0.09921875 0.08515625
1 0.82734375 0.3984375 0.09921875 0.0796875
1 0.821875 0.5453125 0.096875 0.0890625
1 0.83125 0.69609375 0.0921875 0.0765625
1 0.8296875 0.83359375 0.096875 0.0828125
1 0.8234375 0.96796875 0.0921875 0.0640625
1 0.971875 0.1890625 0.05625 0.06875
1 0.96953125 0.3359375 0.0609375 0.09296875
1 0.971875 0.47578125 0.05625 0.0796875
1 0.971875 0.6140625 0.05625 0.06484375
1 0.96875 0.76484375 0.0625 0.08046875
1 0.9703125 0.90625 0.05859375 0.08359375