1 0.05234375 0.95 0.1046875 0.1
1 0.04609375 0.6171875 0.0921875 0.14375
1 0.03984375 0.45625 0.0796875 0.134375
1 0.0546875 0.2953125 0.109375 0.115625
1 0.0640625 0.12109375 0.128125 0.1390625
1 0.20390625 0.87578125 0.1125 0.12109375
1 0.19140625 0.71796875 0.109375 0.10625
1 0.2015625 0.56015625 0.13828125 0.1078125
1 0.19921875 0.38671875 0.1203125 0.134375
1 0.209375 0.2109375 0.1125 0.11328125
1 0.190625 0.04296875 0.10078125 0.0859375
1 0.39296875 0.9578125 0.1359375 0.084375
1 0.39140625 0.79453125 0.12578125 0.1
1 0.384375 0.63203125 0.14375 0.1203125
1 0.3828125 0.46328125 0.1234375 0.11640625
1 0.38671875 0.290625 0.14375 0.0984375
1 0.3734375 0.13359375 0.121875 0.13671875
1 0.3734375 0.0125 0.13125 0.025
1 0.5578125 0.86796875 0.12734375 0.121875
1 0.5640625 0.70546875 0.1328125 0.12890625
1 0.5515625 0.546875 0.125 0.12109375
1 0.5546875 0.3734375 0.11640625 0.146875
1 0.553125 0.20546875 0.1328125 0.10859375
1 0.54921875 0.0484375 0.13984375 0.09609375
1 0.7359375 0.95234375 0.134375 0.0953125
1 0.7375 0.80078125 0.1484375 0.11015625
1 0.73828125 0.6359375 0.1375 0.134375
1 0.74609375 0.47109375 0.15546875 0.1265625
1 0.7390625 0.2984375 0.13828125 0.128125
1 0.746875 0.12578125 0.1453125 0.121875
1 0.92421875 0.97890625 0.1265625 0.0421875
1 0.91015625 0.8671875 0.13046875 0.1140625
1 0.90625 0.703125 0.121875 0.1
1 0.91015625 0.5421875 0.14375 0.121875
1 0.91171875 0.3859375 0.11328125 0.11015625
1 0.91328125 0.2015625 0.12578125 0.10546875
1 0.91484375 0.04921875 0.1390625 0.0984375