1 0.04765625 0.1140625 0.09453125 0.1109375
1 0.0421875 0.41484375 0.08359375 0.12421875
1 0.03671875 0.55390625 0.0734375 0.11640625
1 0.04921875 0.6921875 0.0984375 0.1
1 0.059375 0.84375 0.11171875 0.11953125
1 0.03828125 0.96875 0.0765625 0.06171875
1 0.18203125 0.04375 0.1046875 0.0875
1 0.18046875 0.18984375 0.096875 0.1046875
1 0.16875 0.3265625 0.09453125 0.0921875
1 0.178125 0.46328125 0.11953125 0.09296875
1 0.1765625 0.61328125 0.1046875 0.11640625
1 0.184375 0.76484375 0.096875 0.09765625
1 0.16875 0.92421875 0.0875 0.103125
1 0.34453125 0.1125 0.1171875 0.08515625
1 0.3421875 0.26015625 0.109375 0.0859375
1 0.33671875 0.40078125 0.125 0.10390625
1 0.33515625 0.546875 0.10703125 0.10078125
1 0.33828125 0.69609375 0.125 0.08515625
1 0.3265625 0.83203125 0.10546875 0.11796875
1 0.3265625 0.96328125 0.1140625 0.0734375
1 0.4875 0.046875 0.11171875 0.09375
1 0.48671875 0.196875 0.11015625 0.10546875
1 0.49140625 0.33671875 0.11484375 0.11171875
1 0.48125 0.47421875 0.1078125 0.1046875
1 0.48359375 0.625 0.10078125 0.12734375
1 0.4828125 0.76953125 0.11484375 0.09375
1 0.47890625 0.91875 0.12109375 0.10859375
1 0.64140625 0.11953125 0.11640625 0.09140625
1 0.6421875 0.25546875 0.128125 0.0953125
1 0.64296875 0.39765625 0.11875 0.11640625
1 0.64921875 0.540625 0.134375 0.109375
1 0.64296875 0.6890625 0.11953125 0.1109375
1 0.65078125 0.83828125 0.12578125 0.10546875
1 0.8046875 0.0609375 0.11015625 0.11796875
1 0.79140625 0.19765625 0.1125 0.09921875
1 0.78828125 0.3390625 0.10546875 0.0859375
1 0.79140625 0.47890625 0.125 0.10546875
1 0.7921875 0.61328125 0.0984375 0.0953125
1 0.79453125 0.7734375 0.109375 0.09140625
1 0.796875 0.9140625 0.11953125 0.10078125
1 0.9453125 0.11796875 0.109375 0.109375
1 0.94609375 0.26875 0.1078125 0.11875
1 0.9421875 0.40859375 0.1140625 0.09296875
1 0.94609375 0.54375 0.1078125 0.103125
1 0.9421875 0.6921875 0.11484375 0.1171875