1 0.1421875 0.90390625 0.1234375 0.10546875
1 0.01171875 0.8078125 0.0234375 0.13125
1 0.14921875 0.72265625 0.121875 0.090625
1 0.146875 0.54609375 0.1359375 0.10859375
1 0.146875 0.36796875 0.1078125 0.090625
1 0.1375 0.1953125 0.1171875 0.09296875
1 0.01171875 0.12421875 0.0234375 0.1015625
1 0.140625 0.0421875 0.134375 0.084375
1 0.32421875 0.9765625 0.1046875 0.046875
1 0.32421875 0.81171875 0.11015625 0.09140625
1 0.32578125 0.64296875 0.13203125 0.1015625
1 0.33046875 0.46328125 0.11875 0.0984375
1 0.3171875 0.29609375 0.1203125 0.10078125
1 0.32265625 0.11875 0.11015625 0.10390625
1 0.51875 0.90390625 0.1375 0.09375
1 0.50625 0.72578125 0.109375 0.09296875
1 0.5046875 0.55625 0.11640625 0.103125
1 0.5 0.38671875 0.10625 0.08671875
1 0.509375 0.21015625 0.10078125 0.096875
1 0.49921875 0.03515625 0.09453125 0.06953125
1 0.70078125 0.95703125 0.12890625 0.0859375
1 0.69296875 0.80859375 0.109375 0.0890625
1 0.68359375 0.6328125 0.11875 0.0984375
1 0.6921875 0.45859375 0.121875 0.103125
1 0.68203125 0.29609375 0.1359375 0.10546875
1 0.6765625 0.12421875 0.13203125 0.10546875
1 0.86640625 0.890625 0.1171875 0.0984375
1 0.87109375 0.71953125 0.1203125 0.09609375
1 0.87265625 0.54921875 0.1515625 0.10859375
1 0.859375 0.37890625 0.12578125 0.1015625
1 0.86328125 0.20859375 0.1203125 0.096875
1 0.859375 0.040625 0.140625 0.08125