1 0.91171875 0.965625 0.1359375 0.06875
1 0.5578125 0.95859375 0.1421875 0.0828125
1 0.22890625 0.9546875 0.1515625 0.090625
1 0.05390625 0.89453125 0.1078125 0.103125
1 0.2234375 0.8078125 0.1453125 0.103125
1 0.05078125 0.728125 0.10078125 0.0875
1 0.91875 0.7984375 0.1421875 0.096875
1 0.55078125 0.803125 0.1265625 0.10390625
1 0.72421875 0.71171875 0.13203125 0.103125
1 0.9171875 0.6453125 0.1328125 0.1
1 0.56015625 0.64296875 0.11796875 0.0953125
1 0.39609375 0.72265625 0.12109375 0.09453125
1 0.73359375 0.571875 0.11171875 0.09765625
1 0.5671875 0.4953125 0.1328125 0.09453125
1 0.91484375 0.49765625 0.1640625 0.125
1 0.7390625 0.4078125 0.12734375 0.09453125
1 0.91953125 0.32421875 0.134375 0.10703125
1 0.23359375 0.64296875 0.12890625 0.1109375
1 0.38203125 0.56640625 0.13203125 0.11171875
1 0.4046875 0.4046875 0.12734375 0.10078125
1 0.56171875 0.33671875 0.13046875 0.09453125
1 0.73203125 0.2671875 0.14921875 0.109375
1 0.9109375 0.17265625 0.12734375 0.0890625
1 0.7328125 0.096875 0.134375 0.0859375
1 0.56796875 0.1671875 0.12265625 0.08984375
1 0.40625 0.265625 0.12890625 0.096875
1 0.06328125 0.40859375 0.10859375 0.1
1 0.06640625 0.24921875 0.1328125 0.1015625
1 0.22734375 0.175 0.11953125 0.096875
1 0.06171875 0.08671875 0.12265625 0.103125
1 0.3921875 0.07578125 0.13046875 0.0953125
1 0.9046875 0.03046875 0.13984375 0.0609375
1 0.56171875 0.02265625 0.1421875 0.0453125
1 0.24921875 0.028125 0.1328125 0.05625