1 0.07109375 0.0875 0.12578125 0.096875
1 0.0734375 0.228125 0.1234375 0.0921875
1 0.0671875 0.38125 0.11015625 0.10703125
1 0.06015625 0.5296875 0.11171875 0.0890625
1 0.0640625 0.6734375 0.125 0.1015625
1 0.06328125 0.8265625 0.11953125 0.0828125
1 0.053125 0.959375 0.10546875 0.08046875
1 0.2140625 0.01875 0.11171875 0.03671875
1 0.22109375 0.31015625 0.10703125 0.0875
1 0.21640625 0.45390625 0.10546875 0.0796875
1 0.21015625 0.6046875 0.10546875 0.1078125
1 0.2203125 0.7578125 0.09609375 0.0890625
1 0.21328125 0.90390625 0.103125 0.10390625
1 0.37109375 0.09375 0.103125 0.08828125
1 0.3671875 0.24453125 0.1078125 0.084375
1 0.38046875 0.39140625 0.1125 0.08828125
1 0.37421875 0.53125 0.10078125 0.08359375
1 0.35546875 0.66875 0.08359375 0.0640625
1 0.37421875 0.8328125 0.096875 0.07890625
1 0.36484375 0.965625 0.09375 0.06875
1 0.5296875 0.02265625 0.09921875 0.04296875
1 0.52890625 0.16953125 0.0984375 0.08125
1 0.5171875 0.3 0.09453125 0.075
1 0.5140625 0.44921875 0.09375 0.06484375
1 0.52734375 0.59453125 0.09453125 0.0796875
1 0.5203125 0.74921875 0.109375 0.0859375
1 0.52421875 0.896875 0.10078125 0.075
1 0.671875 0.08515625 0.08984375 0.06953125
1 0.6734375 0.2296875 0.09609375 0.071875
1 0.67421875 0.38125 0.109375 0.0765625
1 0.67421875 0.525 0.1046875 0.07734375
1 0.675 0.66640625 0.09453125 0.07890625
1 0.67421875 0.8109375 0.1171875 0.09296875
1 0.6625 0.96328125 0.10546875 0.0734375
1 0.825 0.16640625 0.10703125 0.07734375
1 0.821875 0.3046875 0.10078125 0.0734375
1 0.828125 0.4546875 0.096875 0.0828125
1 0.8234375 0.6015625 0.09921875 0.0875
1 0.81796875 0.7421875 0.08984375 0.071875
1 0.83125 0.8890625 0.09140625 0.08046875
1 0.9625 0.09765625 0.07421875 0.08828125
1 0.9671875 0.23984375 0.065625 0.0859375
1 0.9703125 0.37890625 0.05859375 0.09140625
1 0.9671875 0.53359375 0.065625 0.0953125
1 0.96875 0.67109375 0.0625 0.084375
1 0.965625 0.821875 0.06796875 0.075
1 0.9671875 0.96171875 0.065625 0.0765625