1 0.65234375 0.9546875 0.175 0.090625
1 0.9734375 0.953125 0.053125 0.09375
1 0.09453125 0.88515625 0.1046875 0.09609375
1 0.09453125 0.7234375 0.1109375 0.109375
1 0.28359375 0.79296875 0.140625 0.10078125
1 0.459375 0.88828125 0.140625 0.10546875
1 0.64765625 0.7859375 0.14765625 0.11015625
1 0.96640625 0.79921875 0.0671875 0.09765625
1 0.8296875 0.69453125 0.15234375 0.11171875
1 0.64140625 0.6203125 0.11484375 0.0984375
1 0.4671875 0.69921875 0.1390625 0.09375
1 0.2796875 0.61953125 0.14921875 0.10078125
1 0.09375 0.53828125 0.11171875 0.12265625
1 0.9734375 0.09375 0.053125 0.11171875
1 0.975 0.25546875 0.05 0.1078125
1 0.96484375 0.4359375 0.0703125 0.11953125
1 0.9734375 0.6046875 0.053125 0.115625
1 0.84296875 0.5375 0.103125 0.10078125
1 0.82265625 0.36015625 0.1265625 0.11171875
1 0.83828125 0.17734375 0.13515625 0.11953125
1 0.8359375 0.0296875 0.146875 0.059375
1 0.66015625 0.09765625 0.13359375 0.1078125
1 0.6640625 0.24453125 0.13046875 0.10546875
1 0.6625 0.4359375 0.15625 0.11796875
1 0.46640625 0.528125 0.13046875 0.10546875
1 0.47109375 0.359375 0.15390625 0.12734375
1 0.46875 0.18359375 0.15078125 0.103125
1 0.475 0.03828125 0.140625 0.0765625
1 0.27734375 0.10390625 0.15078125 0.11796875
1 0.1015625 0.17578125 0.13828125 0.10546875
1 0.09921875 0.36171875 0.15625 0.121875
1 0.28828125 0.27109375 0.13828125 0.1
1 0.26328125 0.4515625 0.140625 0.11171875