1 0.08984375 0.08359375 0.121875 0.10390625
1 0.096875 0.2625 0.1203125 0.0890625
1 0.09453125 0.43671875 0.134375 0.10703125
1 0.09453125 0.6125 0.10625 0.0890625
1 0.08515625 0.78203125 0.115625 0.09140625
1 0.0890625 0.93984375 0.1328125 0.09375
1 0.26875 0.0171875 0.103125 0.034375
1 0.26953125 0.17421875 0.10859375 0.090625
1 0.27109375 0.340625 0.1296875 0.10078125
1 0.27578125 0.51796875 0.1171875 0.096875
1 0.2625 0.6828125 0.11875 0.09921875
1 0.26796875 0.8578125 0.10859375 0.10234375
1 0.4609375 0.08359375 0.13515625 0.0921875
1 0.44921875 0.259375 0.1078125 0.09140625
1 0.44765625 0.4265625 0.11484375 0.1015625
1 0.44296875 0.59375 0.1046875 0.0859375
1 0.4515625 0.76796875 0.09921875 0.09609375
1 0.44296875 0.9515625 0.09375 0.090625
1 0.640625 0.03671875 0.12734375 0.0734375
1 0.6328125 0.17734375 0.1078125 0.08828125
1 0.6234375 0.35078125 0.1171875 0.096875
1 0.63203125 0.52265625 0.1203125 0.1015625
1 0.621875 0.68359375 0.134375 0.10390625
1 0.61640625 0.85234375 0.1296875 0.10390625
1 0.6328125 0.98671875 0.13125 0.02578125
1 0.80390625 0.096875 0.115625 0.096875
1 0.80859375 0.265625 0.11875 0.09453125
1 0.81015625 0.43359375 0.14921875 0.10703125
1 0.796875 0.60078125 0.12421875 0.10078125
1 0.80078125 0.76953125 0.11875 0.09609375
1 0.79765625 0.946875 0.13984375 0.1015625
1 0.9640625 0.02734375 0.06875 0.0546875
1 0.96171875 0.1828125 0.0765625 0.09921875
1 0.96875 0.3609375 0.0625 0.10234375
1 0.96484375 0.53046875 0.06953125 0.12890625
1 0.959375 0.6890625 0.08125 0.0890625
1 0.959375 0.86484375 0.08125 0.1046875