1 0.54375 0.38203125 0.14140625 0.1140625
1 0.7140625 0.2984375 0.13515625 0.1171875
1 0.209375 0.05234375 0.14609375 0.10390625
1 0.06640625 0.1421875 0.1328125 0.1
1 0.22265625 0.21484375 0.1359375 0.10078125
1 0.06640625 0.309375 0.13203125 0.1078125
1 0.2171875 0.37109375 0.13515625 0.10703125
1 0.2140625 0.534375 0.128125 0.0984375
1 0.38515625 0.45390625 0.1109375 0.096875
1 0.54296875 0.0578125 0.10546875 0.08671875
1 0.38671875 0.1421875 0.1078125 0.084375
1 0.53203125 0.52421875 0.103125 0.07734375
1 0.53828125 0.21484375 0.11484375 0.09296875
1 0.06796875 0.4515625 0.11796875 0.08828125
1 0.06328125 0.60078125 0.12578125 0.09296875
1 0.3765625 0.2953125 0.11328125 0.08203125
1 0.70625 0.140625 0.11171875 0.08359375
1 0.859375 0.05546875 0.11484375 0.08125
1 0.86484375 0.2203125 0.11328125 0.084375
1 0.85859375 0.37265625 0.1109375 0.0875
1 0.38046875 0.60859375 0.10703125 0.084375
1 0.06171875 0.75703125 0.11484375 0.078125
1 0.22109375 0.8359375 0.09765625 0.07109375
1 0.053125 0.91328125 0.10625 0.0734375
1 0.38828125 0.75234375 0.11796875 0.09140625
1 0.534375 0.6796875 0.1109375 0.090625
1 0.70859375 0.5984375 0.11484375 0.078125
1 0.85859375 0.5296875 0.11796875 0.08359375
1 0.2109375 0.965625 0.13203125 0.06875
1 0.378125 0.91640625 0.11484375 0.078125
1 0.53671875 0.83203125 0.11796875 0.090625
1 0.6953125 0.76328125 0.11484375 0.08671875
1 0.859375 0.68828125 0.12734375 0.090625
1 0.5359375 0.96953125 0.1171875 0.0609375
1 0.6984375 0.9109375 0.11171875 0.08125
1 0.846875 0.83671875 0.1171875 0.08984375
1 0.84765625 0.9734375 0.103125 0.05234375
1 0.06015625 0.02109375 0.1109375 0.0421875
1 0.70546875 0.0203125 0.10546875 0.03984375
1 0.38046875 0.0140625 0.09921875 0.028125
1 0.22109375 0.71875 0.11796875 0.08671875