1 0.09140625 0.06328125 0.134375 0.096875
1 0.0859375 0.2078125 0.1046875 0.0921875
1 0.096875 0.3609375 0.11796875 0.09140625
1 0.08359375 0.50546875 0.11171875 0.0859375
1 0.07734375 0.65390625 0.11875 0.0890625
1 0.0890625 0.8015625 0.115625 0.0875
1 0.253125 0.14375 0.11015625 0.09296875
1 0.24765625 0.28984375 0.1 0.08125
1 0.24765625 0.4296875 0.11171875 0.103125
1 0.24765625 0.5828125 0.11015625 0.08125
1 0.23984375 0.7234375 0.1078125 0.084375
1 0.24453125 0.8734375 0.10078125 0.084375
1 0.40234375 0.05546875 0.1171875 0.1109375
1 0.39453125 0.21015625 0.09609375 0.08984375
1 0.3921875 0.35546875 0.0828125 0.08046875
1 0.3828125 0.49453125 0.0984375 0.0875
1 0.396875 0.64375 0.0921875 0.09140625
1 0.38671875 0.7921875 0.1078125 0.103125
1 0.54921875 0.87109375 0.09375 0.0859375
1 0.55078125 0.7234375 0.10234375 0.0859375
1 0.55078125 0.5890625 0.1078125 0.0859375
1 0.5609375 0.4265625 0.10703125 0.0921875
1 0.56328125 0.12890625 0.10234375 0.08984375
1 0.71640625 0.05859375 0.10546875 0.10078125
1 0.70546875 0.21015625 0.10234375 0.08125
1 0.71875 0.35859375 0.096875 0.0875
1 0.7140625 0.509375 0.11015625 0.08984375
1 0.71484375 0.65234375 0.10234375 0.0828125
1 0.6953125 0.79765625 0.109375 0.08984375
1 0.86953125 0.12734375 0.09140625 0.0890625
1 0.859375 0.2734375 0.1140625 0.09140625
1 0.86171875 0.4328125 0.10234375 0.10859375
1 0.86171875 0.5796875 0.09609375 0.11171875
1 0.85859375 0.7359375 0.11640625 0.08515625
1 0.86640625 0.86328125 0.103125 0.08984375