1 0.1203125 0.05078125 0.15390625 0.1015625
1 0.1140625 0.1890625 0.1515625 0.08984375
1 0.1140625 0.3359375 0.1359375 0.10859375
1 0.11796875 0.475 0.1453125 0.09921875
1 0.1203125 0.621875 0.13203125 0.1328125
1 0.10234375 0.771875 0.14375 0.10859375
1 0.0921875 0.921875 0.13671875 0.08828125
1 0.2703125 0.13125 0.11171875 0.10859375
1 0.2765625 0.2671875 0.12578125 0.09140625
1 0.27421875 0.40703125 0.1046875 0.1
1 0.275 0.5375 0.1296875 0.08828125
1 0.26328125 0.68515625 0.10546875 0.109375
1 0.26171875 0.8328125 0.10703125 0.1046875
1 0.2625 0.9640625 0.1078125 0.071875
1 0.41640625 0.040625 0.11015625 0.07578125
1 0.4171875 0.18359375 0.11015625 0.08828125
1 0.42265625 0.32421875 0.0984375 0.096875
1 0.421875 0.47734375 0.1 0.10078125
1 0.4203125 0.61796875 0.1203125 0.0875
1 0.4109375 0.7578125 0.10703125 0.1015625
1 0.41328125 0.91171875 0.103125 0.10703125
1 0.57578125 0.11640625 0.09453125 0.09375
1 0.58125 0.259375 0.1140625 0.1015625
1 0.57421875 0.4109375 0.11640625 0.0953125
1 0.56796875 0.5484375 0.115625 0.08828125
1 0.5671875 0.696875 0.1203125 0.09375
1 0.56875 0.84140625 0.12265625 0.09921875
1 0.55859375 0.9703125 0.1078125 0.059375
1 0.7234375 0.04296875 0.11796875 0.08515625
1 0.728125 0.19375 0.10703125 0.1
1 0.74140625 0.3328125 0.11875 0.10390625
1 0.72421875 0.4796875 0.11640625 0.0828125
1 0.72421875 0.62109375 0.13671875 0.1
1 0.72265625 0.77109375 0.11015625 0.1109375
1 0.7234375 0.91953125 0.1140625 0.1
1 0.8890625 0.10703125 0.10546875 0.09375
1 0.88203125 0.26796875 0.115625 0.10859375
1 0.890625 0.41640625 0.13203125 0.09296875
1 0.884375 0.5453125 0.1125 0.0921875
1 0.8796875 0.69140625 0.11171875 0.1015625
1 0.9 0.83828125 0.1203125 0.10546875