1 0.09140625 0.1171875 0.109375 0.11171875
1 0.09140625 0.29296875 0.0953125 0.08359375
1 0.0953125 0.44140625 0.1046875 0.08828125
1 0.090625 0.5921875 0.09921875 0.08828125
1 0.10546875 0.753125 0.10703125 0.09765625
1 0.0875 0.89921875 0.096875 0.08828125
1 0.2578125 0.9625 0.1375 0.075
1 0.24453125 0.82421875 0.1171875 0.10546875
1 0.2703125 0.6890625 0.13125 0.09140625
1 0.2515625 0.51640625 0.10859375 0.075
1 0.25234375 0.34609375 0.1171875 0.10390625
1 0.25546875 0.196875 0.1234375 0.07890625
1 0.25625 0.034375 0.115625 0.06875
1 0.41875 0.11796875 0.12734375 0.078125
1 0.425 0.26796875 0.11484375 0.07265625
1 0.41796875 0.42734375 0.13125 0.08515625
1 0.42265625 0.59765625 0.12734375 0.08359375
1 0.42734375 0.7609375 0.10859375 0.090625
1 0.42734375 0.91171875 0.12734375 0.103125
1 0.60078125 0.0453125 0.11484375 0.08828125
1 0.57890625 0.19921875 0.1125 0.07421875
1 0.57265625 0.35859375 0.11875 0.07578125
1 0.575 0.521875 0.10078125 0.08046875
1 0.58984375 0.68984375 0.11875 0.08828125
1 0.58515625 0.83515625 0.1125 0.08203125
1 0.58203125 0.97421875 0.09375 0.05078125
1 0.7453125 0.91328125 0.1109375 0.0875
1 0.74375 0.75625 0.09921875 0.07578125
1 0.75390625 0.6078125 0.10703125 0.09140625
1 0.7390625 0.42734375 0.09375 0.07734375
1 0.74453125 0.2734375 0.10078125 0.071875
1 0.75390625 0.11640625 0.09765625 0.07421875
1 0.89375 0.0390625 0.1046875 0.078125
1 0.89609375 0.1953125 0.1171875 0.07890625
1 0.8953125 0.36640625 0.103125 0.078125
1 0.909375 0.521875 0.12109375 0.08671875
1 0.89921875 0.67265625 0.109375 0.07109375
1 0.8875 0.82109375 0.09765625 0.07421875
1 0.90078125 0.9703125 0.1203125 0.059375