1 0.95625 0.0578125 0.0875 0.115625
1 0.96015625 0.21484375 0.0796875 0.103125
1 0.96484375 0.3828125 0.06953125 0.12421875
1 0.959375 0.540625 0.08046875 0.1125
1 0.9625 0.709375 0.075 0.1515625
1 0.96953125 0.8796875 0.0609375 0.125
1 0.82890625 0.14921875 0.12734375 0.12421875
1 0.82109375 0.3046875 0.14375 0.10390625
1 0.82421875 0.46484375 0.11953125 0.1140625
1 0.8234375 0.6125 0.14765625 0.10078125
1 0.83671875 0.78125 0.1203125 0.125
1 0.8390625 0.9453125 0.121875 0.109375
1 0.66171875 0.04609375 0.12578125 0.0859375
1 0.6609375 0.209375 0.12578125 0.10078125
1 0.6546875 0.3703125 0.1125 0.1109375
1 0.65546875 0.54453125 0.1140625 0.11484375
1 0.6578125 0.7046875 0.13671875 0.09921875
1 0.66796875 0.8640625 0.121875 0.11640625
1 0.48046875 0.1328125 0.10859375 0.10703125
1 0.47421875 0.29609375 0.13046875 0.11640625
1 0.48125 0.46875 0.1328125 0.10859375
1 0.4890625 0.62578125 0.13125 0.10078125
1 0.48984375 0.79453125 0.13671875 0.10703125
1 0.48828125 0.95078125 0.1390625 0.0984375
1 0.3125 0.0484375 0.134375 0.096875
1 0.30625 0.2203125 0.121875 0.1140625
1 0.29140625 0.3796875 0.1359375 0.11875
1 0.31015625 0.546875 0.1328125 0.09375
1 0.31015625 0.7078125 0.15625 0.1140625
1 0.3125 0.8796875 0.12578125 0.12578125
1 0.12265625 0.121875 0.1203125 0.10703125
1 0.13046875 0.30546875 0.13125 0.12421875
1 0.1203125 0.475 0.15078125 0.10625
1 0.12734375 0.621875 0.12890625 0.10546875
1 0.1328125 0.78828125 0.12734375 0.11640625
1 0.109375 0.94765625 0.13671875 0.10390625