1 0.05234375 0.0671875 0.0875 0.0671875
1 0.05078125 0.21953125 0.08515625 0.06953125
1 0.053125 0.3578125 0.0984375 0.08515625
1 0.05859375 0.49296875 0.09375 0.0734375
1 0.05078125 0.64921875 0.09375 0.0953125
1 0.0515625 0.7875 0.103125 0.075
1 0.0484375 0.9296875 0.0890625 0.09375
1 0.21875 0.13671875 0.0984375 0.0921875
1 0.221875 0.29453125 0.0921875 0.09375
1 0.22109375 0.43984375 0.09453125 0.08828125
1 0.2140625 0.5671875 0.09609375 0.07734375
1 0.225 0.709375 0.10703125 0.084375
1 0.20859375 0.8625 0.11015625 0.07578125
1 0.3734375 0.0640625 0.11171875 0.0796875
1 0.378125 0.21875 0.1171875 0.09375
1 0.375 0.36328125 0.11171875 0.0859375
1 0.35859375 0.5015625 0.10546875 0.075
1 0.36484375 0.63359375 0.10703125 0.071875
1 0.5171875 0.8671875 0.09140625 0.0921875
1 0.50859375 0.571875 0.096875 0.07890625
1 0.53203125 0.4296875 0.10546875 0.08359375
1 0.53828125 0.27734375 0.08984375 0.06953125
1 0.52578125 0.1453125 0.096875 0.0875
1 0.67578125 0.0765625 0.08359375 0.065625
1 0.67109375 0.21328125 0.10078125 0.0796875
1 0.678125 0.4984375 0.08515625 0.07734375
1 0.66328125 0.64765625 0.11484375 0.08984375
1 0.6546875 0.784375 0.11015625 0.08828125
1 0.6609375 0.92890625 0.11875 0.08515625
1 0.81015625 0.85625 0.1125 0.0875
1 0.81796875 0.71953125 0.11015625 0.084375
1 0.81640625 0.5734375 0.11015625 0.0875
1 0.82109375 0.1453125 0.09140625 0.07734375
1 0.95703125 0.203125 0.0859375 0.08125
1 0.95546875 0.34453125 0.0890625 0.096875
1 0.95859375 0.49453125 0.0828125 0.071875
1 0.95390625 0.63203125 0.0921875 0.0828125
1 0.959375 0.77734375 0.08125 0.0921875
1 0.96015625 0.9390625 0.07890625 0.1203125
1 0.96328125 0.059375 0.0734375 0.0828125