1 0.0515625 0.08046875 0.09609375 0.08984375
1 0.1875 0.15625 0.1046875 0.0890625
1 0.04375 0.23828125 0.0875 0.11171875
1 0.19375 0.31015625 0.103125 0.0765625
1 0.034375 0.38203125 0.06796875 0.06875
1 0.19140625 0.459375 0.11484375 0.0921875
1 0.03359375 0.52890625 0.06328125 0.09375
1 0.19140625 0.6109375 0.09140625 0.0765625
1 0.0421875 0.67578125 0.08125 0.0875
1 0.18359375 0.75625 0.09921875 0.07890625
1 0.04375 0.81796875 0.0875 0.08515625
1 0.04375 0.9578125 0.084375 0.084375
1 0.18671875 0.8921875 0.1140625 0.08046875
1 0.1890625 0.0234375 0.1125 0.046875
1 0.3421875 0.078125 0.0890625 0.07265625
1 0.34140625 0.234375 0.09375 0.07734375
1 0.34296875 0.37734375 0.11171875 0.0859375
1 0.346875 0.5296875 0.10078125 0.08359375
1 0.3359375 0.67109375 0.1015625 0.08515625
1 0.340625 0.821875 0.09375 0.08828125
1 0.34140625 0.965625 0.0921875 0.06875
1 0.50625 0.15625 0.11640625 0.0796875
1 0.49609375 0.3078125 0.0921875 0.07890625
1 0.49453125 0.45078125 0.0984375 0.0875
1 0.490625 0.59453125 0.08984375 0.0734375
1 0.4984375 0.74453125 0.08515625 0.0828125
1 0.490625 0.90234375 0.08046875 0.07734375
1 0.6609375 0.09921875 0.109375 0.096875
1 0.653125 0.23671875 0.0921875 0.07578125
1 0.6453125 0.3859375 0.10078125 0.08359375
1 0.653125 0.53359375 0.103125 0.0875
1 0.64453125 0.671875 0.11484375 0.0890625
1 0.63984375 0.8171875 0.11171875 0.0890625
1 0.653125 0.96015625 0.1125 0.0796875
1 0.81328125 0.02578125 0.0828125 0.0515625
1 0.8 0.1671875 0.09921875 0.08359375
1 0.8046875 0.3125 0.1015625 0.08125
1 0.80546875 0.45703125 0.128125 0.0921875
1 0.79453125 0.60078125 0.10703125 0.0859375
1 0.79765625 0.74609375 0.1015625 0.0828125
1 0.7953125 0.8984375 0.11953125 0.0875
1 0.95390625 0.090625 0.0921875 0.08125
1 0.9515625 0.24140625 0.096875 0.08515625
1 0.95703125 0.39375 0.0859375 0.0875
1 0.95390625 0.53984375 0.0921875 0.1109375
1 0.94921875 0.67734375 0.1015625 0.0765625
1 0.94921875 0.82734375 0.1015625 0.0890625
1 0.95390625 0.9703125 0.0921875 0.059375