1 0.9453125 0.1359375 0.109375 0.103125
1 0.940625 0.28359375 0.11875 0.1078125
1 0.93984375 0.43828125 0.1203125 0.10625
1 0.94453125 0.590625 0.1109375 0.0984375
1 0.946875 0.74921875 0.10625 0.08984375
1 0.9515625 0.9 0.096875 0.09609375
1 0.78046875 0.05859375 0.146875 0.1171875
1 0.79453125 0.20078125 0.1125 0.1078125
1 0.78515625 0.51015625 0.13203125 0.0984375
1 0.78984375 0.67578125 0.11875 0.0890625
1 0.79375 0.82890625 0.11484375 0.09296875
1 0.79375 0.96484375 0.11875 0.0703125
1 0.6140625 0.1359375 0.10234375 0.11875
1 0.62265625 0.28203125 0.11484375 0.09921875
1 0.6265625 0.440625 0.10234375 0.08984375
1 0.61328125 0.60625 0.12109375 0.10546875
1 0.6203125 0.90078125 0.10390625 0.09609375
1 0.4703125 0.05 0.10625 0.09921875
1 0.46875 0.19296875 0.1125 0.09609375
1 0.4703125 0.3609375 0.10078125 0.09609375
1 0.4734375 0.51484375 0.13046875 0.1046875
1 0.46328125 0.6796875 0.1203125 0.09609375
1 0.4734375 0.834375 0.10390625 0.09140625
1 0.46640625 0.96796875 0.1046875 0.0640625
1 0.29375 0.11953125 0.1265625 0.10390625
1 0.296875 0.0046875 0.128125 0.009375
1 0.296875 0.27890625 0.125 0.1015625
1 0.3109375 0.41796875 0.1359375 0.09765625
1 0.30078125 0.58359375 0.1328125 0.1046875
1 0.303125 0.74453125 0.11484375 0.11484375
1 0.30546875 0.90390625 0.10234375 0.09921875
1 0.14140625 0.05703125 0.1203125 0.0890625
1 0.1578125 0.203125 0.11484375 0.0953125
1 0.15703125 0.359375 0.12109375 0.09765625
1 0.14609375 0.51328125 0.128125 0.1015625
1 0.15703125 0.6625 0.13046875 0.1078125
1 0.15625 0.83046875 0.10390625 0.10625
1 0.15859375 0.9671875 0.11015625 0.06484375
1 0.0203125 0.91171875 0.040625 0.11484375
1 0.03671875 0.75234375 0.07265625 0.1125