1 0.38359375 0.10859375 0.1609375 0.09921875
1 0.55859375 0.03984375 0.13046875 0.0796875
1 0.234375 0.03671875 0.128125 0.0734375
1 0.05625 0.11015625 0.1125 0.1015625
1 0.9015625 0.0359375 0.1203125 0.07109375
1 0.89453125 0.18046875 0.09609375 0.08828125
1 0.89453125 0.32890625 0.1015625 0.1
1 0.72109375 0.26484375 0.12890625 0.09296875
1 0.56015625 0.17734375 0.12890625 0.096875
1 0.38671875 0.27109375 0.1359375 0.1015625
1 0.0640625 0.259375 0.12421875 0.08984375
1 0.21953125 0.35546875 0.13984375 0.10234375
1 0.3921875 0.4234375 0.10546875 0.090625
1 0.553125 0.35078125 0.128125 0.08671875
1 0.725 0.42421875 0.1375 0.09296875
1 0.8953125 0.49921875 0.103125 0.11328125
1 0.05625 0.90703125 0.1125 0.10234375
1 0.0546875 0.75859375 0.109375 0.09921875
1 0.0640625 0.59296875 0.128125 0.11015625
1 0.05625 0.43828125 0.1125 0.10625
1 0.2078125 0.5 0.0953125 0.09296875
1 0.2265625 0.6625 0.11640625 0.10234375
1 0.21171875 0.83046875 0.12421875 0.11015625
1 0.2140625 0.96953125 0.134375 0.0609375
1 0.375 0.90390625 0.12265625 0.09921875
1 0.371875 0.76875 0.1203125 0.096875
1 0.3734375 0.59296875 0.14375 0.10859375
1 0.553125 0.50859375 0.1203125 0.096875
1 0.5484375 0.66328125 0.14140625 0.1171875
1 0.55078125 0.825 0.13828125 0.09453125
1 0.5453125 0.96171875 0.128125 0.0765625
1 0.7265625 0.8984375 0.13828125 0.10859375
1 0.88828125 0.83203125 0.1265625 0.096875
1 0.890625 0.6609375 0.14375 0.11171875
1 0.7171875 0.74453125 0.1265625 0.09140625
1 0.7390625 0.57890625 0.12890625 0.10234375