1 0.27265625 0.95546875 0.1375 0.0890625
1 0.63515625 0.95625 0.1109375 0.0875
1 0.80234375 0.9890625 0.11015625 0.021875
1 0.94921875 0.95 0.09921875 0.07890625
1 0.79140625 0.86953125 0.0921875 0.078125
1 0.4640625 0.8609375 0.115625 0.08828125
1 0.12578125 0.85859375 0.12734375 0.0859375
1 0.10703125 0.69609375 0.1125 0.0953125
1 0.26953125 0.78828125 0.103125 0.09921875
1 0.44609375 0.7125 0.13203125 0.0921875
1 0.62890625 0.7875 0.11171875 0.0859375
1 0.7859375 0.70390625 0.0953125 0.08671875
1 0.95390625 0.775 0.0921875 0.078125
1 0.11796875 0.534375 0.11171875 0.07890625
1 0.2875 0.61640625 0.115625 0.09453125
1 0.4703125 0.54609375 0.1171875 0.09453125
1 0.6203125 0.6328125 0.12109375 0.08671875
1 0.79609375 0.54375 0.1375 0.0859375
1 0.94453125 0.6125 0.1109375 0.09375
1 0.95234375 0.45234375 0.0953125 0.08203125
1 0.62734375 0.44921875 0.1125 0.08828125
1 0.2734375 0.4578125 0.10703125 0.078125
1 0.10546875 0.365625 0.12734375 0.10546875
1 0.11171875 0.20390625 0.11796875 0.09375
1 0.27265625 0.2828125 0.11796875 0.09140625
1 0.45078125 0.38359375 0.134375 0.09453125
1 0.61875 0.29609375 0.1234375 0.09375
1 0.79921875 0.378125 0.12109375 0.08671875
1 0.940625 0.2859375 0.11796875 0.1078125
1 0.7921875 0.20546875 0.11953125 0.09453125
1 0.45078125 0.2109375 0.13046875 0.09921875
1 0.25625 0.1171875 0.10859375 0.08828125
1 0.10546875 0.040625 0.12109375 0.08125
1 0.44140625 0.0453125 0.12265625 0.08984375
1 0.6203125 0.1359375 0.115625 0.08828125
1 0.79296875 0.0421875 0.12109375 0.084375
1 0.62265625 0.0109375 0.1265625 0.021875
1 0.95390625 0.10625 0.0921875 0.09375