1 0.14140625 0.0609375 0.11875 0.1015625
1 0.140625 0.2046875 0.109375 0.0890625
1 0.1328125 0.35546875 0.11796875 0.08125
1 0.134375 0.48203125 0.1078125 0.0796875
1 0.12890625 0.63515625 0.10703125 0.075
1 0.1328125 0.78359375 0.10546875 0.065625
1 0.29140625 0.70703125 0.10703125 0.084375
1 0.28125 0.559375 0.078125 0.06953125
1 0.2828125 0.421875 0.11171875 0.084375
1 0.28359375 0.26953125 0.08671875 0.0765625
1 0.29296875 0.13046875 0.09375 0.0765625
1 0.46484375 0.06484375 0.08984375 0.08515625
1 0.46640625 0.21328125 0.1125 0.084375
1 0.45234375 0.34765625 0.10078125 0.075
1 0.43671875 0.48671875 0.1 0.065625
1 0.44140625 0.6328125 0.09375 0.0734375
1 0.44140625 0.79140625 0.0984375 0.06875
1 0.59609375 0.84609375 0.103125 0.084375
1 0.58828125 0.6953125 0.0875 0.06953125
1 0.596875 0.41640625 0.08671875 0.06953125
1 0.60390625 0.26953125 0.09453125 0.06953125
1 0.6 0.1234375 0.09140625 0.07578125
1 0.7515625 0.05546875 0.08671875 0.06875
1 0.753125 0.2015625 0.09375 0.07109375
1 0.74375 0.34140625 0.0984375 0.071875
1 0.734375 0.478125 0.103125 0.071875
1 0.734375 0.63203125 0.09453125 0.07265625
1 0.7484375 0.76875 0.1078125 0.08359375
1 0.88828125 0.83984375 0.084375 0.07578125
1 0.8953125 0.7 0.09140625 0.07578125
1 0.89296875 0.55390625 0.08984375 0.08046875
1 0.89921875 0.40546875 0.08984375 0.06484375
1 0.890625 0.265625 0.09375 0.0796875
1 0.8875 0.1109375 0.0828125 0.07109375