1 0.85 0.91328125 0.1453125 0.1078125
1 0.675 0.96875 0.11171875 0.0625
1 0.3515625 0.9765625 0.11796875 0.046875
1 0.18515625 0.93046875 0.10625 0.0875
1 0.04140625 0.97578125 0.0828125 0.0484375
1 0.03671875 0.83828125 0.0734375 0.1015625
1 0.35234375 0.84765625 0.1125 0.0953125
1 0.53125 0.9078125 0.090625 0.075
1 0.67890625 0.8265625 0.10390625 0.078125
1 0.84296875 0.76171875 0.11015625 0.08671875
1 0.8453125 0.5921875 0.128125 0.09453125
1 0.6875 0.6703125 0.10859375 0.0796875
1 0.52578125 0.75859375 0.1234375 0.08671875
1 0.34921875 0.690625 0.11953125 0.0859375
1 0.1890625 0.7671875 0.11015625 0.0859375
1 0.0421875 0.66875 0.084375 0.09921875
1 0.1921875 0.5890625 0.1203125 0.0859375
1 0.5203125 0.590625 0.1140625 0.09453125
1 0.34921875 0.51171875 0.10078125 0.0859375
1 0.18515625 0.4546875 0.12421875 0.09453125
1 0.0484375 0.52421875 0.096875 0.0953125
1 0.528125 0.4390625 0.13984375 0.09453125
1 0.85078125 0.43125 0.1375 0.0921875
1 0.6859375 0.35234375 0.11796875 0.09453125
1 0.3578125 0.35703125 0.128125 0.09765625
1 0.04296875 0.35859375 0.08515625 0.09296875
1 0.19765625 0.27734375 0.12421875 0.10390625
1 0.04453125 0.1890625 0.0890625 0.1078125
1 0.35546875 0.20703125 0.096875 0.0765625
1 0.528125 0.28984375 0.0984375 0.0859375
1 0.696875 0.20546875 0.1234375 0.09609375
1 0.8515625 0.27578125 0.115625 0.10234375
1 0.86171875 0.12578125 0.128125 0.09921875
1 0.696875 0.04765625 0.11953125 0.0953125
1 0.5296875 0.11796875 0.11953125 0.10546875
1 0.35859375 0.05234375 0.13359375 0.1046875
1 0.19453125 0.11640625 0.12578125 0.10078125
1 0.05078125 0.0453125 0.10078125 0.090625