1 0.05390625 0.9640625 0.1078125 0.071875
1 0.0515625 0.82265625 0.103125 0.109375
1 0.0421875 0.6734375 0.084375 0.109375
1 0.040625 0.51328125 0.08125 0.09921875
1 0.034375 0.3671875 0.06796875 0.109375
1 0.02890625 0.20390625 0.0578125 0.12734375
1 0.02578125 0.04921875 0.0515625 0.09765625
1 0.19296875 0.89609375 0.09296875 0.1
1 0.19375 0.73984375 0.1109375 0.08046875
1 0.19140625 0.5890625 0.10703125 0.109375
1 0.18359375 0.42734375 0.1109375 0.10703125
1 0.1921875 0.275 0.115625 0.10234375
1 0.20390625 0.11953125 0.12265625 0.09765625
1 0.1625 0.0140625 0.134375 0.028125
1 0.34140625 0.96640625 0.1234375 0.06640625
1 0.3484375 0.815625 0.1328125 0.11875
1 0.34453125 0.6578125 0.12734375 0.096875
1 0.34375 0.36171875 0.096875 0.10703125
1 0.34921875 0.20390625 0.10703125 0.09296875
1 0.346875 0.0546875 0.10625 0.109375
1 0.51484375 0.9 0.12890625 0.10625
1 0.515625 0.74453125 0.11875 0.10390625
1 0.5265625 0.59609375 0.1328125 0.09375
1 0.53125 0.446875 0.11953125 0.10625
1 0.52265625 0.29921875 0.12265625 0.09296875
1 0.53671875 0.13359375 0.13515625 0.10859375
1 0.684375 0.0484375 0.12109375 0.096875
1 0.6921875 0.21484375 0.10546875 0.12578125
1 0.68515625 0.37421875 0.11875 0.11953125
1 0.68203125 0.51953125 0.109375 0.090625
1 0.67578125 0.66640625 0.1046875 0.09140625
1 0.68359375 0.82265625 0.12734375 0.11484375
1 0.6765625 0.95859375 0.14140625 0.08203125
1 0.8546875 0.90703125 0.1171875 0.11875
1 0.846875 0.7359375 0.1109375 0.11171875
1 0.84296875 0.58359375 0.1390625 0.10234375
1 0.85 0.43203125 0.14296875 0.13671875
1 0.8375 0.26640625 0.11875 0.109375
1 0.83984375 0.1109375 0.11328125 0.121875