1 0.95 0.13125 0.1 0.103125
1 0.9546875 0.3015625 0.090625 0.096875
1 0.95703125 0.48203125 0.08515625 0.096875
1 0.95703125 0.6453125 0.08515625 0.11171875
1 0.95625 0.82734375 0.0875 0.1140625
1 0.9640625 0.97578125 0.071875 0.0484375
1 0.7859375 0.04609375 0.12421875 0.0921875
1 0.7859375 0.20625 0.1203125 0.09453125
1 0.79375 0.39296875 0.115625 0.08828125
1 0.78515625 0.56171875 0.12421875 0.10625
1 0.79921875 0.75 0.11328125 0.08203125
1 0.79921875 0.90078125 0.10859375 0.09453125
1 0.62578125 0.125 0.12578125 0.09375
1 0.6265625 0.28828125 0.11484375 0.0890625
1 0.63515625 0.4703125 0.134375 0.10703125
1 0.628125 0.64921875 0.1296875 0.09375
1 0.63515625 0.81328125 0.1078125 0.0859375
1 0.6328125 0.9703125 0.1203125 0.05859375
1 0.44453125 0.04921875 0.1296875 0.0984375
1 0.43828125 0.20703125 0.13125 0.11484375
1 0.453125 0.36953125 0.121875 0.1046875
1 0.46171875 0.55390625 0.121875 0.10234375
1 0.4484375 0.7296875 0.13125 0.10234375
1 0.4484375 0.9078125 0.1171875 0.0890625
1 0.2609375 0.1421875 0.10625 0.09453125
1 0.2625 0.3015625 0.115625 0.0859375
1 0.2703125 0.4625 0.11875 0.08046875
1 0.25703125 0.6453125 0.12734375 0.10625
1 0.2703125 0.815625 0.134375 0.09375
1 0.278125 0.9671875 0.128125 0.065625
1 0.0765625 0.05 0.06875 0.06640625
1 0.08125 0.23125 0.115625 0.09453125
1 0.08359375 0.38515625 0.1296875 0.08359375
1 0.09296875 0.56015625 0.115625 0.0765625
1 0.0875 0.72890625 0.12265625 0.0890625
1 0.0875 0.8921875 0.121875 0.10859375