1 0.78828125 0.0953125 0.13203125 0.10546875
1 0.79375 0.2625 0.11171875 0.1
1 0.7984375 0.41796875 0.115625 0.0953125
1 0.7953125 0.5953125 0.0984375 0.09140625
1 0.80859375 0.765625 0.10390625 0.10234375
1 0.80859375 0.9234375 0.08046875 0.0734375
1 0.6390625 0.84140625 0.12109375 0.0859375
1 0.65546875 0.9796875 0.13046875 0.040625
1 0.640625 0.68515625 0.13046875 0.09140625
1 0.64609375 0.51015625 0.1171875 0.0921875
1 0.63046875 0.3453125 0.11171875 0.09375
1 0.62890625 0.18125 0.096875 0.08671875
1 0.61328125 0.04140625 0.1046875 0.0828125
1 0.45859375 0.26953125 0.11875 0.08828125
1 0.4625 0.4265625 0.128125 0.08203125
1 0.4609375 0.60234375 0.0953125 0.08984375
1 0.44765625 0.77421875 0.109375 0.0859375
1 0.4609375 0.9328125 0.10390625 0.103125
1 0.27421875 0.0328125 0.125 0.065625
1 0.30625 0.17265625 0.0953125 0.0703125
1 0.2890625 0.34453125 0.109375 0.08359375
1 0.29375 0.51875 0.11171875 0.0921875
1 0.28984375 0.67890625 0.12421875 0.08984375
1 0.3 0.8359375 0.09921875 0.0859375
1 0.30390625 0.975 0.10625 0.04921875
1 0.10390625 0.10078125 0.1296875 0.1046875
1 0.11796875 0.26171875 0.12421875 0.08984375
1 0.11953125 0.421875 0.11953125 0.078125
1 0.1171875 0.58984375 0.10625 0.09140625
1 0.1140625 0.746875 0.14296875 0.09375
1 0.10546875 0.9375 0.12421875 0.09375
1 0.96015625 0.6953125 0.06953125 0.08125
1 0.978125 0.5171875 0.04375 0.0890625
1 0.97109375 0.16875 0.05703125 0.10234375
1 0.975 0.025 0.05 0.05
1 0.97265625 0.978125 0.0546875 0.04375
1 0.965625 0.34921875 0.0625 0.09765625