1 0.3546875 0.1171875 0.14609375 0.08984375
1 0.5140625 0.0453125 0.11875 0.090625
1 0.21875 0.04296875 0.11640625 0.08515625
1 0.05703125 0.11953125 0.103125 0.0921875
1 0.825 0.04140625 0.109375 0.0828125
1 0.9578125 0.11484375 0.08359375 0.07890625
1 0.81875 0.18203125 0.0875 0.08046875
1 0.95390625 0.25 0.0921875 0.084375
1 0.959375 0.390625 0.08125 0.09140625
1 0.81875 0.31796875 0.0921875 0.09140625
1 0.6609375 0.259375 0.1171875 0.084375
1 0.51484375 0.1796875 0.1171875 0.08828125
1 0.35703125 0.265625 0.1234375 0.0921875
1 0.0640625 0.2546875 0.1125 0.08125
1 0.20546875 0.3421875 0.12734375 0.09296875
1 0.3625 0.403125 0.09609375 0.0828125
1 0.50859375 0.3375 0.11640625 0.07890625
1 0.66484375 0.4046875 0.125 0.084375
1 0.81953125 0.47265625 0.09375 0.103125
1 0.95625 0.5453125 0.0875 0.09375
1 0.95390625 0.68984375 0.0921875 0.0859375
1 0.959375 0.83984375 0.08125 0.08046875
1 0.96484375 0.978125 0.06953125 0.04375
1 0.65625 0.9734375 0.1078125 0.053125
1 0.3484375 0.97578125 0.125 0.0484375
1 0.06015625 0.96953125 0.11953125 0.0609375
1 0.05390625 0.84453125 0.1078125 0.09296875
1 0.053125 0.709375 0.10546875 0.08984375
1 0.0609375 0.5578125 0.121875 0.1
1 0.05390625 0.4171875 0.1078125 0.096875
1 0.19453125 0.4734375 0.08671875 0.084375
1 0.21171875 0.62109375 0.10546875 0.09296875
1 0.1984375 0.77421875 0.1125 0.1
1 0.20078125 0.91484375 0.12265625 0.0828125
1 0.346875 0.840625 0.11171875 0.08984375
1 0.34375 0.71796875 0.109375 0.08828125
1 0.3453125 0.5578125 0.13046875 0.09921875
1 0.509375 0.48125 0.109375 0.08828125
1 0.5046875 0.621875 0.128125 0.10703125
1 0.50625 0.76875 0.12578125 0.0859375
1 0.503125 0.90859375 0.1171875 0.09765625
1 0.66640625 0.8359375 0.12578125 0.09921875
1 0.81328125 0.77578125 0.11484375 0.08828125
1 0.815625 0.61953125 0.13046875 0.1015625
1 0.6578125 0.69609375 0.11484375 0.08359375
1 0.678125 0.5453125 0.1171875 0.09296875