1 0.1921875 0.025 0.13359375 0.04921875
1 0.91328125 0.021875 0.11953125 0.04375
1 0.7265625 0.08515625 0.1296875 0.09296875
1 0.9203125 0.16953125 0.11953125 0.090625
1 0.35703125 0.090625 0.125 0.09765625
1 0.19453125 0.18046875 0.13125 0.09921875
1 0.3640625 0.24765625 0.13359375 0.1015625
1 0.553125 0.17421875 0.11953125 0.0890625
1 0.73203125 0.25078125 0.109375 0.09296875
1 0.91484375 0.32109375 0.13828125 0.10859375
1 0.909375 0.50859375 0.11953125 0.1015625
1 0.55234375 0.334375 0.13515625 0.09296875
1 0.3703125 0.4203125 0.13515625 0.0875
1 0.1890625 0.34296875 0.13828125 0.10859375
1 0.16484375 0.51796875 0.14140625 0.11328125
1 0.3609375 0.59765625 0.1171875 0.1046875
1 0.53515625 0.5140625 0.125 0.10859375
1 0.72578125 0.59765625 0.1125 0.096875
1 0.9125 0.6828125 0.12109375 0.08203125
1 0.5359375 0.7046875 0.10859375 0.09296875
1 0.71328125 0.76015625 0.12109375 0.0890625
1 0.90703125 0.86171875 0.14140625 0.10703125
1 0.71953125 0.9453125 0.10703125 0.09921875
1 0.3625 0.7609375 0.13671875 0.09453125
1 0.165625 0.68984375 0.11953125 0.09453125
1 0.1765625 0.86484375 0.1578125 0.08671875
1 0.3484375 0.95078125 0.125 0.0796875
1 0.5515625 0.8703125 0.13828125 0.09296875