1 0.88828125 0.93515625 0.13984375 0.12890625
1 0.88359375 0.78203125 0.1359375 0.11328125
1 0.89296875 0.62109375 0.12734375 0.11796875
1 0.8875 0.4546875 0.12421875 0.1125
1 0.88359375 0.2984375 0.1359375 0.103125
1 0.89140625 0.15625 0.128125 0.10390625
1 0.890625 0.01875 0.121875 0.03671875
1 0.7109375 0.9859375 0.09921875 0.02734375
1 0.72109375 0.85546875 0.1125 0.1109375
1 0.71953125 0.6984375 0.12734375 0.10703125
1 0.71640625 0.54609375 0.121875 0.09140625
1 0.72109375 0.3875 0.1203125 0.12890625
1 0.72265625 0.228125 0.11796875 0.09453125
1 0.728125 0.06796875 0.11875 0.115625
1 0.5421875 0.92890625 0.1296875 0.1125
1 0.55625 0.78203125 0.1140625 0.08125
1 0.5546875 0.62265625 0.12734375 0.09921875
1 0.55390625 0.46484375 0.1203125 0.11328125
1 0.5484375 0.29140625 0.103125 0.0984375
1 0.54609375 0.146875 0.121875 0.103125
1 0.53671875 0.01796875 0.1203125 0.0359375
1 0.37734375 0.9890625 0.09453125 0.021875
1 0.38984375 0.84609375 0.11875 0.0890625
1 0.39296875 0.70546875 0.1125 0.0890625
1 0.37734375 0.53046875 0.12734375 0.09765625
1 0.378125 0.22421875 0.1390625 0.1078125
1 0.39296875 0.06015625 0.121875 0.0984375
1 0.2171875 0.94609375 0.12578125 0.09921875
1 0.21171875 0.76953125 0.13125 0.09609375
1 0.2203125 0.6125 0.11015625 0.09296875
1 0.225 0.471875 0.12578125 0.09140625
1 0.22890625 0.3109375 0.11015625 0.12265625
1 0.21796875 0.15 0.11875 0.0953125
1 0.215625 0.01875 0.103125 0.03671875
1 0.0671875 0.98203125 0.10625 0.0359375
1 0.053125 0.85546875 0.09140625 0.10390625
1 0.05390625 0.7015625 0.10703125 0.09296875
1 0.059375 0.53828125 0.11875 0.09921875
1 0.05859375 0.36796875 0.11640625 0.1125
1 0.05546875 0.2171875 0.1109375 0.09296875
1 0.05703125 0.06640625 0.1140625 0.09296875