1 0.0921875 0.05 0.096875 0.0875
1 0.09921875 0.2 0.10234375 0.08359375
1 0.10234375 0.3453125 0.09609375 0.0828125
1 0.0890625 0.48125 0.10078125 0.07734375
1 0.09296875 0.62578125 0.10703125 0.08515625
1 0.09453125 0.76953125 0.1046875 0.09296875
1 0.0953125 0.9171875 0.0984375 0.0859375
1 0.25546875 0.1234375 0.09453125 0.0796875
1 0.25234375 0.265625 0.1046875 0.084375
1 0.25546875 0.41015625 0.10234375 0.08984375
1 0.25703125 0.5453125 0.10546875 0.0859375
1 0.2484375 0.68828125 0.10078125 0.09375
1 0.24921875 0.83671875 0.1140625 0.0859375
1 0.415625 0.0421875 0.1 0.075
1 0.41328125 0.19140625 0.11796875 0.09921875
1 0.4 0.340625 0.10078125 0.0890625
1 0.4 0.47265625 0.1078125 0.08515625
1 0.390625 0.625 0.1046875 0.07578125
1 0.3875 0.76015625 0.10234375 0.07890625
1 0.3953125 0.9125 0.12265625 0.0890625
1 0.56875 0.1203125 0.1046875 0.1015625
1 0.56640625 0.2671875 0.1078125 0.08125
1 0.5578125 0.4046875 0.10703125 0.08828125
1 0.55859375 0.54921875 0.1078125 0.0828125
1 0.5625 0.68984375 0.103125 0.0796875
1 0.5625 0.8484375 0.1125 0.07734375
1 0.56328125 0.9734375 0.09140625 0.05234375
1 0.71015625 0.040625 0.1078125 0.08046875
1 0.71484375 0.18515625 0.096875 0.10078125
1 0.7125 0.32265625 0.10078125 0.08359375
1 0.709375 0.47265625 0.103125 0.0921875
1 0.7109375 0.61171875 0.0984375 0.0765625
1 0.71640625 0.76953125 0.10078125 0.08984375
1 0.7125 0.9140625 0.09609375 0.075
1 0.87578125 0.12109375 0.115625 0.0859375
1 0.86640625 0.278125 0.096875 0.08828125
1 0.8703125 0.4125 0.0921875 0.084375
1 0.86875 0.56171875 0.1046875 0.1015625
1 0.87421875 0.70390625 0.1078125 0.07578125
1 0.8703125 0.846875 0.103125 0.0875