1 0.9328125 0.1296875 0.134375 0.109375
1 0.7703125 0.05625 0.18125 0.11171875
1 0.43046875 0.053125 0.1609375 0.10546875
1 0.084375 0.053125 0.15546875 0.10546875
1 0.24140625 0.1375 0.15546875 0.10859375
1 0.42265625 0.21640625 0.15234375 0.11328125
1 0.57109375 0.1453125 0.15703125 0.096875
1 0.76796875 0.20234375 0.15546875 0.10234375
1 0.92265625 0.3046875 0.14609375 0.121875
1 0.7796875 0.38828125 0.15234375 0.10625
1 0.59375 0.31015625 0.1296875 0.10859375
1 0.43125 0.3953125 0.15234375 0.11328125
1 0.24921875 0.2984375 0.16484375 0.1109375
1 0.075 0.2125 0.14296875 0.11640625
1 0.0796875 0.384375 0.14140625 0.1140625
1 0.07734375 0.54921875 0.11953125 0.09375
1 0.2421875 0.4625 0.1265625 0.115625
1 0.234375 0.62734375 0.13203125 0.11953125
1 0.07421875 0.71015625 0.13515625 0.1234375
1 0.06484375 0.86796875 0.1296875 0.0953125
1 0.07421875 0.96796875 0.1484375 0.0640625
1 0.23984375 0.80390625 0.14296875 0.1046875
1 0.42265625 0.55234375 0.1625 0.11875
1 0.59296875 0.48359375 0.14296875 0.1296875
1 0.9390625 0.47265625 0.12109375 0.10546875
1 0.77421875 0.55234375 0.13203125 0.11875
1 0.5984375 0.63828125 0.14609375 0.11640625
1 0.446875 0.71015625 0.15703125 0.115625
1 0.428125 0.871875 0.14140625 0.11953125
1 0.77421875 0.72109375 0.1625 0.1140625
1 0.9359375 0.634375 0.128125 0.10859375
1 0.92734375 0.7953125 0.1453125 0.121875
1 0.78515625 0.8859375 0.17265625 0.1234375
1 0.603125 0.95546875 0.14609375 0.0890625
1 0.78203125 0.96875 0.1515625 0.0625
1 0.9375 0.95390625 0.125 0.0921875