1 0.4078125 0.04609375 0.12265625 0.0921875
1 0.25 0.12265625 0.10859375 0.10234375
1 0.06640625 0.0546875 0.1328125 0.1046875
1 0.0703125 0.22265625 0.12734375 0.1171875
1 0.25703125 0.30390625 0.11484375 0.11484375
1 0.4375 0.22421875 0.14140625 0.10234375
1 0.77734375 0.05078125 0.115625 0.1015625
1 0.6125 0.13046875 0.121875 0.10234375
1 0.94453125 0.13125 0.11015625 0.10234375
1 0.76953125 0.21875 0.14140625 0.0984375
1 0.94375 0.29296875 0.1125 0.1234375
1 0.7671875 0.40234375 0.121875 0.12109375
1 0.596875 0.30703125 0.1328125 0.1171875
1 0.41484375 0.39140625 0.10078125 0.08046875
1 0.0625 0.4015625 0.121875 0.0890625
1 0.25 0.47421875 0.11328125 0.1046875
1 0.065625 0.55625 0.1046875 0.09375
1 0.25546875 0.6515625 0.13515625 0.1328125
1 0.0546875 0.7390625 0.10859375 0.09453125
1 0.26015625 0.8140625 0.14140625 0.11640625
1 0.071875 0.9078125 0.14375 0.1109375
1 0.26796875 0.95546875 0.17890625 0.0890625
1 0.44296875 0.7265625 0.134375 0.13671875
1 0.45 0.91171875 0.10859375 0.11484375
1 0.61328125 0.965625 0.134375 0.06875
1 0.6171875 0.815625 0.10859375 0.14140625
1 0.62890625 0.63125 0.08671875 0.096875
1 0.778125 0.7296875 0.11875 0.10859375
1 0.96484375 0.81484375 0.06953125 0.071875
1 0.95234375 0.47421875 0.0953125 0.121875
1 0.95546875 0.65546875 0.0890625 0.0859375
1 0.78125 0.5578125 0.09765625 0.08203125
1 0.61484375 0.48203125 0.1078125 0.125