1 0.14921875 0.97265625 0.115625 0.05390625
1 0.1515625 0.825 0.1046875 0.08671875
1 0.14609375 0.66328125 0.10859375 0.0890625
1 0.15078125 0.51875 0.10859375 0.0921875
1 0.14921875 0.36953125 0.1125 0.09453125
1 0.14375 0.19296875 0.11171875 0.09453125
1 0.3171875 0.9 0.1 0.10078125
1 0.30625 0.74765625 0.10859375 0.09296875
1 0.303125 0.59609375 0.115625 0.0828125
1 0.30703125 0.43828125 0.11953125 0.1125
1 0.2984375 0.2625 0.1 0.06640625
1 0.30625 0.1140625 0.09609375 0.084375
1 0.49765625 0.96796875 0.1171875 0.0640625
1 0.4953125 0.81953125 0.12890625 0.09453125
1 0.47890625 0.6546875 0.1 0.078125
1 0.47890625 0.50234375 0.11796875 0.09140625
1 0.4859375 0.359375 0.10859375 0.09453125
1 0.48046875 0.19609375 0.096875 0.084375
1 0.65703125 0.91015625 0.1046875 0.08359375
1 0.6546875 0.75390625 0.1046875 0.078125
1 0.6421875 0.596875 0.09453125 0.07421875
1 0.65390625 0.4375 0.09453125 0.078125
1 0.64296875 0.271875 0.10390625 0.09921875
1 0.82421875 0.97109375 0.1078125 0.0578125
1 0.81328125 0.834375 0.11171875 0.0921875
1 0.81953125 0.6734375 0.0890625 0.09140625
1 0.81796875 0.5125 0.115625 0.10078125
1 0.815625 0.3546875 0.12109375 0.10390625
1 0.81484375 0.2 0.115625 0.09765625
1 0.965625 0.9140625 0.06796875 0.0890625
1 0.96015625 0.75234375 0.0796875 0.0890625
1 0.96015625 0.5890625 0.0796875 0.09375
1 0.9625 0.434375 0.075 0.1015625
1 0.9578125 0.28125 0.084375 0.08828125
1 0.96015625 0.11328125 0.0796875 0.0953125