1 0.1 0.93125 0.1234375 0.08984375
1 0.2796875 0.86328125 0.13125 0.09296875
1 0.45 0.940625 0.10546875 0.07109375
1 0.4390625 0.7734375 0.134375 0.11875
1 0.6421875 0.8578125 0.12578125 0.10546875
1 0.790625 0.92734375 0.096875 0.075
1 0.95 0.87421875 0.1 0.090625
1 0.80390625 0.77109375 0.1203125 0.1125
1 0.62265625 0.67890625 0.13125 0.09921875
1 0.4421875 0.60703125 0.109375 0.08828125
1 0.95703125 0.69296875 0.0859375 0.0921875
1 0.79296875 0.6015625 0.134375 0.1015625
1 0.62109375 0.528125 0.125 0.08515625
1 0.2796875 0.525 0.11796875 0.0921875
1 0.10234375 0.44921875 0.109375 0.1140625
1 0.275 0.371875 0.09296875 0.08203125
1 0.4390625 0.440625 0.12578125 0.10625
1 0.61953125 0.36171875 0.096875 0.09375
1 0.8078125 0.45390625 0.12734375 0.10390625
1 0.9609375 0.53671875 0.078125 0.09375
1 0.94921875 0.3796875 0.1015625 0.10859375
1 0.80859375 0.2890625 0.10546875 0.0984375
1 0.95625 0.2015625 0.0875 0.11875
1 0.0890625 0.2765625 0.134375 0.090625
1 0.26328125 0.2078125 0.1203125 0.10078125
1 0.43828125 0.278125 0.134375 0.109375
1 0.62265625 0.19921875 0.134375 0.1125
1 0.7875 0.11796875 0.1125 0.08828125
1 0.9484375 0.0484375 0.103125 0.09609375
1 0.44453125 0.1125 0.09453125 0.07265625
1 0.09140625 0.1125 0.12578125 0.08515625
1 0.27265625 0.0421875 0.11796875 0.084375
1 0.61328125 0.0390625 0.0984375 0.071875