1 0.92578125 0.97890625 0.1484375 0.0421875
1 0.58203125 0.9796875 0.1296875 0.040625
1 0.75390625 0.9265625 0.1203125 0.0984375
1 0.94453125 0.8390625 0.11015625 0.0890625
1 0.940625 0.66640625 0.11875 0.09609375
1 0.7640625 0.76328125 0.103125 0.08671875
1 0.5953125 0.84765625 0.0890625 0.08203125
1 0.3859375 0.9296875 0.12578125 0.10390625
1 0.2125 0.98203125 0.134375 0.0359375
1 0.04921875 0.925 0.09765625 0.09140625
1 0.21171875 0.840625 0.11171875 0.090625
1 0.4078125 0.75546875 0.1296875 0.0984375
1 0.58828125 0.67265625 0.11328125 0.08671875
1 0.76484375 0.5828125 0.09609375 0.08125
1 0.5890625 0.50390625 0.09765625 0.078125
1 0.40546875 0.584375 0.11484375 0.090625
1 0.23984375 0.509375 0.09375 0.07421875
1 0.05859375 0.75390625 0.1171875 0.10859375
1 0.05234375 0.58671875 0.1046875 0.08671875
1 0.059375 0.428125 0.11875 0.09375
1 0.225 0.334375 0.15625 0.09375
1 0.77578125 0.41796875 0.16171875 0.1296875
1 0.940625 0.3328125 0.11875 0.10390625
1 0.7625 0.25703125 0.13515625 0.1015625
1 0.59375 0.334375 0.12578125 0.1015625
1 0.40703125 0.25390625 0.13125 0.11484375
1 0.24453125 0.16328125 0.121875 0.1015625
1 0.0625 0.246875 0.12421875 0.1375
1 0.05546875 0.084375 0.11015625 0.10859375
1 0.23359375 0.02734375 0.13984375 0.05390625
1 0.4078125 0.090625 0.121875 0.10234375
1 0.59921875 0.16640625 0.11875 0.10234375
1 0.934375 0.1578125 0.13125 0.1125
1 0.77421875 0.0984375 0.121875 0.09921875
1 0.60234375 0.0390625 0.14765625 0.078125
1 0.9453125 0.02578125 0.10859375 0.0515625