1 0.05234375 0.1140625 0.1046875 0.109375
1 0.0578125 0.26953125 0.11484375 0.11328125
1 0.0578125 0.4328125 0.115625 0.1125
1 0.053125 0.5921875 0.10625 0.103125
1 0.05078125 0.76015625 0.1015625 0.0953125
1 0.04609375 0.91953125 0.0921875 0.1015625
1 0.22109375 0.046875 0.15546875 0.09375
1 0.20625 0.18203125 0.11875 0.11328125
1 0.21640625 0.50859375 0.1390625 0.10390625
1 0.21171875 0.68359375 0.12578125 0.09375
1 0.20703125 0.84453125 0.121875 0.0984375
1 0.2078125 0.97578125 0.12421875 0.04765625
1 0.396875 0.11328125 0.1078125 0.12578125
1 0.3875 0.26796875 0.121875 0.1046875
1 0.38359375 0.43515625 0.1078125 0.0953125
1 0.39765625 0.61015625 0.128125 0.11171875
1 0.390625 0.9203125 0.109375 0.1015625
1 0.54921875 0.0375 0.1125 0.075
1 0.55078125 0.17421875 0.11875 0.1015625
1 0.54921875 0.35078125 0.10703125 0.1015625
1 0.54609375 0.51328125 0.1375 0.11015625
1 0.55703125 0.6875 0.12734375 0.1015625
1 0.5453125 0.85078125 0.109375 0.09609375
1 0.55234375 0.97890625 0.1109375 0.0421875
1 0.7359375 0.096875 0.13359375 0.109375
1 0.7328125 0.26484375 0.1328125 0.10703125
1 0.7171875 0.41171875 0.14296875 0.10234375
1 0.72734375 0.5859375 0.140625 0.11015625
1 0.72578125 0.75625 0.121875 0.12109375
1 0.72265625 0.92421875 0.1078125 0.1046875
1 0.89609375 0.0390625 0.12734375 0.07734375
1 0.87890625 0.18515625 0.121875 0.10078125
1 0.88046875 0.34921875 0.128125 0.10234375
1 0.8921875 0.51171875 0.13515625 0.10703125
1 0.88046875 0.66953125 0.1375 0.11328125
1 0.88125 0.84609375 0.109375 0.1125
1 0.878125 0.978125 0.11640625 0.04375
1 0.984375 0.76328125 0.03125 0.11875