1 0.09140625 0.16171875 0.1375 0.1125
1 0.0921875 0.3140625 0.1390625 0.09765625
1 0.08984375 0.4453125 0.1390625 0.0953125
1 0.08671875 0.6015625 0.1140625 0.0953125
1 0.0828125 0.7484375 0.1171875 0.1
1 0.2484375 0.08828125 0.128125 0.09921875
1 0.2359375 0.22734375 0.109375 0.0890625
1 0.234375 0.68359375 0.1171875 0.10859375
1 0.23125 0.83125 0.12734375 0.10078125
1 0.21640625 0.96171875 0.1171875 0.0765625
1 0.3984375 0.15703125 0.1125 0.09375
1 0.37734375 0.3125 0.128125 0.09375
1 0.37734375 0.45234375 0.13515625 0.0921875
1 0.38046875 0.596875 0.13203125 0.096875
1 0.38515625 0.7546875 0.12578125 0.109375
1 0.38046875 0.90078125 0.1125 0.09921875
1 0.53671875 0.08125 0.1296875 0.1109375
1 0.55 0.234375 0.11953125 0.10078125
1 0.5453125 0.37890625 0.11171875 0.09921875
1 0.5453125 0.53515625 0.11015625 0.0875
1 0.53984375 0.67109375 0.09609375 0.084375
1 0.53203125 0.828125 0.1046875 0.084375
1 0.5296875 0.95703125 0.11015625 0.0859375
1 0.68828125 0.1578125 0.109375 0.1015625
1 0.68359375 0.32421875 0.1078125 0.09609375
1 0.67890625 0.4609375 0.10703125 0.08984375
1 0.68203125 0.60234375 0.11640625 0.0890625
1 0.66640625 0.87578125 0.09375 0.103125
1 0.83984375 0.0875 0.1375 0.10390625
1 0.84140625 0.2375 0.12109375 0.0875
1 0.83828125 0.38359375 0.10546875 0.08828125
1 0.8390625 0.528125 0.11640625 0.09609375
1 0.84296875 0.67890625 0.12734375 0.10078125
1 0.8421875 0.83125 0.1140625 0.09140625
1 0.8359375 0.959375 0.11015625 0.08046875
1 0.08671875 0.02734375 0.1328125 0.0546875
1 0.96953125 0.29375 0.0609375 0.09140625
1 0.9734375 0.1515625 0.053125 0.10859375
1 0.971875 0.4640625 0.05625 0.084375