1 0.09140625 0.92265625 0.11953125 0.11484375
1 0.24453125 0.978125 0.1171875 0.04375
1 0.58515625 0.971875 0.1296875 0.05625
1 0.40625 0.91328125 0.11875 0.10234375
1 0.740625 0.91640625 0.12734375 0.109375
1 0.9125 0.8328125 0.1265625 0.09765625
1 0.7390625 0.75859375 0.1265625 0.09453125
1 0.5640625 0.8296875 0.12890625 0.09765625
1 0.5796875 0.66640625 0.1234375 0.10546875
1 0.40078125 0.74375 0.11171875 0.07890625
1 0.24921875 0.690625 0.11171875 0.084375
1 0.0875 0.59765625 0.11875 0.090625
1 0.415625 0.6 0.125 0.09140625
1 0.91640625 0.66796875 0.13515625 0.0875
1 0.740625 0.61171875 0.13515625 0.096875
1 0.91796875 0.5328125 0.11875 0.07890625
1 0.74296875 0.46171875 0.1390625 0.09921875
1 0.42109375 0.43671875 0.13671875 0.10078125
1 0.24609375 0.5265625 0.14296875 0.1
1 0.084375 0.44609375 0.12890625 0.08515625
1 0.25078125 0.3765625 0.13515625 0.08984375
1 0.584375 0.365625 0.1328125 0.09765625
1 0.90625 0.378125 0.13046875 0.09921875
1 0.7453125 0.29453125 0.12265625 0.09296875
1 0.4078125 0.278125 0.11171875 0.08828125
1 0.57421875 0.215625 0.11328125 0.0875
1 0.9203125 0.20078125 0.1546875 0.09765625
1 0.740625 0.1359375 0.11328125 0.090625
1 0.91796875 0.046875 0.14609375 0.09375
1 0.59140625 0.06015625 0.13046875 0.08828125
1 0.396875 0.121875 0.1546875 0.10546875
1 0.2453125 0.215625 0.1328125 0.115625
1 0.24296875 0.053125 0.12109375 0.10625
1 0.0984375 0.2859375 0.11875 0.09921875
1 0.084375 0.128125 0.134375 0.10390625