1 0.13828125 0.0265625 0.1140625 0.04375
1 0.13203125 0.16171875 0.103125 0.09765625
1 0.13828125 0.31171875 0.06484375 0.04765625
1 0.1296875 0.4515625 0.10703125 0.08828125
1 0.12109375 0.60390625 0.103125 0.09296875
1 0.1203125 0.75390625 0.10546875 0.0828125
1 0.115625 0.89140625 0.1203125 0.08125
1 0.284375 0.09375 0.109375 0.0859375
1 0.28515625 0.22890625 0.09375 0.0828125
1 0.2859375 0.38515625 0.09140625 0.084375
1 0.27578125 0.52890625 0.08984375 0.08125
1 0.278125 0.67734375 0.0921875 0.075
1 0.28046875 0.821875 0.1046875 0.08125
1 0.27421875 0.9671875 0.096875 0.065625
1 0.440625 0.03046875 0.1046875 0.0546875
1 0.4453125 0.13671875 0.0984375 0.0796875
1 0.4265625 0.30390625 0.11796875 0.09609375
1 0.4140625 0.44921875 0.1046875 0.08125
1 0.40859375 0.59765625 0.11796875 0.0875
1 0.42109375 0.74375 0.11015625 0.09296875
1 0.428125 0.8953125 0.0921875 0.08046875
1 0.58984375 0.0953125 0.09453125 0.0765625
1 0.58671875 0.2265625 0.10078125 0.075
1 0.58125 0.3765625 0.1140625 0.08046875
1 0.59609375 0.52578125 0.1203125 0.08515625
1 0.58515625 0.67578125 0.08984375 0.08046875
1 0.57890625 0.82578125 0.1046875 0.0796875
1 0.5828125 0.9578125 0.109375 0.084375
1 0.7515625 0.02265625 0.115625 0.04453125
1 0.7453125 0.16171875 0.11796875 0.1
1 0.7390625 0.30703125 0.096875 0.08046875
1 0.7390625 0.4515625 0.10078125 0.0828125
1 0.73515625 0.60546875 0.10234375 0.0890625
1 0.74375 0.75234375 0.08984375 0.0796875
1 0.74140625 0.89609375 0.0984375 0.0875
1 0.9 0.0953125 0.07890625 0.09609375
1 0.89140625 0.234375 0.0828125 0.08125
1 0.8921875 0.38515625 0.1 0.09140625
1 0.8921875 0.52578125 0.1046875 0.08828125
1 0.8953125 0.66953125 0.08984375 0.08984375
1 0.89296875 0.821875 0.109375 0.0890625
1 0.89453125 0.959375 0.09375 0.08046875