1 0.10546875 0.95546875 0.121875 0.0890625
1 0.46015625 0.95703125 0.1265625 0.0859375
1 0.8375 0.9609375 0.1375 0.078125
1 0.9734375 0.884375 0.053125 0.0984375
1 0.634375 0.87734375 0.13203125 0.1
1 0.27265625 0.875 0.1296875 0.08671875
1 0.0953125 0.796875 0.1203125 0.09296875
1 0.27109375 0.70625 0.13515625 0.09609375
1 0.46328125 0.7828125 0.13515625 0.103125
1 0.6453125 0.71640625 0.13046875 0.11171875
1 0.828125 0.7953125 0.14375 0.103125
1 0.96171875 0.70859375 0.07578125 0.10546875
1 0.0984375 0.6140625 0.1296875 0.09609375
1 0.4609375 0.60703125 0.1265625 0.103125
1 0.81875 0.621875 0.13515625 0.1046875
1 0.1078125 0.43359375 0.11484375 0.09296875
1 0.278125 0.51640625 0.13828125 0.10703125
1 0.459375 0.42421875 0.128125 0.0984375
1 0.63515625 0.5234375 0.13203125 0.1078125
1 0.81484375 0.44296875 0.13046875 0.09765625
1 0.95859375 0.5390625 0.0828125 0.1
1 0.9671875 0.36640625 0.065625 0.0921875
1 0.2796875 0.3546875 0.13515625 0.11015625
1 0.08828125 0.27578125 0.13671875 0.103125
1 0.64453125 0.36171875 0.125 0.10546875
1 0.4578125 0.25078125 0.13671875 0.11484375
1 0.275 0.17265625 0.13828125 0.103125
1 0.1 0.11171875 0.146875 0.1140625
1 0.28984375 0.0296875 0.13359375 0.059375
1 0.45234375 0.09375 0.13203125 0.09609375
1 0.63984375 0.17890625 0.13046875 0.10234375
1 0.82734375 0.284375 0.13515625 0.10078125
1 0.821875 0.1046875 0.13515625 0.09765625
1 0.95546875 0.19140625 0.0890625 0.10234375
1 0.96640625 0.0359375 0.0671875 0.06875
1 0.64140625 0.0359375 0.1359375 0.071875