1 0.0578125 0.1609375 0.11171875 0.0890625
1 0.05546875 0.30703125 0.0984375 0.08359375
1 0.05078125 0.4625 0.096875 0.08359375
1 0.05234375 0.60234375 0.09609375 0.09609375
1 0.05234375 0.75859375 0.09921875 0.09765625
1 0.046875 0.90859375 0.08515625 0.08359375
1 0.2109375 0.08515625 0.10703125 0.08515625
1 0.21015625 0.225 0.103125 0.08125
1 0.203125 0.38515625 0.09921875 0.07578125
1 0.2109375 0.53046875 0.10703125 0.09140625
1 0.1984375 0.6921875 0.096875 0.07109375
1 0.1984375 0.821875 0.09375 0.08125
1 0.2015625 0.971875 0.103125 0.05625
1 0.34765625 0.15546875 0.1078125 0.08046875
1 0.346875 0.2953125 0.0984375 0.0765625
1 0.3390625 0.45234375 0.11484375 0.0921875
1 0.3453125 0.60546875 0.11171875 0.08046875
1 0.33984375 0.74609375 0.0921875 0.0734375
1 0.34140625 0.9046875 0.103125 0.0953125
1 0.50390625 0.0890625 0.11171875 0.0875
1 0.50859375 0.22578125 0.1125 0.09921875
1 0.49609375 0.36484375 0.1046875 0.08984375
1 0.48828125 0.5234375 0.1046875 0.08828125
1 0.5 0.67421875 0.1125 0.08828125
1 0.5 0.82734375 0.10078125 0.0765625
1 0.50625 0.96171875 0.096875 0.0765625
1 0.65390625 0.0265625 0.0765625 0.05234375
1 0.6609375 0.16953125 0.09140625 0.08125
1 0.659375 0.30703125 0.09921875 0.0734375
1 0.653125 0.44453125 0.1015625 0.06875
1 0.6640625 0.6015625 0.109375 0.09140625
1 0.653125 0.7484375 0.11484375 0.08046875
1 0.646875 0.89453125 0.11015625 0.08828125
1 0.81875 0.08984375 0.05859375 0.05703125
1 0.815625 0.24609375 0.09921875 0.08125
1 0.81328125 0.37890625 0.11171875 0.071875
1 0.80546875 0.52890625 0.09921875 0.065625
1 0.81015625 0.6734375 0.10546875 0.0765625
1 0.81015625 0.8140625 0.1046875 0.09296875
1 0.8125 0.959375 0.0828125 0.08046875