1 0.13828125 0.028125 0.12890625 0.05625
1 0.1375 0.17265625 0.121875 0.1203125
1 0.1390625 0.3375 0.11640625 0.11015625
1 0.12578125 0.51328125 0.10390625 0.12421875
1 0.13515625 0.68515625 0.1234375 0.090625
1 0.13125 0.85 0.153125 0.11015625
1 0.11796875 0.98203125 0.128125 0.0359375
1 0.31171875 0.09453125 0.11953125 0.10234375
1 0.31640625 0.26328125 0.13359375 0.10390625
1 0.30625 0.42421875 0.1125 0.09296875
1 0.30703125 0.6046875 0.11953125 0.11796875
1 0.309375 0.75703125 0.153125 0.10234375
1 0.2875 0.9234375 0.10859375 0.10859375
1 0.49296875 0.034375 0.11640625 0.06875
1 0.48125 0.18359375 0.125 0.12421875
1 0.4890625 0.34765625 0.121875 0.1265625
1 0.4765625 0.68515625 0.103125 0.09609375
1 0.48203125 0.85078125 0.1125 0.09453125
1 0.490625 0.99140625 0.1265625 0.0171875
1 0.66484375 0.08828125 0.115625 0.103125
1 0.659375 0.2515625 0.103125 0.0984375
1 0.67578125 0.4296875 0.134375 0.12578125
1 0.66640625 0.596875 0.1484375 0.11328125
1 0.6578125 0.775 0.11640625 0.11640625
1 0.64921875 0.93046875 0.11953125 0.1296875
1 0.82421875 0.0265625 0.1203125 0.053125
1 0.8375 0.1703125 0.1109375 0.10390625
1 0.834375 0.34609375 0.10546875 0.1109375
1 0.84453125 0.515625 0.12890625 0.11875
1 0.8390625 0.675 0.1140625 0.09453125
1 0.83359375 0.85 0.1265625 0.103125
1 0.834375 0.98203125 0.11640625 0.0359375
1 0.98515625 0.078125 0.02890625 0.115625
1 0.9796875 0.26015625 0.040625 0.11171875
1 0.97421875 0.42734375 0.0515625 0.103125
1 0.97421875 0.5984375 0.0515625 0.10859375
1 0.97421875 0.77109375 0.0515625 0.1296875
1 0.97421875 0.93671875 0.0515625 0.1265625