1 0.1765625 0.0125 0.16015625 0.025
1 0.025 0.04765625 0.04921875 0.0953125
1 0.17109375 0.13203125 0.153125 0.10859375
1 0.02109375 0.215625 0.0421875 0.09296875
1 0.9046875 0.1421875 0.15 0.1015625
1 0.5171875 0.13671875 0.1328125 0.11015625
1 0.7 0.2328125 0.1390625 0.10859375
1 0.903125 0.303125 0.13984375 0.10546875
1 0.5265625 0.30625 0.125 0.10078125
1 0.353125 0.22109375 0.12734375 0.09921875
1 0.709375 0.38125 0.1171875 0.103125
1 0.534375 0.46171875 0.13984375 0.09921875
1 0.9 0.459375 0.17265625 0.13125
1 0.715625 0.55390625 0.134375 0.09921875
1 0.90546875 0.6421875 0.14140625 0.11328125
1 0.1828125 0.30625 0.1359375 0.11640625
1 0.3390625 0.3859375 0.1390625 0.11796875
1 0.3625 0.55703125 0.134375 0.10625
1 0.528125 0.62890625 0.1375 0.09921875
1 0.7078125 0.70234375 0.15703125 0.115625
1 0.89609375 0.80234375 0.134375 0.09375
1 0.70859375 0.88203125 0.14140625 0.090625
1 0.534375 0.8078125 0.12890625 0.0953125
1 0.36484375 0.70390625 0.1359375 0.1015625
1 0.03046875 0.55234375 0.0609375 0.10546875
1 0.0375 0.721875 0.075 0.1078125
1 0.17578125 0.8 0.12578125 0.1015625
1 0.03359375 0.8921875 0.06640625 0.10859375
1 0.35 0.90390625 0.1375 0.10078125
1 0.890625 0.959375 0.146875 0.08125
1 0.52734375 0.96796875 0.1484375 0.0640625
1 0.19921875 0.9625 0.13984375 0.07421875