1 0.11875 0.1515625 0.10234375 0.10390625
1 0.11875 0.31484375 0.0890625 0.07734375
1 0.12265625 0.453125 0.096875 0.0828125
1 0.11796875 0.59375 0.0921875 0.0828125
1 0.13203125 0.74375 0.1 0.09140625
1 0.115625 0.88046875 0.08984375 0.0828125
1 0.27421875 0.9453125 0.128125 0.08046875
1 0.2609375 0.81015625 0.109375 0.09765625
1 0.28515625 0.684375 0.12265625 0.08515625
1 0.26796875 0.5234375 0.10078125 0.06953125
1 0.26875 0.36484375 0.109375 0.096875
1 0.27109375 0.22578125 0.115625 0.0734375
1 0.27265625 0.075 0.1078125 0.06484375
1 0.4234375 0.153125 0.11875 0.07265625
1 0.4296875 0.2921875 0.10703125 0.06796875
1 0.4234375 0.440625 0.12265625 0.0796875
1 0.42734375 0.59921875 0.11875 0.07734375
1 0.43125 0.7515625 0.10078125 0.084375
1 0.43125 0.8921875 0.11875 0.09609375
1 0.4390625 0.02109375 0.0875 0.0421875
1 0.59375 0.08515625 0.10703125 0.0828125
1 0.57265625 0.228125 0.1046875 0.06875
1 0.5671875 0.3765625 0.11015625 0.07109375
1 0.56875 0.52890625 0.09375 0.075
1 0.58359375 0.68515625 0.11015625 0.0828125
1 0.57890625 0.8203125 0.1046875 0.0765625
1 0.5765625 0.96328125 0.0875 0.0734375
1 0.728125 0.89296875 0.103125 0.08125
1 0.7265625 0.746875 0.0921875 0.07109375
1 0.7359375 0.60859375 0.1 0.08515625
1 0.721875 0.440625 0.0875 0.071875
1 0.72734375 0.29765625 0.09375 0.0671875
1 0.7359375 0.15078125 0.09140625 0.06875
1 0.86640625 0.07890625 0.096875 0.0734375
1 0.86875 0.22421875 0.109375 0.0734375
1 0.86796875 0.38359375 0.09609375 0.07265625
1 0.88046875 0.52890625 0.1125 0.08046875
1 0.871875 0.66953125 0.10234375 0.065625
1 0.86015625 0.80703125 0.09140625 0.06875
1 0.87421875 0.95859375 0.11171875 0.07734375