1 0.11953125 0.034375 0.1140625 0.06796875
1 0.11796875 0.18125 0.10859375 0.08671875
1 0.1203125 0.33203125 0.10390625 0.0828125
1 0.11328125 0.50546875 0.10078125 0.0921875
1 0.10390625 0.65703125 0.09609375 0.078125
1 0.1078125 0.81484375 0.10625 0.09453125
1 0.10625 0.9546875 0.10390625 0.08984375
1 0.275 0.10390625 0.121875 0.07421875
1 0.2765625 0.27421875 0.11171875 0.08046875
1 0.278125 0.42421875 0.1140625 0.09765625
1 0.27265625 0.5890625 0.11640625 0.10078125
1 0.2671875 0.74453125 0.11015625 0.08359375
1 0.271875 0.89453125 0.11171875 0.08671875
1 0.4515625 0.046875 0.12578125 0.09296875
1 0.44296875 0.1953125 0.1125 0.08671875
1 0.43828125 0.34765625 0.12421875 0.1078125
1 0.4328125 0.51015625 0.10859375 0.090625
1 0.44375 0.66328125 0.1265625 0.1015625
1 0.4375 0.82734375 0.11015625 0.0984375
1 0.43515625 0.965625 0.0984375 0.06875
1 0.60078125 0.11171875 0.10078125 0.10234375
1 0.603125 0.26171875 0.1078125 0.08046875
1 0.60625 0.421875 0.11171875 0.09609375
1 0.60078125 0.57890625 0.10859375 0.10390625
1 0.59609375 0.73203125 0.0890625 0.0859375
1 0.6 0.903125 0.11015625 0.09296875
1 0.77890625 0.0390625 0.1125 0.078125
1 0.7640625 0.19375 0.10625 0.0828125
1 0.765625 0.3390625 0.1078125 0.08125
1 0.77109375 0.5 0.1078125 0.1015625
1 0.759375 0.66484375 0.115625 0.08359375
1 0.76171875 0.80703125 0.10625 0.0859375
1 0.7625 0.95625 0.10234375 0.08671875
1 0.93125 0.11015625 0.10078125 0.0828125
1 0.9296875 0.26640625 0.11953125 0.0890625
1 0.934375 0.43125 0.11953125 0.090625
1 0.93203125 0.5859375 0.1046875 0.08125
1 0.921875 0.740625 0.115625 0.0890625
1 0.9359375 0.89765625 0.1140625 0.0828125