1 0.0875 0.08125 0.1703125 0.11328125
1 0.08984375 0.228125 0.1765625 0.09765625
1 0.0921875 0.3734375 0.1671875 0.096875
1 0.090625 0.5234375 0.15703125 0.11953125
1 0.1 0.64765625 0.14140625 0.0765625
1 0.1 0.7984375 0.140625 0.0875
1 0.0953125 0.95234375 0.140625 0.0953125
1 0.26328125 0.153125 0.12109375 0.09609375
1 0.26015625 0.28828125 0.103125 0.0875
1 0.246875 0.4375 0.103125 0.0953125
1 0.2453125 0.5859375 0.1046875 0.08515625
1 0.24453125 0.734375 0.09609375 0.0828125
1 0.246875 0.88125 0.08984375 0.0875
1 0.41875 0.0734375 0.10546875 0.0828125
1 0.4109375 0.2359375 0.10234375 0.08359375
1 0.4015625 0.3828125 0.115625 0.0796875
1 0.39453125 0.51875 0.11015625 0.0890625
1 0.3953125 0.66328125 0.12109375 0.08125
1 0.40234375 0.80078125 0.11171875 0.0859375
1 0.40546875 0.953125 0.103125 0.08515625
1 0.5640625 0.29609375 0.103125 0.09296875
1 0.5515625 0.4546875 0.11015625 0.0953125
1 0.55234375 0.58984375 0.1046875 0.09140625
1 0.5546875 0.74453125 0.1046875 0.08359375
1 0.55390625 0.875 0.103125 0.08515625
1 0.7109375 0.09140625 0.10078125 0.08984375
1 0.70390625 0.35546875 0.1203125 0.07734375
1 0.70546875 0.5265625 0.11796875 0.0890625
1 0.7140625 0.671875 0.103125 0.08359375
1 0.70078125 0.815625 0.1046875 0.0796875
1 0.703125 0.94296875 0.096875 0.07890625
1 0.8484375 0.171875 0.103125 0.075
1 0.84765625 0.28515625 0.103125 0.07890625
1 0.8609375 0.43828125 0.109375 0.09296875
1 0.85078125 0.5953125 0.11015625 0.0875
1 0.85703125 0.73359375 0.096875 0.08046875
1 0.86953125 0.8828125 0.09140625 0.071875