1 0.1625 0.06484375 0.10546875 0.0765625
1 0.1609375 0.2078125 0.10078125 0.08046875
1 0.16328125 0.34765625 0.09609375 0.0765625
1 0.15703125 0.50859375 0.09375 0.08515625
1 0.14765625 0.64921875 0.0890625 0.07265625
1 0.1515625 0.7953125 0.0984375 0.0875
1 0.15 0.928125 0.09609375 0.08828125
1 0.30703125 0.1359375 0.1125 0.06875
1 0.3078125 0.29453125 0.103125 0.075
1 0.309375 0.4328125 0.10546875 0.08984375
1 0.3046875 0.5859375 0.1078125 0.09296875
1 0.29921875 0.73046875 0.10234375 0.07734375
1 0.30390625 0.86953125 0.103125 0.08046875
1 0.4703125 0.07734375 0.11640625 0.096875
1 0.4625 0.22109375 0.1046875 0.08046875
1 0.4578125 0.36171875 0.115625 0.1
1 0.45234375 0.5125 0.10078125 0.084375
1 0.4625 0.6546875 0.11796875 0.09375
1 0.45703125 0.80703125 0.10234375 0.09140625
1 0.45546875 0.93984375 0.09140625 0.07265625
1 0.60859375 0.14296875 0.09375 0.0953125
1 0.61015625 0.2828125 0.1 0.075
1 0.61328125 0.43125 0.103125 0.0890625
1 0.60859375 0.5765625 0.10078125 0.09609375
1 0.60390625 0.71875 0.0828125 0.0796875
1 0.6078125 0.87734375 0.10234375 0.0859375
1 0.77421875 0.0734375 0.1046875 0.07890625
1 0.76015625 0.21953125 0.0984375 0.0765625
1 0.7609375 0.3546875 0.1 0.07578125
1 0.76640625 0.503125 0.1 0.09375
1 0.75546875 0.65625 0.10703125 0.07734375
1 0.7578125 0.78828125 0.0984375 0.0796875
1 0.7578125 0.92890625 0.09453125 0.084375
1 0.91484375 0.1421875 0.09375 0.0765625
1 0.91328125 0.28671875 0.11015625 0.0828125
1 0.91796875 0.43984375 0.11015625 0.084375
1 0.915625 0.5828125 0.096875 0.07578125
1 0.90546875 0.7265625 0.10703125 0.0828125
1 0.91875 0.87265625 0.10546875 0.0765625