1 0.8953125 0.934375 0.096875 0.10390625
1 0.89453125 0.77109375 0.115625 0.08359375
1 0.896875 0.6140625 0.11171875 0.1140625
1 0.90546875 0.44609375 0.115625 0.11171875
1 0.896875 0.2875 0.12109375 0.10625
1 0.884375 0.125 0.12734375 0.1015625
1 0.928125 0.015625 0.140625 0.03125
1 0.74140625 0.98671875 0.1296875 0.0265625
1 0.7328125 0.85 0.13828125 0.1234375
1 0.7375 0.6859375 0.1328125 0.10078125
1 0.73828125 0.37734375 0.10078125 0.11171875
1 0.7328125 0.21328125 0.11171875 0.096875
1 0.73359375 0.05703125 0.11015625 0.1140625
1 0.56015625 0.93828125 0.134375 0.1109375
1 0.559375 0.7765625 0.1234375 0.10859375
1 0.54765625 0.62109375 0.13828125 0.09765625
1 0.54296875 0.46640625 0.125 0.1109375
1 0.5515625 0.31328125 0.12734375 0.096875
1 0.53671875 0.13984375 0.14140625 0.1125
1 0.3828125 0.05078125 0.1265625 0.1015625
1 0.375 0.22421875 0.11015625 0.13125
1 0.38203125 0.390625 0.1234375 0.125
1 0.38515625 0.54140625 0.1140625 0.09453125
1 0.3921875 0.69453125 0.10859375 0.0953125
1 0.38359375 0.8578125 0.1328125 0.11953125
1 0.39140625 0.978125 0.14765625 0.04375
1 0.20703125 0.9421875 0.1234375 0.115625
1 0.2140625 0.7671875 0.115625 0.11640625
1 0.21796875 0.60859375 0.1453125 0.10625
1 0.21015625 0.45078125 0.14921875 0.1421875
1 0.2234375 0.27890625 0.1234375 0.1140625
1 0.22109375 0.11640625 0.11796875 0.1265625