1 0.984375 0.96796875 0.03125 0.0640625
1 0.6578125 0.97421875 0.12734375 0.0515625
1 0.84453125 0.8953125 0.1125 0.09453125
1 0.98046875 0.82109375 0.03828125 0.1015625
1 0.5171875 0.89921875 0.11640625 0.09453125
1 0.35234375 0.96640625 0.1234375 0.06640625
1 0.16796875 0.90703125 0.12578125 0.09765625
1 0.034375 0.825 0.06875 0.090625
1 0.0390625 0.9703125 0.078125 0.059375
1 0.35625 0.81796875 0.121875 0.0921875
1 0.690625 0.815625 0.11953125 0.08046875
1 0.853125 0.74375 0.11171875 0.0859375
1 0.69140625 0.659375 0.125 0.0890625
1 0.5140625 0.73046875 0.125 0.0953125
1 0.34609375 0.66875 0.1203125 0.103125
1 0.17734375 0.7421875 0.1328125 0.0953125
1 0.04453125 0.66171875 0.0890625 0.09765625
1 0.98671875 0.6609375 0.0265625 0.08359375
1 0.85078125 0.57421875 0.11953125 0.0890625
1 0.515625 0.56796875 0.11640625 0.0953125
1 0.1859375 0.58125 0.125 0.096875
1 0.9875 0.49375 0.025 0.0890625
1 0.8421875 0.40703125 0.10625 0.0859375
1 0.68515625 0.48359375 0.12734375 0.0984375
1 0.51796875 0.3984375 0.11796875 0.09140625
1 0.35546875 0.490625 0.121875 0.1
1 0.18984375 0.41640625 0.1203125 0.08984375
1 0.04765625 0.50546875 0.0953125 0.0921875
1 0.0390625 0.34453125 0.078125 0.0859375
1 0.9734375 0.328125 0.053125 0.0953125
1 0.68359375 0.334375 0.125 0.1015625
1 0.86015625 0.2609375 0.12578125 0.0953125
1 0.346875 0.340625 0.115625 0.09765625
1 0.51953125 0.23828125 0.12578125 0.10625
1 0.6875 0.16640625 0.12734375 0.0953125
1 0.84921875 0.11015625 0.13515625 0.10546875
1 0.67421875 0.03046875 0.1234375 0.0609375
1 0.52421875 0.09296875 0.121875 0.0890625
1 0.35078125 0.171875 0.1203125 0.09453125
1 0.17734375 0.26953125 0.125 0.09296875
1 0.1828125 0.103125 0.125 0.08984375
1 0.05078125 0.18359375 0.10078125 0.09453125
1 0.03984375 0.0359375 0.0796875 0.071875
1 0.3484375 0.0359375 0.125 0.071875
1 0.97578125 0.03125 0.0484375 0.0625