1 0.21953125 0.0578125 0.12265625 0.1
1 0.2171875 0.190625 0.12578125 0.09375
1 0.0625 0.25625 0.1046875 0.0734375
1 0.06015625 0.4125 0.11171875 0.09609375
1 0.06484375 0.553125 0.0984375 0.08203125
1 0.05234375 0.8453125 0.1046875 0.09375
1 0.209375 0.78984375 0.103125 0.09296875
1 0.35390625 0.96953125 0.1109375 0.0609375
1 0.36328125 0.85078125 0.10703125 0.08984375
1 0.36484375 0.69453125 0.10703125 0.078125
1 0.3671875 0.559375 0.11953125 0.08125
1 0.36640625 0.39453125 0.109375 0.06953125
1 0.2109375 0.48359375 0.11015625 0.0796875
1 0.2078125 0.34765625 0.1125 0.07578125
1 0.2046875 0.6359375 0.11875 0.08359375
1 0.3703125 0.2640625 0.11015625 0.0921875
1 0.36953125 0.1203125 0.103125 0.07109375
1 0.53125 0.07578125 0.0984375 0.084375
1 0.525 0.203125 0.12734375 0.075
1 0.52734375 0.34921875 0.11953125 0.078125
1 0.5265625 0.478125 0.11015625 0.078125
1 0.52109375 0.61953125 0.1234375 0.0921875
1 0.52109375 0.77734375 0.103125 0.08515625
1 0.66640625 0.85234375 0.09375 0.0765625
1 0.68046875 0.5671875 0.10546875 0.075
1 0.6640625 0.4203125 0.096875 0.07265625
1 0.6765625 0.278125 0.09375 0.06875
1 0.8359375 0.059375 0.08515625 0.0859375
1 0.8234375 0.33984375 0.1125 0.08203125
1 0.825 0.4828125 0.12734375 0.0859375
1 0.82265625 0.63046875 0.11015625 0.08359375
1 0.81796875 0.76796875 0.08671875 0.0765625