1 0.5640625 0.38203125 0.1328125 0.1078125
1 0.725 0.30234375 0.12734375 0.1109375
1 0.2484375 0.0703125 0.1375 0.09765625
1 0.10625 0.15625 0.14375 0.0953125
1 0.26171875 0.22421875 0.128125 0.0953125
1 0.1109375 0.3125 0.13046875 0.1015625
1 0.25625 0.37109375 0.12734375 0.10078125
1 0.253125 0.525 0.12109375 0.09296875
1 0.4140625 0.44921875 0.1046875 0.09140625
1 0.56328125 0.07578125 0.09921875 0.08125
1 0.41640625 0.15546875 0.1015625 0.0796875
1 0.553125 0.515625 0.096875 0.07265625
1 0.55859375 0.2234375 0.1078125 0.0875
1 0.115625 0.446875 0.11171875 0.08359375
1 0.11015625 0.58828125 0.11953125 0.0875
1 0.40625 0.3 0.10703125 0.07734375
1 0.7171875 0.15390625 0.10546875 0.07890625
1 0.86171875 0.0734375 0.1078125 0.0765625
1 0.86640625 0.22890625 0.10703125 0.0796875
1 0.8609375 0.37265625 0.1046875 0.0828125
1 0.41015625 0.5953125 0.10078125 0.0796875
1 0.109375 0.73515625 0.1078125 0.0734375
1 0.259375 0.809375 0.0921875 0.0671875
1 0.09921875 0.88359375 0.10703125 0.06875
1 0.4171875 0.73046875 0.11171875 0.0859375
1 0.55546875 0.6625 0.1046875 0.08515625
1 0.71953125 0.5859375 0.1078125 0.0734375
1 0.8609375 0.52109375 0.11171875 0.07890625
1 0.2515625 0.93671875 0.125 0.0734375
1 0.4078125 0.88515625 0.1078125 0.0734375
1 0.5578125 0.80546875 0.11171875 0.08515625
1 0.70703125 0.74140625 0.1078125 0.08125
1 0.86171875 0.6703125 0.11953125 0.08515625
1 0.55703125 0.9484375 0.11015625 0.0828125
1 0.71015625 0.88046875 0.10546875 0.0765625
1 0.84921875 0.81015625 0.11015625 0.084375
1 0.8515625 0.94921875 0.096875 0.06796875
1 0.10859375 0.03125 0.1046875 0.0609375
1 0.7171875 0.0296875 0.09921875 0.059375
1 0.409375 0.0234375 0.09375 0.046875
1 0.259375 0.69921875 0.11171875 0.08125