1 0.16484375 0.046875 0.10546875 0.0859375
1 0.16640625 0.2 0.09609375 0.0796875
1 0.16171875 0.34765625 0.1 0.08125
1 0.165625 0.4796875 0.1 0.084375
1 0.1640625 0.61640625 0.103125 0.0859375
1 0.159375 0.77734375 0.10234375 0.0859375
1 0.3171875 0.13125 0.09140625 0.0921875
1 0.3078125 0.2703125 0.1 0.08515625
1 0.3046875 0.409375 0.10546875 0.07578125
1 0.30859375 0.553125 0.109375 0.10234375
1 0.30078125 0.7140625 0.09140625 0.0609375
1 0.3078125 0.85 0.0875 0.07734375
1 0.48359375 0.0515625 0.10703125 0.09375
1 0.48046875 0.2046875 0.11796875 0.0859375
1 0.465625 0.35546875 0.09140625 0.071875
1 0.465625 0.4953125 0.1078125 0.08359375
1 0.47265625 0.62578125 0.1 0.0859375
1 0.4671875 0.775 0.0890625 0.07734375
1 0.628125 0.121875 0.09609375 0.0765625
1 0.6265625 0.26484375 0.09609375 0.071875
1 0.615625 0.40859375 0.08671875 0.06796875
1 0.62578125 0.55390625 0.08671875 0.071875
1 0.615625 0.70625 0.09453125 0.09140625
1 0.78125 0.0484375 0.0984375 0.08984375
1 0.77109375 0.190625 0.10234375 0.084375
1 0.77734375 0.33828125 0.08125 0.08359375
1 0.77578125 0.48515625 0.10546875 0.0921875
1 0.7734375 0.63046875 0.11015625 0.0953125
1 0.7734375 0.77109375 0.10546875 0.0890625
1 0.92109375 0.11796875 0.08125 0.08125
1 0.91953125 0.2671875 0.0984375 0.08125
1 0.91953125 0.4171875 0.0984375 0.08515625
1 0.91640625 0.55703125 0.08515625 0.09296875
1 0.9203125 0.69765625 0.1078125 0.08046875
1 0.91875 0.8515625 0.09453125 0.0859375