1 0.07734375 0.96171875 0.1140625 0.0765625
1 0.07578125 0.8015625 0.09453125 0.08046875
1 0.09140625 0.63515625 0.1125 0.0953125
1 0.065625 0.4921875 0.0890625 0.0921875
1 0.07890625 0.31796875 0.10859375 0.09296875
1 0.07890625 0.1625 0.0953125 0.08984375
1 0.24375 0.8828125 0.11015625 0.09453125
1 0.24765625 0.7171875 0.11015625 0.11015625
1 0.23984375 0.56953125 0.103125 0.08046875
1 0.2359375 0.40234375 0.0875 0.09765625
1 0.2421875 0.24765625 0.1125 0.0953125
1 0.221875 0.084375 0.10234375 0.08671875
1 0.409375 0.95859375 0.10078125 0.0828125
1 0.41640625 0.8140625 0.0984375 0.071875
1 0.41875 0.653125 0.10234375 0.08359375
1 0.4171875 0.49921875 0.0828125 0.08046875
1 0.4046875 0.3296875 0.09140625 0.08359375
1 0.4125 0.15859375 0.0984375 0.08046875
1 0.56875 0.884375 0.10625 0.08046875
1 0.571875 0.7171875 0.1203125 0.0921875
1 0.56484375 0.5734375 0.10703125 0.08125
1 0.5703125 0.41953125 0.09140625 0.084375
1 0.5703125 0.25546875 0.09140625 0.0796875
1 0.553125 0.10703125 0.1046875 0.0953125
1 0.7421875 0.9640625 0.09921875 0.071875
1 0.75078125 0.8 0.09453125 0.0796875
1 0.74140625 0.63984375 0.09453125 0.08125
1 0.7328125 0.484375 0.0984375 0.0921875
1 0.73984375 0.34921875 0.11640625 0.10390625
1 0.74609375 0.15390625 0.0890625 0.0890625
1 0.9125 0.8765625 0.08671875 0.078125
1 0.909375 0.7109375 0.090625 0.08828125
1 0.9046875 0.56328125 0.0984375 0.09140625
1 0.915625 0.41015625 0.10234375 0.09296875
1 0.9015625 0.24375 0.09921875 0.08671875
1 0.90078125 0.09921875 0.09296875 0.0796875