1 0.15859375 0.95 0.165625 0.1
1 0.15078125 0.78984375 0.13515625 0.1015625
1 0.1546875 0.62890625 0.11953125 0.1015625
1 0.1625 0.4640625 0.13046875 0.1
1 0.1640625 0.2953125 0.13359375 0.0921875
1 0.15 0.12890625 0.12421875 0.09765625
1 0.33984375 0.8796875 0.1140625 0.096875
1 0.33359375 0.71328125 0.11015625 0.09609375
1 0.3296875 0.54453125 0.11171875 0.09609375
1 0.328125 0.3734375 0.12265625 0.09609375
1 0.32890625 0.21484375 0.11875 0.1046875
1 0.32734375 0.0515625 0.125 0.10234375
1 0.503125 0.959375 0.11953125 0.08125
1 0.5109375 0.80546875 0.1375 0.10703125
1 0.5046875 0.64296875 0.1390625 0.115625
1 0.50390625 0.4671875 0.1296875 0.1046875
1 0.5078125 0.29609375 0.128125 0.09765625
1 0.503125 0.140625 0.128125 0.11484375
1 0.6859375 0.88125 0.12109375 0.096875
1 0.68515625 0.709375 0.13046875 0.1015625
1 0.68671875 0.5453125 0.140625 0.1
1 0.678125 0.38046875 0.13359375 0.09921875
1 0.68046875 0.21015625 0.12421875 0.09453125
1 0.68984375 0.05 0.1265625 0.1
1 0.8515625 0.9546875 0.13359375 0.08984375
1 0.8578125 0.7921875 0.11953125 0.10390625
1 0.85625 0.6234375 0.1265625 0.09375
1 0.853125 0.45390625 0.125 0.109375
1 0.84765625 0.2875 0.12421875 0.11484375
1 0.859375 0.13515625 0.12109375 0.08984375
1 0.98828125 0.54375 0.0234375 0.1015625
1 0.98203125 0.3734375 0.0359375 0.11953125
1 0.984375 0.20703125 0.03125 0.1046875
1 0.98125 0.05390625 0.0375 0.1078125