1 0.8359375 0.8234375 0.12265625 0.0984375
1 0.84140625 0.66796875 0.10390625 0.09296875
1 0.8453125 0.52265625 0.1078125 0.0890625
1 0.84296875 0.35859375 0.09140625 0.08515625
1 0.8546875 0.19921875 0.09609375 0.0953125
1 0.8546875 0.05234375 0.075 0.06875
1 0.69765625 0.12890625 0.1125 0.0796875
1 0.7125 0.01015625 0.121875 0.0203125
1 0.6984375 0.27421875 0.121875 0.08515625
1 0.70390625 0.4375 0.10859375 0.0859375
1 0.6890625 0.590625 0.10390625 0.08671875
1 0.68828125 0.74296875 0.08984375 0.08046875
1 0.67265625 0.88203125 0.09765625 0.09609375
1 0.83203125 0.9671875 0.0984375 0.0625
1 0.525 0.959375 0.10625 0.08125
1 0.5296875 0.6609375 0.11015625 0.08203125
1 0.53359375 0.515625 0.11875 0.0765625
1 0.53203125 0.3515625 0.08828125 0.08359375
1 0.51953125 0.19140625 0.1015625 0.0796875
1 0.5328125 0.04609375 0.09609375 0.0921875
1 0.3578125 0.9015625 0.11640625 0.10234375
1 0.38828125 0.7515625 0.08828125 0.065625
1 0.371875 0.59140625 0.1015625 0.07734375
1 0.3765625 0.4296875 0.10390625 0.0859375
1 0.3734375 0.28046875 0.11484375 0.08359375
1 0.38203125 0.13359375 0.0921875 0.0796875
1 0.3859375 0.0140625 0.0984375 0.02734375
1 0.2 0.81875 0.1203125 0.096875
1 0.21328125 0.66875 0.11484375 0.08359375
1 0.21484375 0.51953125 0.11171875 0.07265625
1 0.2125 0.36328125 0.0984375 0.08515625
1 0.21015625 0.2171875 0.1328125 0.08671875
1 0.2015625 0.0421875 0.11484375 0.08359375
1 0.05625 0.11796875 0.10390625 0.07890625
1 0.04921875 0.2859375 0.0984375 0.078125
1 0.059375 0.44140625 0.11875 0.09609375
1 0.05390625 0.58828125 0.1 0.07734375
1 0.05234375 0.73828125 0.1046875 0.0859375
1 0.98203125 0.26640625 0.0359375 0.0765625
1 0.98984375 0.75546875 0.0203125 0.0953125
1 0.99296875 0.9078125 0.0140625 0.08515625
1 0.9859375 0.5875 0.028125 0.090625