1 0.9421875 0.071875 0.10625 0.0921875
1 0.93828125 0.21953125 0.11015625 0.08125
1 0.94296875 0.38984375 0.10078125 0.09296875
1 0.9375 0.55078125 0.1125 0.1015625
1 0.9453125 0.709375 0.10859375 0.0875
1 0.946875 0.85546875 0.10625 0.09609375
1 0.93515625 0.9828125 0.1296875 0.034375
1 0.7640625 0.13984375 0.121875 0.10703125
1 0.76796875 0.31484375 0.13046875 0.10390625
1 0.7625 0.4671875 0.12578125 0.08046875
1 0.778125 0.62421875 0.1359375 0.090625
1 0.77109375 0.775 0.11640625 0.0765625
1 0.76953125 0.940625 0.1078125 0.06796875
1 0.59921875 0.065625 0.115625 0.0765625
1 0.61875 0.21015625 0.0890625 0.0765625
1 0.6125 0.371875 0.11015625 0.08125
1 0.61796875 0.534375 0.10390625 0.084375
1 0.61953125 0.84765625 0.11015625 0.0859375
1 0.63046875 0.98828125 0.11171875 0.02265625
1 0.4359375 0.14921875 0.09609375 0.06875
1 0.4515625 0.2859375 0.1125 0.07421875
1 0.4453125 0.46328125 0.1203125 0.0765625
1 0.440625 0.63046875 0.08671875 0.065625
1 0.46171875 0.765625 0.1125 0.0859375
1 0.46015625 0.9234375 0.10390625 0.071875
1 0.43203125 0.01015625 0.0890625 0.0203125
1 0.284375 0.07109375 0.10625 0.09765625
1 0.2875 0.22578125 0.13359375 0.0921875
1 0.29609375 0.38125 0.11640625 0.08671875
1 0.29765625 0.53515625 0.121875 0.08359375
1 0.28203125 0.6890625 0.11015625 0.0859375
1 0.29765625 0.84609375 0.11796875 0.084375
1 0.27578125 0.978125 0.1390625 0.04375
1 0.1078125 0.0171875 0.1 0.034375
1 0.1203125 0.1453125 0.10859375 0.0890625
1 0.11953125 0.31328125 0.13359375 0.09296875
1 0.1140625 0.46328125 0.1234375 0.0875
1 0.1296875 0.6125 0.1265625 0.0859375
1 0.11953125 0.77421875 0.12578125 0.09453125
1 0.11875 0.93359375 0.10078125 0.0828125