1 0.12109375 0.0234375 0.11015625 0.046875
1 0.1125 0.16640625 0.08984375 0.07734375
1 0.1171875 0.3140625 0.0984375 0.07890625
1 0.1109375 0.45703125 0.10546875 0.08984375
1 0.1109375 0.6078125 0.13359375 0.09140625
1 0.109375 0.75625 0.115625 0.0796875
1 0.11484375 0.8984375 0.13359375 0.0828125
1 0.26484375 0.096875 0.12109375 0.0875
1 0.2515625 0.37109375 0.1234375 0.08515625
1 0.25546875 0.53046875 0.10703125 0.10078125
1 0.23828125 0.6734375 0.10078125 0.0734375
1 0.26171875 0.8328125 0.103125 0.075
1 0.2671875 0.9703125 0.1140625 0.059375
1 0.43125 0.034375 0.109375 0.053125
1 0.425 0.17578125 0.109375 0.07734375
1 0.42578125 0.31484375 0.115625 0.07734375
1 0.42421875 0.47109375 0.109375 0.06875
1 0.41796875 0.61875 0.103125 0.08046875
1 0.40703125 0.75546875 0.10078125 0.07109375
1 0.4171875 0.91328125 0.1140625 0.0671875
1 0.584375 0.10625 0.09609375 0.08359375
1 0.57890625 0.2578125 0.10234375 0.08828125
1 0.57890625 0.396875 0.10703125 0.08828125
1 0.58125 0.559375 0.11015625 0.09609375
1 0.5640625 0.69921875 0.103125 0.0796875
1 0.56171875 0.8453125 0.1234375 0.09375
1 0.7203125 0.17109375 0.1078125 0.09609375
1 0.71875 0.31875 0.109375 0.0828125
1 0.73359375 0.4671875 0.10703125 0.08828125
1 0.7203125 0.61796875 0.1046875 0.09140625
1 0.71484375 0.7609375 0.10546875 0.0890625
1 0.865625 0.09765625 0.12578125 0.0796875
1 0.8609375 0.265625 0.10078125 0.09765625
1 0.85390625 0.41171875 0.10546875 0.1015625
1 0.86015625 0.68203125 0.1203125 0.09609375
1 0.85625 0.840625 0.1125 0.08125
1 0.85390625 0.96875 0.1046875 0.06171875