1 0.16171875 0.034375 0.11171875 0.06875
1 0.3125 0.0890625 0.096875 0.07109375
1 0.62265625 0.07734375 0.08515625 0.09296875
1 0.7875 0.02109375 0.08671875 0.0390625
1 0.88828125 0.08125 0.1 0.0640625
1 0.78125 0.1484375 0.10703125 0.0734375
1 0.91640625 0.2234375 0.1078125 0.06171875
1 0.62578125 0.21953125 0.1125 0.06875
1 0.7765625 0.2921875 0.1125 0.09296875
1 0.61015625 0.3703125 0.1078125 0.0875
1 0.46015625 0.30078125 0.1203125 0.071875
1 0.30703125 0.2375 0.10078125 0.08046875
1 0.1421875 0.175 0.1078125 0.071875
1 0.46796875 0.1578125 0.134375 0.0953125
1 0.471875 0.0234375 0.1 0.046875
1 0.146875 0.2984375 0.11796875 0.0859375
1 0.3015625 0.38046875 0.10546875 0.0796875
1 0.14375 0.45078125 0.1078125 0.07265625
1 0.30859375 0.51484375 0.096875 0.08515625
1 0.4734375 0.4390625 0.09453125 0.07109375
1 0.7734375 0.43828125 0.07890625 0.09765625
1 0.93359375 0.38203125 0.103125 0.09140625
1 0.60703125 0.5140625 0.109375 0.0875
1 0.14765625 0.5859375 0.11875 0.0734375
1 0.309375 0.67578125 0.1296875 0.1078125
1 0.1390625 0.7421875 0.12265625 0.096875
1 0.2984375 0.81484375 0.1046875 0.08359375
1 0.48046875 0.728125 0.1046875 0.1015625
1 0.609375 0.66015625 0.09453125 0.09140625
1 0.7734375 0.58828125 0.08671875 0.0875
1 0.93359375 0.5296875 0.09609375 0.09609375
1 0.90625 0.66171875 0.09140625 0.07578125
1 0.77109375 0.74375 0.1140625 0.07578125
1 0.9078125 0.81171875 0.096875 0.09375
1 0.6171875 0.81953125 0.09140625 0.071875
1 0.77109375 0.87890625 0.10078125 0.0953125
1 0.9234375 0.9484375 0.13828125 0.103125
1 0.62734375 0.94140625 0.11796875 0.0828125
1 0.44765625 0.88359375 0.12734375 0.0921875
1 0.29609375 0.95859375 0.1 0.0640625