1 0.02890625 0.9640625 0.0578125 0.071875
1 0.02265625 0.646875 0.0453125 0.1421875
1 0.01640625 0.48671875 0.0328125 0.13359375
1 0.03125 0.328125 0.06171875 0.11484375
1 0.040625 0.15390625 0.08125 0.13671875
1 0.01875 0.02265625 0.0375 0.0453125
1 0.15625 0.90390625 0.11171875 0.1203125
1 0.14296875 0.74765625 0.10859375 0.10546875
1 0.15390625 0.590625 0.1375 0.10703125
1 0.1515625 0.41875 0.11953125 0.13359375
1 0.1609375 0.24453125 0.11171875 0.1125
1 0.1421875 0.0609375 0.10078125 0.11796875
1 0.34453125 0.971875 0.13515625 0.05546875
1 0.3421875 0.82421875 0.125 0.09921875
1 0.33515625 0.66171875 0.14296875 0.11953125
1 0.334375 0.4953125 0.12265625 0.115625
1 0.3375 0.3234375 0.14296875 0.09765625
1 0.32421875 0.16796875 0.12109375 0.1359375
1 0.32421875 0.0296875 0.13046875 0.059375
1 0.50859375 0.89609375 0.1265625 0.12109375
1 0.5140625 0.73515625 0.13203125 0.128125
1 0.50234375 0.578125 0.12421875 0.1203125
1 0.5046875 0.40546875 0.115625 0.14609375
1 0.503125 0.2390625 0.13203125 0.1078125
1 0.49921875 0.0671875 0.1390625 0.125
1 0.68515625 0.96640625 0.13359375 0.0671875
1 0.68671875 0.8296875 0.14765625 0.109375
1 0.6875 0.665625 0.13671875 0.13359375
1 0.69453125 0.50234375 0.15390625 0.12578125
1 0.68828125 0.33125 0.1375 0.1265625
1 0.69609375 0.16015625 0.14453125 0.12109375
1 0.8578125 0.89609375 0.1296875 0.11328125
1 0.8546875 0.73359375 0.12109375 0.09921875
1 0.8578125 0.57265625 0.14296875 0.12109375
1 0.859375 0.41796875 0.11328125 0.109375
1 0.86171875 0.234375 0.125 0.1046875
1 0.8640625 0.0734375 0.1375 0.115625
1 0.9875 0.8140625 0.025 0.1359375
1 0.9828125 0.65390625 0.034375 0.10703125
1 0.9875 0.49765625 0.025 0.11796875
1 0.9828125 0.328125 0.034375 0.134375