1 0.046875 0.07734375 0.09375 0.09140625
1 0.05 0.225 0.1 0.08125
1 0.04609375 0.39453125 0.09140625 0.09296875
1 0.0515625 0.5546875 0.103125 0.10078125
1 0.04609375 0.7125 0.0921875 0.0875
1 0.0453125 0.85859375 0.08984375 0.09609375
1 0.05703125 0.98359375 0.11328125 0.03203125
1 0.21875 0.14609375 0.12109375 0.10625
1 0.21484375 0.31953125 0.13046875 0.103125
1 0.22109375 0.47109375 0.125 0.08046875
1 0.2046875 0.62734375 0.13515625 0.090625
1 0.21171875 0.778125 0.115625 0.07578125
1 0.2140625 0.94296875 0.10703125 0.06796875
1 0.38359375 0.07109375 0.11484375 0.07578125
1 0.3640625 0.215625 0.0890625 0.07578125
1 0.36953125 0.3765625 0.109375 0.08125
1 0.36484375 0.53828125 0.103125 0.084375
1 0.36328125 0.85078125 0.109375 0.08515625
1 0.35078125 0.9890625 0.1109375 0.021875
1 0.54609375 0.1546875 0.0953125 0.06875
1 0.53046875 0.29140625 0.1125 0.07421875
1 0.5359375 0.46796875 0.11953125 0.07578125
1 0.54140625 0.634375 0.08671875 0.065625
1 0.5203125 0.76875 0.1125 0.08515625
1 0.52109375 0.92578125 0.103125 0.071875
1 0.55 0.01328125 0.0875 0.0265625
1 0.696875 0.07734375 0.10546875 0.096875
1 0.69296875 0.23046875 0.1328125 0.09140625
1 0.68515625 0.3859375 0.115625 0.08671875
1 0.6828125 0.5390625 0.12109375 0.08359375
1 0.69921875 0.69296875 0.109375 0.08515625
1 0.68359375 0.8484375 0.1171875 0.084375
1 0.70625 0.9796875 0.1390625 0.040625
1 0.871875 0.0203125 0.09921875 0.040625
1 0.859375 0.15078125 0.10859375 0.08828125
1 0.86015625 0.31796875 0.1328125 0.09296875
1 0.865625 0.46796875 0.12265625 0.0875
1 0.85078125 0.61640625 0.1265625 0.08515625
1 0.8609375 0.77734375 0.125 0.09375
1 0.86171875 0.9359375 0.10078125 0.08203125
1 0.9859375 0.0625 0.028125 0.096875
1 0.98515625 0.38046875 0.0296875 0.07109375
1 0.98515625 0.528125 0.0296875 0.1
1 0.9859375 0.7015625 0.028125 0.125
1 0.98984375 0.84609375 0.0203125 0.08984375