1 0.85234375 0.13046875 0.11015625 0.10546875
1 0.71171875 0.0703125 0.1078125 0.059375
1 0.3984375 0.0734375 0.11875 0.0765625
1 0.5625 0.1390625 0.109375 0.09375
1 0.2546875 0.1359375 0.1171875 0.10078125
1 0.09609375 0.21328125 0.11640625 0.08984375
1 0.25625 0.28125 0.11640625 0.0875
1 0.4171875 0.21640625 0.11875 0.08984375
1 0.403125 0.36640625 0.1140625 0.096875
1 0.5671875 0.2953125 0.103125 0.07265625
1 0.70703125 0.34453125 0.103125 0.07734375
1 0.85625 0.4296875 0.109375 0.08359375
1 0.55390625 0.428125 0.11484375 0.084375
1 0.0921875 0.36484375 0.125 0.08046875
1 0.25390625 0.41640625 0.125 0.0890625
1 0.09140625 0.4890625 0.109375 0.07265625
1 0.25234375 0.55546875 0.128125 0.09140625
1 0.5484375 0.578125 0.12578125 0.09296875
1 0.71015625 0.4953125 0.13203125 0.0921875
1 0.859375 0.56953125 0.11875 0.07890625
1 0.70546875 0.63359375 0.125 0.0828125
1 0.3984375 0.64375 0.12265625 0.08984375
1 0.1015625 0.63203125 0.11953125 0.09140625
1 0.25 0.709375 0.1125 0.08515625
1 0.5609375 0.72421875 0.103125 0.08125
1 0.4078125 0.78203125 0.1046875 0.08046875
1 0.0890625 0.7953125 0.14296875 0.08984375
1 0.25390625 0.85546875 0.1046875 0.08359375
1 0.09140625 0.94453125 0.134375 0.10078125
1 0.3921875 0.925 0.11953125 0.08125
1 0.57109375 0.86796875 0.14296875 0.096875
1 0.71015625 0.78203125 0.12265625 0.10703125
1 0.71328125 0.93359375 0.11171875 0.1015625
1 0.84609375 0.71640625 0.109375 0.09140625
1 0.859375 0.8625 0.1234375 0.09609375