1 0.31953125 0.94453125 0.1265625 0.08046875
1 0.66328125 0.94921875 0.1171875 0.07578125
1 0.95546875 0.95234375 0.0890625 0.09453125
1 0.1734375 0.86953125 0.13125 0.09296875
1 0.31875 0.78984375 0.115625 0.08984375
1 0.15625 0.72734375 0.1171875 0.07890625
1 0.31796875 0.64765625 0.1234375 0.08515625
1 0.1625 0.57265625 0.12890625 0.08359375
1 0.65546875 0.7953125 0.13046875 0.09375
1 0.49765625 0.71328125 0.134375 0.09765625
1 0.5 0.55546875 0.11328125 0.08984375
1 0.659375 0.6390625 0.10546875 0.08984375
1 0.825 0.72578125 0.1328125 0.08671875
1 0.96171875 0.63671875 0.07578125 0.096875
1 0.496875 0.40234375 0.1171875 0.08828125
1 0.16015625 0.40546875 0.12890625 0.10546875
1 0.32265625 0.33828125 0.1109375 0.08671875
1 0.15234375 0.23984375 0.12265625 0.08515625
1 0.31328125 0.1703125 0.12734375 0.09453125
1 0.15625 0.07578125 0.1171875 0.08359375
1 0.815625 0.57421875 0.109375 0.07890625
1 0.9640625 0.4828125 0.071875 0.084375
1 0.8203125 0.41484375 0.13046875 0.09609375
1 0.66328125 0.32421875 0.1171875 0.08671875
1 0.96015625 0.3359375 0.0796875 0.08828125
1 0.8296875 0.24765625 0.09921875 0.09140625
1 0.49140625 0.10234375 0.1265625 0.103125
1 0.66171875 0.18046875 0.12109375 0.09375
1 0.83984375 0.10234375 0.11953125 0.09375
1 0.65078125 0.0390625 0.1296875 0.078125
1 0.96015625 0.175 0.0796875 0.09375