1 0.053125 0.0875 0.0984375 0.08515625
1 0.05703125 0.225 0.1015625 0.07578125
1 0.053125 0.3828125 0.09375 0.0859375
1 0.0578125 0.53203125 0.1046875 0.09375
1 0.05 0.6796875 0.1 0.08125
1 0.04921875 0.81484375 0.0984375 0.0890625
1 0.06015625 0.9578125 0.11953125 0.0828125
1 0.21796875 0.1515625 0.1125 0.09921875
1 0.21484375 0.31328125 0.12109375 0.09609375
1 0.2203125 0.4546875 0.11640625 0.075
1 0.2046875 0.6 0.12578125 0.084375
1 0.21171875 0.73984375 0.1078125 0.07109375
1 0.21328125 0.89296875 0.09921875 0.06328125
1 0.37109375 0.08203125 0.10703125 0.07109375
1 0.353125 0.21640625 0.0828125 0.07109375
1 0.35859375 0.36640625 0.1015625 0.07578125
1 0.35390625 0.51640625 0.09609375 0.07890625
1 0.35234375 0.8078125 0.1015625 0.0796875
1 0.34140625 0.96328125 0.103125 0.07109375
1 0.521875 0.159375 0.0890625 0.0640625
1 0.5078125 0.28671875 0.1046875 0.06875
1 0.51328125 0.45078125 0.11171875 0.07109375
1 0.51796875 0.60625 0.08046875 0.0609375
1 0.4984375 0.73125 0.1046875 0.0796875
1 0.49921875 0.87734375 0.09609375 0.0671875
1 0.5265625 0.02265625 0.08125 0.0375
1 0.6625 0.0875 0.0984375 0.08984375
1 0.659375 0.23046875 0.1234375 0.08515625
1 0.6515625 0.375 0.1078125 0.08046875
1 0.65 0.5171875 0.1125 0.07734375
1 0.66484375 0.66015625 0.1015625 0.0796875
1 0.65078125 0.80546875 0.109375 0.07890625
1 0.671875 0.9484375 0.1296875 0.0796875
1 0.82578125 0.0265625 0.0921875 0.053125
1 0.8140625 0.15625 0.10078125 0.0828125
1 0.81484375 0.31171875 0.1234375 0.0859375
1 0.8203125 0.45078125 0.1140625 0.08125
1 0.80546875 0.5890625 0.1171875 0.0796875
1 0.815625 0.7390625 0.11640625 0.0875
1 0.815625 0.88671875 0.09375 0.0765625
1 0.959375 0.07421875 0.08125 0.0890625
1 0.965625 0.2203125 0.06796875 0.09140625
1 0.95625 0.36953125 0.078125 0.065625
1 0.95859375 0.50703125 0.0828125 0.09296875
1 0.959375 0.66953125 0.08125 0.1171875
1 0.9625 0.803125 0.07421875 0.08359375
1 0.9625 0.94921875 0.07421875 0.0828125