1 0.1515625 0.053125 0.1046875 0.08359375
1 0.32890625 0.13515625 0.09453125 0.07265625
1 0.478125 0.06171875 0.10703125 0.07265625
1 0.640625 0.1453125 0.103125 0.08359375
1 0.7984375 0.04453125 0.11640625 0.0890625
1 0.94296875 0.1359375 0.08671875 0.08984375
1 0.94609375 0.2796875 0.1078125 0.10390625
1 0.94921875 0.42578125 0.1015625 0.0765625
1 0.94453125 0.58359375 0.09453125 0.0875
1 0.95 0.72578125 0.09375 0.0953125
1 0.94453125 0.85546875 0.08984375 0.08046875
1 0.79921875 0.81015625 0.10078125 0.08359375
1 0.78359375 0.6515625 0.109375 0.084375
1 0.78125 0.503125 0.09453125 0.0875
1 0.78828125 0.3609375 0.103125 0.0953125
1 0.79296875 0.2109375 0.1125 0.09140625
1 0.6328125 0.2796875 0.1234375 0.096875
1 0.621875 0.428125 0.09921875 0.0890625
1 0.634375 0.578125 0.11640625 0.1078125
1 0.63828125 0.72578125 0.11171875 0.096875
1 0.63125 0.8609375 0.10703125 0.08828125
1 0.4765625 0.21171875 0.1125 0.1015625
1 0.4765625 0.3484375 0.09375 0.075
1 0.478125 0.4953125 0.096875 0.1015625
1 0.471875 0.64375 0.103125 0.08046875
1 0.48203125 0.790625 0.1140625 0.0953125
1 0.3109375 0.86015625 0.1125 0.09296875
1 0.321875 0.7234375 0.11484375 0.0953125
1 0.3265625 0.56796875 0.11953125 0.08359375
1 0.3234375 0.428125 0.1046875 0.09140625
1 0.32578125 0.2765625 0.09453125 0.08984375
1 0.178125 0.18984375 0.11171875 0.103125
1 0.03828125 0.1328125 0.0765625 0.10390625
1 0.03203125 0.26953125 0.0640625 0.0828125
1 0.03203125 0.42109375 0.0640625 0.0546875
1 0.171875 0.34140625 0.1171875 0.09765625
1 0.17109375 0.49921875 0.1140625 0.0890625
1 0.16640625 0.6359375 0.125 0.0828125
1 0.03203125 0.56953125 0.0640625 0.0765625
1 0.03984375 0.71640625 0.07890625 0.08515625
1 0.0265625 0.85859375 0.053125 0.0875
1 0.1671875 0.790625 0.109375 0.0875