1 0.87578125 0.96171875 0.1109375 0.07578125
1 0.6875 0.88203125 0.10078125 0.07734375
1 0.5296875 0.95859375 0.11328125 0.07734375
1 0.35703125 0.87109375 0.109375 0.08828125
1 0.18984375 0.96484375 0.1234375 0.0703125
1 0.04140625 0.88125 0.0828125 0.0953125
1 0.0453125 0.72890625 0.090625 0.11015625
1 0.04140625 0.57265625 0.0828125 0.08046875
1 0.04296875 0.40625 0.08515625 0.09296875
1 0.03984375 0.25625 0.0796875 0.1
1 0.04140625 0.11796875 0.0828125 0.08515625
1 0.1890625 0.16484375 0.10703125 0.08828125
1 0.20546875 0.33359375 0.115625 0.08984375
1 0.2078125 0.49140625 0.10078125 0.09296875
1 0.2 0.64140625 0.109375 0.10078125
1 0.1953125 0.80078125 0.11953125 0.096875
1 0.365625 0.728125 0.13125 0.103125
1 0.37734375 0.57109375 0.10546875 0.09453125
1 0.3640625 0.41171875 0.1234375 0.1140625
1 0.359375 0.2546875 0.11796875 0.103125
1 0.3671875 0.11171875 0.11328125 0.09375
1 0.53125 0.8 0.11953125 0.1078125
1 0.53125 0.65546875 0.09921875 0.07890625
1 0.52890625 0.49921875 0.103125 0.1078125
1 0.5359375 0.34140625 0.109375 0.08515625
1 0.52578125 0.1859375 0.12109375 0.10078125
1 0.70703125 0.1125 0.11953125 0.0984375
1 0.6953125 0.2578125 0.121875 0.10078125
1 0.68984375 0.42265625 0.12734375 0.08828125
1 0.69375 0.5703125 0.1109375 0.096875
1 0.690625 0.73125 0.10078125 0.0953125
1 0.84765625 0.8234375 0.11796875 0.109375
1 0.978125 0.88515625 0.04375 0.1109375
1 0.984375 0.7390625 0.03125 0.0875
1 0.984375 0.57890625 0.03125 0.0578125
1 0.8546875 0.6625 0.125 0.10390625
1 0.8546875 0.49453125 0.12109375 0.09453125
1 0.8609375 0.35 0.13203125 0.0875
1 0.984375 0.421875 0.03125 0.08125
1 0.9765625 0.265625 0.046875 0.090625
1 0.990625 0.1140625 0.01875 0.09296875
1 0.859375 0.1859375 0.115625 0.09296875