1 0.96015625 0.97109375 0.0796875 0.0578125
1 0.9609375 0.8171875 0.07734375 0.07421875
1 0.95703125 0.6703125 0.0859375 0.090625
1 0.9546875 0.5265625 0.090625 0.078125
1 0.959375 0.3609375 0.08125 0.10078125
1 0.95625 0.21484375 0.0875 0.07890625
1 0.96171875 0.06328125 0.0765625 0.1
1 0.7890625 0.9046875 0.1046875 0.09765625
1 0.7859375 0.7375 0.09765625 0.1
1 0.78671875 0.5828125 0.10078125 0.09375
1 0.79453125 0.44765625 0.1015625 0.08203125
1 0.7828125 0.296875 0.11328125 0.08984375
1 0.8 0.13515625 0.1171875 0.08046875
1 0.625 0.96953125 0.11796875 0.0609375
1 0.6203125 0.8171875 0.125 0.1
1 0.6234375 0.6640625 0.11796875 0.09140625
1 0.64140625 0.5171875 0.11171875 0.07890625
1 0.634375 0.37734375 0.11328125 0.07578125
1 0.47265625 0.1296875 0.096875 0.09765625
1 0.48203125 0.44296875 0.103125 0.08359375
1 0.45703125 0.59375 0.11171875 0.08828125
1 0.45 0.75546875 0.0953125 0.07421875
1 0.4640625 0.8953125 0.103125 0.09296875
1 0.30546875 0.96640625 0.0890625 0.0671875
1 0.309375 0.8234375 0.10703125 0.084375
1 0.30234375 0.52109375 0.090625 0.08203125
1 0.31796875 0.3625 0.121875 0.0953125
1 0.32734375 0.2171875 0.1171875 0.09375
1 0.3203125 0.0640625 0.12578125 0.090625
1 0.1625 0.140625 0.11953125 0.09296875
1 0.153125 0.2859375 0.1171875 0.08984375
1 0.15546875 0.440625 0.1171875 0.09296875
1 0.15078125 0.8953125 0.096875 0.08203125
1 0.02578125 0.83359375 0.05078125 0.08671875
1 0.02734375 0.684375 0.0546875 0.103125
1 0.02421875 0.525 0.0484375 0.07578125
1 0.02890625 0.378125 0.05703125 0.0875
1 0.0234375 0.22421875 0.046875 0.0984375
1 0.02265625 0.05859375 0.0453125 0.1171875
1 0.01953125 0.97109375 0.0390625 0.0578125