1 0.2890625 0.0640625 0.1359375 0.09375
1 0.58359375 0.0484375 0.12265625 0.08828125
1 0.7421875 0.13203125 0.11640625 0.0875
1 0.89375 0.06171875 0.11015625 0.08203125
1 0.1296875 0.27265625 0.134375 0.1046875
1 0.290625 0.19921875 0.11171875 0.08203125
1 0.42734375 0.12265625 0.12109375 0.08828125
1 0.440625 0.2796875 0.1046875 0.075
1 0.57890625 0.19765625 0.125 0.08515625
1 0.75234375 0.271875 0.10078125 0.08125
1 0.90859375 0.20078125 0.10078125 0.0765625
1 0.89453125 0.3453125 0.1140625 0.08984375
1 0.590625 0.33984375 0.11796875 0.0796875
1 0.43359375 0.42109375 0.11171875 0.0953125
1 0.12265625 0.41875 0.1140625 0.0890625
1 0.12265625 0.5578125 0.1046875 0.084375
1 0.42890625 0.5734375 0.12578125 0.0859375
1 0.5953125 0.49453125 0.12265625 0.08984375
1 0.7359375 0.42109375 0.11875 0.0921875
1 0.2734375 0.64453125 0.1140625 0.0890625
1 0.128125 0.70859375 0.1046875 0.0859375
1 0.27578125 0.78515625 0.103125 0.08203125
1 0.1203125 0.85 0.11875 0.08515625
1 0.2671875 0.4984375 0.10703125 0.0796875
1 0.89140625 0.49140625 0.1203125 0.09296875
1 0.746875 0.55546875 0.125 0.09375
1 0.59765625 0.62265625 0.13203125 0.0921875
1 0.42890625 0.70859375 0.12578125 0.09921875
1 0.89375 0.63359375 0.11640625 0.09375
1 0.73828125 0.70859375 0.10546875 0.0890625
1 0.59921875 0.77578125 0.13359375 0.10078125
1 0.74453125 0.8484375 0.128125 0.09921875
1 0.88984375 0.7796875 0.08984375 0.08125