1 0.865625 0.09296875 0.1375 0.10234375
1 0.3921875 0.03125 0.13203125 0.0625
1 0.21796875 0.09453125 0.1453125 0.09453125
1 0.06796875 0.03203125 0.12578125 0.0640625
1 0.53984375 0.090625 0.134375 0.0953125
1 0.72109375 0.171875 0.121875 0.08984375
1 0.87578125 0.24296875 0.1421875 0.09296875
1 0.54375 0.26171875 0.1125 0.0875
1 0.396875 0.178125 0.11953125 0.0890625
1 0.7265625 0.328125 0.134375 0.090625
1 0.86484375 0.40078125 0.11640625 0.08046875
1 0.5359375 0.40546875 0.1421875 0.090625
1 0.36015625 0.3390625 0.11953125 0.0828125
1 0.2234375 0.25390625 0.121875 0.0890625
1 0.0515625 0.18203125 0.103125 0.0859375
1 0.0640625 0.33125 0.128125 0.090625
1 0.22265625 0.39609375 0.12421875 0.09453125
1 0.3859375 0.49296875 0.12578125 0.0921875
1 0.71953125 0.471875 0.12421875 0.090625
1 0.86171875 0.565625 0.128125 0.0984375
1 0.71953125 0.64140625 0.128125 0.09296875
1 0.54296875 0.56796875 0.128125 0.09453125
1 0.38203125 0.6234375 0.11640625 0.0765625
1 0.21796875 0.5640625 0.1234375 0.08671875
1 0.54296875 0.71484375 0.121875 0.0921875
1 0.878125 0.71015625 0.1359375 0.11328125
1 0.7140625 0.796875 0.128125 0.0984375
1 0.87421875 0.87734375 0.14375 0.10234375
1 0.72421875 0.94765625 0.1296875 0.1046875
1 0.54375 0.87265625 0.13046875 0.1109375
1 0.39453125 0.95078125 0.13046875 0.0984375
1 0.2203125 0.7125 0.13046875 0.09921875
1 0.0578125 0.6546875 0.115625 0.09609375