1 0.071875 0.8578125 0.14375 0.12265625
1 0.0734375 0.69140625 0.146875 0.10703125
1 0.071875 0.54765625 0.14375 0.10390625
1 0.06484375 0.3765625 0.12421875 0.10390625
1 0.0625 0.21640625 0.12421875 0.109375
1 0.240625 0.9375 0.13984375 0.1078125
1 0.22734375 0.7859375 0.11875 0.09765625
1 0.22578125 0.2875 0.128125 0.11875
1 0.22265625 0.12578125 0.1390625 0.11015625
1 0.2046875 0.01328125 0.128125 0.0265625
1 0.4046875 0.8625 0.12265625 0.103125
1 0.38125 0.6921875 0.13984375 0.103125
1 0.38125 0.540625 0.14765625 0.10078125
1 0.38515625 0.38203125 0.14375 0.10625
1 0.390625 0.209375 0.1375 0.11953125
1 0.384375 0.05234375 0.121875 0.1046875
1 0.5546875 0.9421875 0.14140625 0.115625
1 0.5703125 0.77734375 0.13125 0.11015625
1 0.565625 0.61953125 0.121875 0.1078125
1 0.56484375 0.45 0.1203125 0.0953125
1 0.55859375 0.30078125 0.1046875 0.0921875
1 0.55078125 0.1296875 0.1140625 0.0921875
1 0.546875 0.01796875 0.1203125 0.0359375
1 0.72109375 0.86171875 0.11875 0.1109375
1 0.715625 0.6796875 0.11796875 0.1046875
1 0.71171875 0.53046875 0.11640625 0.0984375
1 0.7140625 0.37578125 0.12734375 0.09765625
1 0.69765625 0.07734375 0.10234375 0.1125
1 0.88671875 0.93828125 0.15078125 0.11328125
1 0.8890625 0.77421875 0.13203125 0.0953125
1 0.88515625 0.61484375 0.11484375 0.09609375
1 0.8859375 0.45703125 0.12734375 0.1046875
1 0.88984375 0.2921875 0.1390625 0.11015625
1 0.8890625 0.12578125 0.12421875 0.09921875
1 0.88203125 0.01484375 0.1203125 0.0296875
1 0.06875 0.98671875 0.1375 0.0265625