1 0.07109375 0.16015625 0.1296875 0.096875
1 0.071875 0.29765625 0.14375 0.10078125
1 0.07265625 0.44296875 0.1453125 0.1
1 0.06953125 0.5859375 0.134375 0.0921875
1 0.06875 0.734375 0.12578125 0.084375
1 0.06328125 0.87578125 0.12265625 0.08984375
1 0.23828125 0.08125 0.1375 0.1203125
1 0.225 0.2203125 0.10546875 0.10078125
1 0.23359375 0.51015625 0.1234375 0.0921875
1 0.2296875 0.665625 0.11171875 0.08359375
1 0.22578125 0.80859375 0.1078125 0.0875
1 0.22734375 0.9484375 0.11015625 0.08828125
1 0.39375 0.159375 0.09609375 0.11171875
1 0.3859375 0.29609375 0.1078125 0.09296875
1 0.3828125 0.44453125 0.09609375 0.084375
1 0.3953125 0.6 0.1140625 0.09921875
1 0.38828125 0.87578125 0.096875 0.08984375
1 0.5296875 0.07734375 0.09921875 0.09609375
1 0.53046875 0.21328125 0.10546875 0.08984375
1 0.5296875 0.3703125 0.09453125 0.08984375
1 0.5265625 0.51484375 0.12265625 0.09765625
1 0.5359375 0.66875 0.1125 0.08984375
1 0.52578125 0.8140625 0.096875 0.08515625
1 0.53203125 0.95 0.0984375 0.0828125
1 0.69453125 0.14375 0.11875 0.096875
1 0.6921875 0.0203125 0.11953125 0.040625
1 0.6921875 0.29375 0.1171875 0.0953125
1 0.67890625 0.42421875 0.12734375 0.09140625
1 0.6875 0.57890625 0.125 0.09765625
1 0.6859375 0.7296875 0.1078125 0.1078125
1 0.68359375 0.87890625 0.09609375 0.09296875
1 0.8375 0.08515625 0.1125 0.08359375
1 0.821875 0.22265625 0.1078125 0.0890625
1 0.8234375 0.36875 0.1140625 0.09140625
1 0.83359375 0.51328125 0.11953125 0.0953125
1 0.8234375 0.653125 0.12265625 0.10078125
1 0.8234375 0.81015625 0.096875 0.1
1 0.82109375 0.953125 0.103125 0.0890625
1 0.965625 0.88671875 0.06796875 0.1078125
1 0.95078125 0.73671875 0.0984375 0.10546875