1 0.06796875 0.025 0.1359375 0.05
1 0.07109375 0.15078125 0.1421875 0.10859375
1 0.06953125 0.3109375 0.1390625 0.10703125
1 0.06640625 0.4765625 0.1328125 0.13203125
1 0.0671875 0.6140625 0.13359375 0.084375
1 0.0671875 0.78125 0.13359375 0.096875
1 0.0640625 0.9484375 0.128125 0.1
1 0.2359375 0.06796875 0.13359375 0.10625
1 0.2328125 0.21640625 0.1140625 0.096875
1 0.21796875 0.38203125 0.1140625 0.10546875
1 0.2171875 0.54609375 0.115625 0.09453125
1 0.215625 0.7109375 0.10625 0.09140625
1 0.21796875 0.87265625 0.09921875 0.096875
1 0.40859375 0.0125 0.11640625 0.025
1 0.4 0.15859375 0.1125 0.0921875
1 0.3890625 0.32109375 0.12734375 0.08828125
1 0.38125 0.471875 0.121875 0.0984375
1 0.38203125 0.63125 0.13359375 0.08984375
1 0.38984375 0.784375 0.1234375 0.0953125
1 0.39375 0.95234375 0.1140625 0.09453125
1 0.56875 0.225 0.1140625 0.103125
1 0.5546875 0.4015625 0.121875 0.10546875
1 0.55546875 0.55078125 0.115625 0.10078125
1 0.55859375 0.721875 0.115625 0.0921875
1 0.5578125 0.865625 0.1140625 0.09453125
1 0.73046875 0.025 0.11171875 0.04921875
1 0.7234375 0.29140625 0.1328125 0.0859375
1 0.725 0.48046875 0.1296875 0.0984375
1 0.734375 0.64140625 0.1140625 0.0921875
1 0.71953125 0.80078125 0.115625 0.08828125
1 0.721875 0.94140625 0.1078125 0.08671875
1 0.8828125 0.08828125 0.1140625 0.0828125
1 0.88203125 0.21328125 0.1140625 0.08671875
1 0.896875 0.3828125 0.1203125 0.103125
1 0.8859375 0.55625 0.121875 0.096875
1 0.8921875 0.709375 0.1078125 0.0890625
1 0.90625 0.875 0.10078125 0.0796875