1 0.07421875 0.8703125 0.13359375 0.115625
1 0.23515625 0.9546875 0.14296875 0.090625
1 0.58828125 0.95234375 0.1484375 0.0953125
1 0.93515625 0.95234375 0.12890625 0.0953125
1 0.77109375 0.87578125 0.14296875 0.10234375
1 0.421875 0.8671875 0.1484375 0.11875
1 0.58828125 0.79296875 0.1484375 0.0921875
1 0.92734375 0.79296875 0.1453125 0.0953125
1 0.775 0.71640625 0.13203125 0.0859375
1 0.921875 0.63125 0.1375 0.09765625
1 0.753125 0.56796875 0.1234375 0.11171875
1 0.59375 0.6328125 0.1375 0.09453125
1 0.4171875 0.70078125 0.1359375 0.10390625
1 0.23203125 0.79453125 0.134375 0.10234375
1 0.0796875 0.7109375 0.128125 0.12109375
1 0.2328125 0.6171875 0.14453125 0.08046875
1 0.40859375 0.55234375 0.13203125 0.0984375
1 0.0734375 0.553125 0.1375 0.11015625
1 0.59453125 0.46328125 0.14609375 0.09609375
1 0.92578125 0.46328125 0.128125 0.09609375
1 0.7546875 0.37578125 0.17109375 0.09609375
1 0.928125 0.29765625 0.1359375 0.10546875
1 0.93828125 0.12578125 0.1234375 0.10859375
1 0.76875 0.0453125 0.12890625 0.090625
1 0.759375 0.2078125 0.14296875 0.1234375
1 0.5796875 0.2921875 0.13046875 0.115625
1 0.40234375 0.37109375 0.14453125 0.1203125
1 0.221875 0.45859375 0.1484375 0.12578125
1 0.07421875 0.37109375 0.1484375 0.103125
1 0.2328125 0.296875 0.1484375 0.11640625
1 0.4 0.209375 0.1765625 0.1078125
1 0.57421875 0.13671875 0.1609375 0.11328125
1 0.571875 0.0140625 0.175 0.028125
1 0.07265625 0.0515625 0.1453125 0.103125
1 0.059375 0.2203125 0.11796875 0.1
1 0.23125 0.11640625 0.1234375 0.10859375
1 0.403125 0.04921875 0.146875 0.0984375