1 0.03359375 0.06640625 0.0671875 0.1125
1 0.021875 0.23515625 0.04296875 0.10703125
1 0.03125 0.41328125 0.0625 0.10625
1 0.02265625 0.58046875 0.04453125 0.10078125
1 0.02109375 0.75390625 0.0421875 0.10390625
1 0.0265625 0.92578125 0.053125 0.1015625
1 0.17734375 0.16015625 0.128125 0.10859375
1 0.17109375 0.33046875 0.115625 0.09453125
1 0.17109375 0.49296875 0.1296875 0.11953125
1 0.1703125 0.67109375 0.128125 0.09453125
1 0.16171875 0.834375 0.12578125 0.0984375
1 0.16796875 0.9796875 0.1171875 0.040625
1 0.3515625 0.06171875 0.13515625 0.12265625
1 0.34140625 0.2375 0.11171875 0.1046875
1 0.3390625 0.40703125 0.09609375 0.09375
1 0.328125 0.56796875 0.11484375 0.1015625
1 0.34453125 0.74296875 0.1078125 0.10625
1 0.33203125 0.91484375 0.12578125 0.11953125
1 0.52109375 0.978125 0.10859375 0.04375
1 0.5234375 0.83515625 0.11875 0.10078125
1 0.5234375 0.678125 0.12578125 0.10078125
1 0.5359375 0.4890625 0.12421875 0.10703125
1 0.53828125 0.14296875 0.11875 0.1046875
1 0.71640625 0.06171875 0.12265625 0.1171875
1 0.703125 0.23828125 0.11875 0.09453125
1 0.71953125 0.4109375 0.11328125 0.1015625
1 0.71328125 0.5859375 0.128125 0.1046875
1 0.7140625 0.75234375 0.11875 0.09609375
1 0.6921875 0.92109375 0.12734375 0.1046875
1 0.89453125 0.14140625 0.10625 0.10390625
1 0.8828125 0.31171875 0.1328125 0.10625
1 0.88515625 0.496875 0.11875 0.1265625
1 0.88515625 0.66796875 0.11171875 0.1296875
1 0.88125 0.85 0.13515625 0.09921875
1 0.88984375 0.971875 0.1203125 0.05625