1 0.0328125 0.93125 0.06484375 0.07109375
1 0.03125 0.76953125 0.0625 0.07421875
1 0.0359375 0.62109375 0.071875 0.09140625
1 0.0375 0.478125 0.075 0.078125
1 0.03359375 0.3109375 0.06640625 0.1015625
1 0.03671875 0.16328125 0.07265625 0.0796875
1 0.03046875 0.03046875 0.0609375 0.0609375
1 0.19609375 0.85703125 0.1046875 0.0984375
1 0.19921875 0.6890625 0.0984375 0.10078125
1 0.19921875 0.53359375 0.10078125 0.09453125
1 0.19140625 0.39765625 0.10234375 0.0828125
1 0.20234375 0.24609375 0.1140625 0.08984375
1 0.18515625 0.0828125 0.11796875 0.08046875
1 0.3609375 0.93515625 0.11875 0.08515625
1 0.36640625 0.76953125 0.125 0.10078125
1 0.36328125 0.615625 0.11875 0.0921875
1 0.3453125 0.46796875 0.1125 0.0796875
1 0.35234375 0.3265625 0.1140625 0.0765625
1 0.51484375 0.07734375 0.096875 0.0984375
1 0.50546875 0.39296875 0.10390625 0.08359375
1 0.53046875 0.54453125 0.1125 0.0890625
1 0.53671875 0.70703125 0.09609375 0.07421875
1 0.5234375 0.84765625 0.10390625 0.09296875
1 0.68359375 0.92109375 0.08984375 0.0703125
1 0.67890625 0.77578125 0.10703125 0.08515625
1 0.6859375 0.471875 0.090625 0.0828125
1 0.6703125 0.31171875 0.12265625 0.09609375
1 0.6609375 0.165625 0.11796875 0.09453125
1 0.6671875 0.02890625 0.1265625 0.0578125
1 0.8265625 0.0890625 0.1203125 0.09296875
1 0.8359375 0.23515625 0.11796875 0.08984375
1 0.83359375 0.390625 0.11796875 0.09296875
1 0.83828125 0.84765625 0.096875 0.0828125
1 0.96875 0.78671875 0.0625 0.0859375
1 0.9671875 0.6359375 0.06484375 0.10390625
1 0.9703125 0.475 0.05859375 0.0765625
1 0.965625 0.328125 0.06875 0.0875
1 0.971875 0.17265625 0.05625 0.0984375
1 0.97265625 0.0328125 0.0546875 0.06484375
1 0.97578125 0.9390625 0.0484375 0.08828125