1 0.91640625 0.04921875 0.13515625 0.09765625
1 0.9171875 0.203125 0.12421875 0.10078125
1 0.92578125 0.375 0.13359375 0.0921875
1 0.9234375 0.51796875 0.12265625 0.08984375
1 0.9296875 0.69140625 0.12109375 0.084375
1 0.92578125 0.86015625 0.11953125 0.075
1 0.7453125 0.7734375 0.12109375 0.0953125
1 0.7578125 0.60625 0.08828125 0.07890625
1 0.75546875 0.45 0.1265625 0.0953125
1 0.7546875 0.2765625 0.0984375 0.08671875
1 0.74375 0.11953125 0.10625 0.08671875
1 0.5484375 0.046875 0.10234375 0.09375
1 0.546875 0.2140625 0.128125 0.0953125
1 0.5625 0.365625 0.1140625 0.084375
1 0.58125 0.5234375 0.11328125 0.075
1 0.57578125 0.6890625 0.10625 0.08359375
1 0.57578125 0.86953125 0.11171875 0.078125
1 0.4 0.93125 0.1171875 0.0953125
1 0.40859375 0.76015625 0.09921875 0.07890625
1 0.3984375 0.44375 0.0984375 0.07890625
1 0.390625 0.2765625 0.1078125 0.07890625
1 0.39609375 0.11171875 0.10390625 0.0859375
1 0.2234375 0.03671875 0.0984375 0.0734375
1 0.22109375 0.2 0.10625 0.08046875
1 0.23203125 0.35859375 0.11171875 0.08125
1 0.24296875 0.5140625 0.1171875 0.08125
1 0.24296875 0.68828125 0.1078125 0.08203125
1 0.2265625 0.84296875 0.12265625 0.09453125
1 0.06796875 0.92421875 0.0953125 0.0859375
1 0.06015625 0.765625 0.10390625 0.0859375
1 0.0625 0.59921875 0.10234375 0.09140625
1 0.05546875 0.43125 0.10234375 0.0734375
1 0.065625 0.2734375 0.10625 0.08984375
1 0.06875 0.096875 0.09375 0.08046875