1 0.02734375 0.0578125 0.0546875 0.090625
1 0.17421875 0.128125 0.1328125 0.09453125
1 0.346875 0.05 0.10703125 0.071875
1 0.3359375 0.21953125 0.1359375 0.1203125
1 0.54140625 0.13359375 0.12734375 0.10625
1 0.69140625 0.06328125 0.0984375 0.0765625
1 0.8671875 0.11796875 0.12890625 0.0921875
1 0.7046875 0.221875 0.121875 0.1140625
1 0.52109375 0.31484375 0.1328125 0.10078125
1 0.3390625 0.38828125 0.1109375 0.08984375
1 0.87734375 0.30078125 0.1203125 0.09296875
1 0.69375 0.39375 0.1359375 0.103125
1 0.5203125 0.46796875 0.12578125 0.0859375
1 0.17421875 0.47109375 0.11875 0.09296875
1 0.025 0.54765625 0.05 0.115625
1 0.16953125 0.6265625 0.09453125 0.0828125
1 0.3359375 0.55703125 0.12734375 0.1078125
1 0.51796875 0.63671875 0.0984375 0.0953125
1 0.70859375 0.54296875 0.12890625 0.10546875
1 0.8796875 0.459375 0.1109375 0.0953125
1 0.865625 0.61953125 0.13046875 0.11015625
1 0.709375 0.71015625 0.10703125 0.1
1 0.875 0.7984375 0.1203125 0.1203125
1 0.025 0.7234375 0.05 0.0921875
1 0.1578125 0.79296875 0.121875 0.10234375
1 0.33515625 0.72109375 0.1359375 0.1109375
1 0.52109375 0.8015625 0.1359375 0.1140625
1 0.68828125 0.88359375 0.11328125 0.08984375
1 0.85859375 0.95234375 0.1203125 0.0953125
1 0.34140625 0.88984375 0.0953125 0.07421875
1 0.02421875 0.88828125 0.0484375 0.0859375
1 0.1671875 0.95859375 0.11875 0.0828125
1 0.5109375 0.96328125 0.1 0.07265625