1 0.08828125 0.9671875 0.1453125 0.065625
1 0.08203125 0.8296875 0.1125 0.09921875
1 0.09375 0.665625 0.1265625 0.0984375
1 0.0796875 0.509375 0.1203125 0.09296875
1 0.0734375 0.34921875 0.128125 0.09609375
1 0.08515625 0.18984375 0.12421875 0.09453125
1 0.26328125 0.89921875 0.11953125 0.10078125
1 0.25703125 0.7421875 0.1078125 0.0875
1 0.25703125 0.590625 0.1203125 0.1109375
1 0.25625 0.4265625 0.11953125 0.0875
1 0.2484375 0.27421875 0.11640625 0.090625
1 0.25390625 0.1125 0.10859375 0.090625
1 0.42421875 0.9671875 0.12578125 0.065625
1 0.41484375 0.828125 0.10390625 0.09765625
1 0.4125 0.67109375 0.0890625 0.08671875
1 0.403125 0.52109375 0.10625 0.09453125
1 0.41796875 0.36015625 0.1 0.0984375
1 0.40703125 0.2 0.11640625 0.1109375
1 0.58203125 0.11484375 0.10078125 0.09296875
1 0.584375 0.27421875 0.11015625 0.09296875
1 0.584375 0.41953125 0.11640625 0.09296875
1 0.5953125 0.59453125 0.115625 0.09921875
1 0.59765625 0.915625 0.11015625 0.09765625
1 0.76328125 0.96875 0.1140625 0.0625
1 0.75078125 0.82734375 0.11015625 0.0875
1 0.765625 0.6671875 0.1046875 0.09453125
1 0.759375 0.50546875 0.11953125 0.09765625
1 0.7609375 0.35078125 0.11015625 0.0890625
1 0.740625 0.19453125 0.11796875 0.09765625
1 0.928125 0.9171875 0.0984375 0.09609375
1 0.9171875 0.759375 0.1234375 0.0984375
1 0.91875 0.5875 0.11015625 0.1171875
1 0.91875 0.42890625 0.10390625 0.1203125
1 0.915625 0.26015625 0.12578125 0.0921875
1 0.92421875 0.1234375 0.11171875 0.09765625