1 0.12578125 0.8734375 0.12109375 0.08828125
1 0.125 0.734375 0.09296875 0.078125
1 0.1265625 0.5734375 0.11328125 0.0953125
1 0.1125 0.415625 0.10546875 0.0953125
1 0.12890625 0.2515625 0.10546875 0.09140625
1 0.30703125 0.9359375 0.109375 0.08203125
1 0.28203125 0.80859375 0.09765625 0.078125
1 0.290625 0.6390625 0.09921875 0.08515625
1 0.2984375 0.48515625 0.096875 0.084375
1 0.29609375 0.3359375 0.12265625 0.08828125
1 0.29375 0.17265625 0.10859375 0.09375
1 0.46015625 0.87265625 0.11875 0.0859375
1 0.446875 0.72578125 0.09765625 0.078125
1 0.4546875 0.57890625 0.10859375 0.08125
1 0.4515625 0.42421875 0.1171875 0.10078125
1 0.44453125 0.265625 0.1109375 0.0875
1 0.45078125 0.0984375 0.11875 0.0859375
1 0.61640625 0.95703125 0.09765625 0.0734375
1 0.61484375 0.8015625 0.1109375 0.07578125
1 0.6296875 0.6515625 0.096875 0.084375
1 0.625 0.48125 0.1109375 0.090625
1 0.615625 0.3359375 0.109375 0.0890625
1 0.621875 0.17578125 0.1125 0.09375
1 0.77421875 0.86328125 0.1171875 0.08828125
1 0.77890625 0.71015625 0.1171875 0.0890625
1 0.78125 0.575 0.109375 0.08515625
1 0.7734375 0.41171875 0.1234375 0.10390625
1 0.77265625 0.25703125 0.10859375 0.09375
1 0.7875 0.096875 0.1171875 0.0890625
1 0.946875 0.1734375 0.1046875 0.09140625
1 0.9421875 0.325 0.1125 0.096875
1 0.9390625 0.478125 0.12109375 0.0890625
1 0.94140625 0.640625 0.10703125 0.08203125
1 0.9421875 0.78671875 0.115625 0.1046875
1 0.94765625 0.94296875 0.1015625 0.08125