1 0.1921875 0.959375 0.13359375 0.08125
1 0.18984375 0.828125 0.1375 0.103125
1 0.03828125 0.75703125 0.0765625 0.0796875
1 0.0390625 0.58515625 0.078125 0.1046875
1 0.03828125 0.4328125 0.0765625 0.090625
1 0.03359375 0.1125 0.06640625 0.103125
1 0.18125 0.17265625 0.1125 0.1015625
1 0.34921875 0.10625 0.11640625 0.0984375
1 0.3515625 0.2765625 0.11640625 0.0859375
1 0.35390625 0.425 0.13125 0.0890625
1 0.353125 0.6046875 0.11875 0.0765625
1 0.18359375 0.50703125 0.1203125 0.08671875
1 0.1796875 0.65546875 0.12265625 0.0828125
1 0.1765625 0.34140625 0.1296875 0.09140625
1 0.35703125 0.74765625 0.1203125 0.10078125
1 0.35625 0.90390625 0.1125 0.07734375
1 0.5328125 0.953125 0.10703125 0.0921875
1 0.5265625 0.81328125 0.1390625 0.08125
1 0.52890625 0.65390625 0.13125 0.0859375
1 0.52734375 0.51328125 0.1203125 0.0859375
1 0.521875 0.359375 0.13515625 0.10078125
1 0.521875 0.1859375 0.1125 0.09296875
1 0.68046875 0.1046875 0.10234375 0.08359375
1 0.6953125 0.415625 0.11484375 0.08125
1 0.678125 0.5765625 0.10625 0.0796875
1 0.69140625 0.73203125 0.10234375 0.075
1 0.86484375 0.9625 0.09296875 0.075
1 0.85234375 0.66484375 0.12265625 0.08984375
1 0.853125 0.50859375 0.1390625 0.09453125
1 0.85078125 0.34609375 0.1203125 0.09140625
1 0.84609375 0.196875 0.09453125 0.08359375