1 0.628125 0.665625 0.14921875 0.1203125
1 0.80859375 0.75390625 0.1421875 0.1234375
1 0.27421875 0.9796875 0.1546875 0.040625
1 0.11484375 0.9171875 0.1609375 0.10625
1 0.2890625 0.84140625 0.14375 0.10625
1 0.1203125 0.7421875 0.146875 0.1140625
1 0.28359375 0.6765625 0.1421875 0.1125
1 0.2796875 0.5046875 0.1359375 0.10390625
1 0.46015625 0.58984375 0.1171875 0.1015625
1 0.6265625 0.98125 0.1125 0.0375
1 0.4625 0.91796875 0.1140625 0.0890625
1 0.615625 0.515625 0.10859375 0.08125
1 0.62265625 0.8421875 0.12109375 0.09765625
1 0.12578125 0.5921875 0.125 0.09296875
1 0.11953125 0.434375 0.134375 0.09765625
1 0.4515625 0.75703125 0.11953125 0.08671875
1 0.8 0.9203125 0.11796875 0.0875
1 0.95 0.98359375 0.09921875 0.0328125
1 0.953125 0.83671875 0.09375 0.0890625
1 0.95078125 0.675 0.0984375 0.0921875
1 0.45546875 0.4265625 0.11328125 0.0890625
1 0.11875 0.2703125 0.12109375 0.0828125
1 0.28671875 0.18671875 0.103125 0.075
1 0.10703125 0.10390625 0.11953125 0.07734375
1 0.4640625 0.27578125 0.125 0.096875
1 0.61796875 0.3515625 0.1171875 0.0953125
1 0.80234375 0.43671875 0.12109375 0.0828125
1 0.9484375 0.5109375 0.103125 0.0875
1 0.27734375 0.0453125 0.13984375 0.0828125
1 0.453125 0.10234375 0.12109375 0.0828125
1 0.62109375 0.19140625 0.125 0.0953125
1 0.78828125 0.26328125 0.12109375 0.09140625
1 0.946875 0.34296875 0.10625 0.0953125
1 0.61953125 0.0390625 0.1234375 0.078125
1 0.79140625 0.1078125 0.11796875 0.0859375
1 0.94296875 0.18671875 0.1140625 0.09453125
1 0.94765625 0.03515625 0.1046875 0.0703125
1 0.28671875 0.3109375 0.125 0.09140625