1 0.125 0.12890625 0.1359375 0.096875
1 0.27578125 0.059375 0.159375 0.10703125
1 0.57578125 0.059375 0.14140625 0.09609375
1 0.88046875 0.059375 0.13671875 0.0953125
1 0.7421875 0.13515625 0.13671875 0.09609375
1 0.58125 0.2046875 0.134375 0.1
1 0.4515625 0.1421875 0.13828125 0.08515625
1 0.278125 0.1921875 0.13671875 0.08984375
1 0.14140625 0.2828125 0.128125 0.1078125
1 0.2671875 0.35625 0.134375 0.09375
1 0.43125 0.28671875 0.1140625 0.09609375
1 0.57421875 0.3625 0.134375 0.1
1 0.734375 0.2765625 0.1453125 0.09765625
1 0.88828125 0.2015625 0.12578125 0.103125
1 0.884375 0.35234375 0.125 0.10078125
1 0.88671875 0.4984375 0.10546875 0.0828125
1 0.74140625 0.421875 0.11171875 0.1015625
1 0.74765625 0.5671875 0.11640625 0.10546875
1 0.8890625 0.640625 0.11875 0.10859375
1 0.89765625 0.7796875 0.1140625 0.084375
1 0.89140625 0.8859375 0.134375 0.0921875
1 0.74296875 0.7234375 0.12578125 0.0921875
1 0.58203125 0.50078125 0.14296875 0.1046875
1 0.43125 0.440625 0.12578125 0.1140625
1 0.12421875 0.43125 0.1125 0.09296875
1 0.271875 0.50078125 0.11640625 0.1046875
1 0.42734375 0.57734375 0.128125 0.103125
1 0.5609375 0.640625 0.13828125 0.1015625
1 0.5765625 0.78359375 0.125 0.10546875
1 0.27265625 0.65 0.14296875 0.10078125
1 0.11953125 0.57421875 0.13359375 0.09609375
1 0.121875 0.71640625 0.159375 0.1078125
1 0.2625 0.79609375 0.15234375 0.10859375
1 0.4234375 0.87109375 0.128125 0.10703125
1 0.265625 0.89375 0.13359375 0.10390625
1 0.12109375 0.86171875 0.12578125 0.09375