1 0.93828125 0.94140625 0.1234375 0.1171875
1 0.93515625 0.77734375 0.11328125 0.11171875
1 0.946875 0.64296875 0.1 0.09609375
1 0.94765625 0.46171875 0.1046875 0.0921875
1 0.9375 0.284375 0.125 0.121875
1 0.9421875 0.12578125 0.11484375 0.09296875
1 0.7515625 0.86640625 0.1078125 0.09296875
1 0.76328125 0.69296875 0.1109375 0.0875
1 0.76015625 0.5375 0.1078125 0.08984375
1 0.76640625 0.3703125 0.10546875 0.08828125
1 0.7703125 0.20546875 0.1109375 0.0796875
1 0.7625 0.04375 0.10390625 0.0875
1 0.58046875 0.93515625 0.09453125 0.0765625
1 0.5921875 0.78671875 0.12578125 0.09609375
1 0.58984375 0.61953125 0.1125 0.0953125
1 0.59140625 0.45234375 0.1078125 0.10703125
1 0.584375 0.28046875 0.12734375 0.0859375
1 0.5921875 0.1265625 0.10703125 0.08046875
1 0.41484375 0.86484375 0.1109375 0.08984375
1 0.4234375 0.696875 0.10546875 0.090625
1 0.4234375 0.36875 0.1421875 0.10625
1 0.4359375 0.19453125 0.1078125 0.06875
1 0.40703125 0.03984375 0.1328125 0.0796875
1 0.25234375 0.121875 0.10546875 0.090625
1 0.2453125 0.45234375 0.128125 0.08203125
1 0.25546875 0.609375 0.109375 0.09140625
1 0.25625 0.79140625 0.09296875 0.071875
1 0.246875 0.93984375 0.09609375 0.08046875
1 0.07421875 0.9921875 0.09765625 0.015625
1 0.06015625 0.85625 0.1203125 0.0828125
1 0.0703125 0.68671875 0.10546875 0.08515625
1 0.0625 0.53046875 0.1109375 0.08828125
1 0.0703125 0.36484375 0.1015625 0.0953125
1 0.07109375 0.196875 0.09609375 0.08515625
1 0.07578125 0.0421875 0.1 0.084375