1 0.1421875 0.13984375 0.12734375 0.0953125
1 0.58125 0.06953125 0.12265625 0.084375
1 0.74296875 0.140625 0.134375 0.0875
1 0.88203125 0.06953125 0.11640625 0.0859375
1 0.44453125 0.1375 0.125 0.08828125
1 0.2765625 0.2125 0.1125 0.08359375
1 0.13359375 0.27890625 0.13203125 0.0859375
1 0.440625 0.29609375 0.1046875 0.08125
1 0.5765625 0.21875 0.11015625 0.0828125
1 0.27109375 0.35703125 0.125 0.084375
1 0.14375 0.425 0.1078125 0.075
1 0.4484375 0.42890625 0.13203125 0.084375
1 0.6109375 0.36796875 0.11015625 0.0765625
1 0.7375 0.2890625 0.1125 0.0828125
1 0.90234375 0.2234375 0.103125 0.08046875
1 0.8875 0.3609375 0.12109375 0.084375
1 0.73828125 0.42109375 0.115625 0.0875
1 0.58671875 0.51015625 0.11640625 0.08515625
1 0.278125 0.490625 0.115625 0.084375
1 0.14609375 0.57734375 0.11875 0.09140625
1 0.278125 0.64765625 0.11875 0.0859375
1 0.44140625 0.5796875 0.11875 0.0875
1 0.590625 0.63125 0.1078125 0.07109375
1 0.74296875 0.57578125 0.1140625 0.08046875
1 0.44140625 0.71640625 0.1125 0.08515625
1 0.13046875 0.71171875 0.12578125 0.1046875
1 0.28359375 0.7921875 0.11875 0.09140625
1 0.134375 0.86640625 0.13359375 0.0953125
1 0.2734375 0.9359375 0.1203125 0.10390625
1 0.440625 0.8625 0.12109375 0.103125
1 0.5796875 0.93671875 0.12109375 0.0953125
1 0.740625 0.7140625 0.12109375 0.0921875
1 0.8921875 0.66015625 0.1078125 0.0890625