1 0.940625 0.91796875 0.11796875 0.103125
1 0.93984375 0.76875 0.11953125 0.09765625
1 0.946875 0.60703125 0.10625 0.1140625
1 0.95 0.4484375 0.09921875 0.09453125
1 0.94453125 0.296875 0.1109375 0.1078125
1 0.94609375 0.13359375 0.1078125 0.0875
1 0.95546875 0.01796875 0.0890625 0.0359375
1 0.796875 0.9859375 0.11875 0.028125
1 0.78828125 0.68125 0.11328125 0.09296875
1 0.79296875 0.52890625 0.11171875 0.084375
1 0.8 0.36875 0.11171875 0.1140625
1 0.7890625 0.20703125 0.1015625 0.09453125
1 0.796875 0.05390625 0.109375 0.1078125
1 0.62890625 0.91015625 0.109375 0.09375
1 0.6328125 0.75078125 0.11484375 0.08984375
1 0.61953125 0.5953125 0.11953125 0.09375
1 0.62578125 0.446875 0.10703125 0.08828125
1 0.6453125 0.30078125 0.0890625 0.06796875
1 0.62578125 0.1265625 0.103125 0.08359375
1 0.63671875 0.01171875 0.0984375 0.0234375
1 0.4609375 0.98203125 0.10546875 0.0359375
1 0.46171875 0.83046875 0.1046875 0.08671875
1 0.47421875 0.6921875 0.10078125 0.07890625
1 0.47734375 0.53359375 0.09921875 0.06875
1 0.4640625 0.3796875 0.10078125 0.084375
1 0.47109375 0.215625 0.115625 0.09140625
1 0.4671875 0.05859375 0.10703125 0.07890625
1 0.31015625 0.91953125 0.0953125 0.07421875
1 0.30859375 0.76640625 0.1015625 0.07578125
1 0.3078125 0.60625 0.115625 0.08125
1 0.3078125 0.453125 0.1109375 0.08203125
1 0.30625 0.303125 0.10078125 0.08359375
1 0.30703125 0.15 0.125 0.0984375
1 0.3203125 0.0140625 0.11171875 0.028125
1 0.14765625 0.83359375 0.11328125 0.08203125
1 0.15078125 0.68671875 0.10703125 0.078125
1 0.14453125 0.528125 0.103125 0.0875
1 0.14921875 0.37265625 0.10546875 0.09296875
1 0.1546875 0.22265625 0.0953125 0.07578125
1 0.14140625 0.0671875 0.096875 0.08515625
1 0.0203125 0.90703125 0.040625 0.09375
1 0.015625 0.75546875 0.03046875 0.09140625
1 0.0125 0.609375 0.025 0.096875
1 0.015625 0.44453125 0.03046875 0.10078125
1 0.0140625 0.29921875 0.028125 0.08984375
1 0.0171875 0.1390625 0.034375 0.07890625