1 0.41328125 0.07734375 0.1234375 0.1
1 0.725 0.08203125 0.12578125 0.09921875
1 0.89296875 0.1578125 0.11953125 0.08984375
1 0.5859375 0.159375 0.13046875 0.09296875
1 0.271875 0.165625 0.13203125 0.0890625
1 0.1125 0.23203125 0.13046875 0.0921875
1 0.26796875 0.30234375 0.11953125 0.09296875
1 0.4265625 0.22578125 0.11015625 0.08984375
1 0.5859375 0.30546875 0.09609375 0.08125
1 0.725 0.23203125 0.1046875 0.08984375
1 0.884375 0.3125 0.12265625 0.08828125
1 0.1171875 0.38046875 0.1078125 0.08515625
1 0.41796875 0.37421875 0.09609375 0.0796875
1 0.2734375 0.453125 0.103125 0.08515625
1 0.1203125 0.52734375 0.13046875 0.0875
1 0.42578125 0.51328125 0.11953125 0.0859375
1 0.2671875 0.59375 0.12578125 0.08984375
1 0.11328125 0.6734375 0.14140625 0.10390625
1 0.2703125 0.74453125 0.125 0.08515625
1 0.42265625 0.671875 0.1140625 0.08359375
1 0.58828125 0.59140625 0.109375 0.084375
1 0.57890625 0.44375 0.11875 0.08359375
1 0.7171875 0.3640625 0.1171875 0.0921875
1 0.896875 0.44296875 0.11953125 0.09140625
1 0.72421875 0.525 0.1125 0.0859375
1 0.8875 0.59921875 0.12109375 0.08984375
1 0.71875 0.66796875 0.12265625 0.096875
1 0.5734375 0.7359375 0.11171875 0.0921875
1 0.42421875 0.81640625 0.11171875 0.08125
1 0.1078125 0.81328125 0.14375 0.09375
1 0.2765625 0.88046875 0.11640625 0.09296875
1 0.1203125 0.94921875 0.12265625 0.1
1 0.42890625 0.94609375 0.11875 0.1078125
1 0.56953125 0.88359375 0.11953125 0.0875
1 0.878125 0.753125 0.125 0.08984375
1 0.7046875 0.8125 0.12734375 0.09296875
1 0.875 0.87265625 0.13046875 0.08984375
1 0.721875 0.94453125 0.12109375 0.10859375