1 0.15 0.0875 0.15 0.1109375
1 0.33046875 0.03125 0.11484375 0.0625
1 0.6640625 0.0234375 0.121875 0.04609375
1 0.8359375 0.06953125 0.109375 0.090625
1 0.9703125 0.02421875 0.05859375 0.0484375
1 0.97578125 0.16484375 0.0484375 0.1046875
1 0.66328125 0.1546875 0.11640625 0.0984375
1 0.47890625 0.09296875 0.09375 0.078125
1 0.3265625 0.1765625 0.10703125 0.08125
1 0.15625 0.24375 0.11328125 0.08984375
1 0.1546875 0.41875 0.13203125 0.096875
1 0.3171875 0.33828125 0.1125 0.08203125
1 0.48359375 0.24765625 0.12734375 0.08984375
1 0.66640625 0.3171875 0.12265625 0.08828125
1 0.83125 0.23828125 0.11328125 0.08828125
1 0.96953125 0.33984375 0.06015625 0.10234375
1 0.828125 0.421875 0.12421875 0.08828125
1 0.48984375 0.4203125 0.11796875 0.096875
1 0.66640625 0.50234375 0.10390625 0.08828125
1 0.8359375 0.56015625 0.128125 0.096875
1 0.9640625 0.48984375 0.071875 0.0984375
1 0.48125 0.5765625 0.14453125 0.096875
1 0.1484375 0.58515625 0.14140625 0.0953125
1 0.31875 0.6671875 0.121875 0.096875
1 0.6578125 0.66171875 0.13203125 0.10078125
1 0.96875 0.659375 0.0625 0.096875
1 0.82265625 0.74375 0.128125 0.10703125
1 0.9671875 0.83515625 0.065625 0.1109375
1 0.659375 0.81640625 0.1 0.07890625
1 0.48203125 0.73125 0.1015625 0.08828125
1 0.3078125 0.81796875 0.12734375 0.09921875
1 0.14765625 0.7453125 0.11875 0.10546875
1 0.1375 0.9 0.13203125 0.10234375
1 0.3078125 0.965625 0.12265625 0.06796875
1 0.4796875 0.90859375 0.12265625 0.109375
1 0.65546875 0.9609375 0.1375 0.078125
1 0.8265625 0.91015625 0.1296875 0.10390625
1 0.9609375 0.96796875 0.07734375 0.0640625