1 0.2515625 0.06015625 0.11484375 0.05546875
1 0.109375 0.125 0.1015625 0.08125
1 0.5734375 0.06328125 0.1046875 0.0578125
1 0.8640625 0.06328125 0.10546875 0.059375
1 0.4265625 0.1296875 0.0828125 0.06796875
1 0.1109375 0.2796875 0.109375 0.0765625
1 0.109375 0.42421875 0.09609375 0.07890625
1 0.10703125 0.5625 0.09453125 0.096875
1 0.2625 0.20234375 0.10546875 0.09375
1 0.26171875 0.3640625 0.10078125 0.08046875
1 0.115625 0.70546875 0.09609375 0.071875
1 0.10234375 0.86875 0.1125 0.08125
1 0.2671875 0.5046875 0.1078125 0.08984375
1 0.2625 0.63671875 0.09609375 0.07734375
1 0.25234375 0.79609375 0.0890625 0.0859375
1 0.4265625 0.27890625 0.1015625 0.08828125
1 0.425 0.43046875 0.1140625 0.08515625
1 0.42578125 0.5703125 0.1046875 0.0875
1 0.415625 0.71171875 0.0875 0.11171875
1 0.41640625 0.86171875 0.12578125 0.08125
1 0.565625 0.19921875 0.0828125 0.084375
1 0.5671875 0.35859375 0.09140625 0.08046875
1 0.5734375 0.503125 0.09609375 0.08125
1 0.55390625 0.63984375 0.103125 0.08359375
1 0.56484375 0.7921875 0.08671875 0.0875
1 0.56328125 0.93984375 0.11171875 0.0890625
1 0.728125 0.140625 0.09375 0.07734375
1 0.87578125 0.20234375 0.109375 0.075
1 0.728125 0.2828125 0.07109375 0.05546875
1 0.87265625 0.34296875 0.08984375 0.08046875
1 0.73359375 0.434375 0.06484375 0.06328125
1 0.86640625 0.4921875 0.09140625 0.07890625
1 0.72265625 0.5671875 0.06953125 0.0859375
1 0.72578125 0.70859375 0.1046875 0.07578125
1 0.878125 0.64296875 0.08671875 0.07109375
1 0.71328125 0.85234375 0.0890625 0.075
1 0.86875 0.7796875 0.07890625 0.06875
1 0.86484375 0.9171875 0.07890625 0.0765625