1 0.11328125 0.05 0.14296875 0.096875
1 0.11953125 0.19375 0.12734375 0.09375
1 0.11015625 0.34375 0.1203125 0.10546875
1 0.1109375 0.48515625 0.10546875 0.08828125
1 0.11796875 0.6203125 0.10703125 0.084375
1 0.10859375 0.77265625 0.09375 0.0796875
1 0.2609375 0.12578125 0.10546875 0.08046875
1 0.26328125 0.278125 0.10234375 0.09140625
1 0.26015625 0.41875 0.10546875 0.0765625
1 0.26328125 0.5609375 0.10546875 0.071875
1 0.23984375 0.71328125 0.0921875 0.07265625
1 0.24609375 0.85546875 0.1078125 0.0765625
1 0.41875 0.0578125 0.10546875 0.08125
1 0.40703125 0.20546875 0.08515625 0.08125
1 0.41640625 0.35234375 0.125 0.0921875
1 0.421875 0.4953125 0.1078125 0.084375
1 0.4203125 0.6484375 0.11171875 0.08828125
1 0.4109375 0.78828125 0.10546875 0.084375
1 0.56796875 0.1390625 0.07421875 0.075
1 0.55546875 0.2828125 0.1 0.0875
1 0.5609375 0.425 0.0765625 0.06484375
1 0.55859375 0.5578125 0.0875 0.09375
1 0.5578125 0.70625 0.08671875 0.07734375
1 0.54453125 0.84921875 0.09375 0.07734375
1 0.7140625 0.06171875 0.10703125 0.08515625
1 0.721875 0.20859375 0.10703125 0.078125
1 0.7203125 0.3546875 0.0875 0.0796875
1 0.7171875 0.49921875 0.10234375 0.0734375
1 0.72109375 0.640625 0.096875 0.08203125
1 0.71796875 0.79765625 0.09140625 0.0765625
1 0.86796875 0.134375 0.103125 0.06875
1 0.86875 0.27421875 0.0921875 0.08359375
1 0.85859375 0.428125 0.096875 0.0734375
1 0.85859375 0.5671875 0.09140625 0.07734375
1 0.85390625 0.7125 0.0984375 0.07109375
1 0.85078125 0.85078125 0.084375 0.07734375