1 0.0734375 0.9265625 0.121875 0.12421875
1 0.0734375 0.73046875 0.10625 0.09296875
1 0.07734375 0.565625 0.11640625 0.0984375
1 0.07265625 0.39765625 0.1109375 0.0984375
1 0.0890625 0.21796875 0.11953125 0.109375
1 0.06875 0.05546875 0.1078125 0.0984375
1 0.25859375 0.01328125 0.1546875 0.0265625
1 0.24375 0.13828125 0.13046875 0.1171875
1 0.27265625 0.2890625 0.146875 0.10234375
1 0.25234375 0.48203125 0.1203125 0.08359375
1 0.253125 0.67109375 0.13046875 0.115625
1 0.25546875 0.8375 0.13828125 0.08828125
1 0.25703125 0.98984375 0.1296875 0.01953125
1 0.43828125 0.925 0.1421875 0.08671875
1 0.4453125 0.7578125 0.128125 0.08125
1 0.4375 0.58125 0.146875 0.0953125
1 0.4421875 0.390625 0.1421875 0.09296875
1 0.44765625 0.209375 0.1203125 0.10078125
1 0.44765625 0.04921875 0.1421875 0.0984375
1 0.640625 0.97890625 0.128125 0.0421875
1 0.61640625 0.834375 0.125 0.08203125
1 0.61015625 0.65703125 0.13203125 0.084375
1 0.61171875 0.47578125 0.11171875 0.0890625
1 0.6296875 0.2890625 0.13203125 0.0984375
1 0.6234375 0.1265625 0.125 0.09140625
1 0.8015625 0.04453125 0.1234375 0.0890625
1 0.8 0.21484375 0.1109375 0.084375
1 0.81171875 0.3796875 0.11953125 0.10234375
1 0.7953125 0.58125 0.1046875 0.0859375
1 0.8015625 0.75234375 0.11171875 0.0796875
1 0.81171875 0.92734375 0.109375 0.08203125
1 0.9546875 0.98515625 0.090625 0.0296875
1 0.95234375 0.83984375 0.09453125 0.08828125
1 0.95625 0.64921875 0.0875 0.08671875
1 0.9578125 0.47734375 0.084375 0.0953125
1 0.95625 0.3078125 0.0875 0.07890625
1 0.95234375 0.14296875 0.09453125 0.08203125