1 0.77421875 0.84453125 0.11015625 0.0875
1 0.7953125 0.71796875 0.103125 0.08515625
1 0.79765625 0.57265625 0.1140625 0.09296875
1 0.80078125 0.42734375 0.12109375 0.0890625
1 0.79453125 0.29921875 0.11484375 0.096875
1 0.8015625 0.13984375 0.1375 0.10390625
1 0.634375 0.20078125 0.1140625 0.10546875
1 0.63984375 0.35859375 0.1125 0.09375
1 0.64375 0.49921875 0.096875 0.0890625
1 0.625 0.6484375 0.103125 0.09375
1 0.628125 0.79375 0.11640625 0.0859375
1 0.4859375 0.8609375 0.11953125 0.09375
1 0.49765625 0.73203125 0.11640625 0.09765625
1 0.50078125 0.575 0.12265625 0.0953125
1 0.50625 0.42890625 0.1234375 0.10078125
1 0.4984375 0.2796875 0.12734375 0.1046875
1 0.4984375 0.14296875 0.1125 0.09375
1 0.32890625 0.065625 0.125 0.084375
1 0.340625 0.20546875 0.12578125 0.103125
1 0.1953125 0.1203125 0.10703125 0.09609375
1 0.03125 0.05546875 0.0625 0.1109375
1 0.02734375 0.19609375 0.05390625 0.09140625
1 0.18828125 0.26953125 0.140625 0.0875
1 0.33046875 0.3390625 0.1015625 0.0953125
1 0.18359375 0.421875 0.11171875 0.09375
1 0.0421875 0.35859375 0.08359375 0.09140625
1 0.33828125 0.48359375 0.12109375 0.10078125
1 0.1890625 0.57578125 0.11953125 0.09296875
1 0.32578125 0.63984375 0.1125 0.0875
1 0.33125 0.80078125 0.11640625 0.096875
1 0.18984375 0.7140625 0.11484375 0.0890625
1 0.02890625 0.6359375 0.0578125 0.0953125
1 0.0359375 0.79765625 0.071875 0.10859375
1 0.0296875 0.87578125 0.059375 0.1015625
1 0.18984375 0.8484375 0.10703125 0.10390625