1 0.98125 0.9546875 0.03671875 0.090625
1 0.9765625 0.790625 0.046875 0.09375
1 0.8515625 0.8734375 0.1375 0.103125
1 0.846875 0.6875 0.11875 0.1015625
1 0.978125 0.628125 0.04375 0.103125
1 0.84921875 0.5265625 0.13203125 0.11015625
1 0.97421875 0.446875 0.05078125 0.12734375
1 0.97578125 0.275 0.0484375 0.11328125
1 0.98046875 0.1 0.0390625 0.125
1 0.859375 0.19375 0.1390625 0.12265625
1 0.8578125 0.06015625 0.13984375 0.1203125
1 0.66171875 0.94453125 0.15 0.1109375
1 0.66640625 0.7875 0.15546875 0.13046875
1 0.66484375 0.61015625 0.1625 0.11640625
1 0.65703125 0.440625 0.14609375 0.1109375
1 0.66015625 0.265625 0.15859375 0.1109375
1 0.665625 0.08359375 0.15546875 0.13515625
1 0.4828125 0.87265625 0.1390625 0.115625
1 0.48125 0.715625 0.1328125 0.11796875
1 0.49453125 0.53515625 0.1203125 0.1234375
1 0.50625 0.36640625 0.12578125 0.12265625
1 0.49609375 0.1921875 0.1234375 0.10546875
1 0.5 0.0640625 0.13984375 0.09921875
1 0.29765625 0.95078125 0.12734375 0.0984375
1 0.31015625 0.796875 0.13203125 0.10546875
1 0.30703125 0.61953125 0.1546875 0.11640625
1 0.32578125 0.4515625 0.13203125 0.10546875
1 0.31875 0.27890625 0.1375 0.1078125
1 0.3140625 0.10625 0.14765625 0.115625
1 0.11328125 0.70546875 0.1328125 0.1125
1 0.13125 0.53359375 0.134375 0.10859375
1 0.13828125 0.35390625 0.13984375 0.11640625
1 0.12734375 0.17578125 0.14609375 0.13828125