1 0.86640625 0.04375 0.1140625 0.0875
1 0.671875 0.13125 0.103125 0.0796875
1 0.51015625 0.0515625 0.11640625 0.0796875
1 0.33203125 0.1421875 0.1125 0.09140625
1 0.16015625 0.040625 0.12734375 0.08125
1 0.025 0.13203125 0.05 0.0984375
1 0.02890625 0.28828125 0.0578125 0.11328125
1 0.025 0.44921875 0.05 0.0828125
1 0.0265625 0.62109375 0.05234375 0.0953125
1 0.0234375 0.77578125 0.046875 0.1046875
1 0.025 0.91796875 0.05 0.08828125
1 0.159375 0.86953125 0.11015625 0.09140625
1 0.17578125 0.69609375 0.11875 0.0921875
1 0.17890625 0.53359375 0.103125 0.0953125
1 0.17109375 0.37890625 0.1125 0.10390625
1 0.165625 0.21484375 0.12265625 0.09921875
1 0.340625 0.2890625 0.13515625 0.10625
1 0.353125 0.4515625 0.10859375 0.09765625
1 0.3390625 0.615625 0.12734375 0.11796875
1 0.334375 0.77734375 0.121875 0.10625
1 0.3421875 0.92421875 0.11640625 0.09609375
1 0.5109375 0.215625 0.12265625 0.1109375
1 0.5109375 0.3640625 0.10234375 0.08125
1 0.509375 0.52578125 0.10625 0.1109375
1 0.51640625 0.6875 0.1125 0.08828125
1 0.50546875 0.84765625 0.12421875 0.10390625
1 0.69140625 0.9234375 0.12265625 0.1015625
1 0.6796875 0.77421875 0.12578125 0.10390625
1 0.675 0.6046875 0.13125 0.09140625
1 0.678125 0.4515625 0.1140625 0.09921875
1 0.67578125 0.2859375 0.103125 0.0984375
1 0.83671875 0.19140625 0.121875 0.1125
1 0.9734375 0.12890625 0.05234375 0.11328125
1 0.98046875 0.278125 0.0390625 0.08984375
1 0.98046875 0.44375 0.0390625 0.059375
1 0.84375 0.35703125 0.128125 0.10703125
1 0.84453125 0.5296875 0.12421875 0.09765625
1 0.85 0.67890625 0.1359375 0.08984375
1 0.98046875 0.60546875 0.0390625 0.08359375
1 0.97265625 0.765625 0.0546875 0.09296875
1 0.98671875 0.921875 0.0265625 0.0953125
1 0.8484375 0.84765625 0.11875 0.0953125