1 0.303125 0.9578125 0.1328125 0.084375
1 0.8203125 0.9015625 0.1125 0.09140625
1 0.48984375 0.88046875 0.11796875 0.08984375
1 0.1375 0.88828125 0.11796875 0.1046875
1 0.29453125 0.78515625 0.12890625 0.09921875
1 0.48671875 0.7140625 0.13046875 0.10234375
1 0.64140625 0.79765625 0.13046875 0.08984375
1 0.9609375 0.80703125 0.07734375 0.09765625
1 0.8125 0.715625 0.125 0.096875
1 0.96015625 0.63046875 0.0796875 0.1046875
1 0.64140625 0.63984375 0.12734375 0.10078125
1 0.13828125 0.71796875 0.10703125 0.08203125
1 0.29375 0.62890625 0.12734375 0.0859375
1 0.4921875 0.56015625 0.12265625 0.0859375
1 0.83671875 0.55625 0.11171875 0.08359375
1 0.65859375 0.47734375 0.125 0.0953125
1 0.3 0.47421875 0.12265625 0.1
1 0.484375 0.39921875 0.11953125 0.096875
1 0.8296875 0.38828125 0.15390625 0.0921875
1 0.65625 0.31328125 0.12265625 0.10078125
1 0.3015625 0.30078125 0.1265625 0.1046875
1 0.1484375 0.565625 0.1265625 0.0921875
1 0.15390625 0.38984375 0.1375 0.09453125
1 0.8234375 0.21796875 0.12109375 0.0921875
1 0.9703125 0.14453125 0.059375 0.0828125
1 0.66015625 0.16171875 0.11015625 0.07578125
1 0.48515625 0.228125 0.1140625 0.09453125
1 0.1421875 0.23203125 0.10703125 0.08125
1 0.8375 0.075 0.1328125 0.0890625
1 0.4890625 0.065625 0.1328125 0.0890625
1 0.309375 0.13828125 0.12265625 0.084375
1 0.140625 0.04921875 0.11015625 0.08125