1 0.8546875 0.02890625 0.128125 0.0578125
1 0.8546875 0.1578125 0.1171875 0.0953125
1 0.8625 0.3203125 0.1265625 0.0875
1 0.8609375 0.45546875 0.115625 0.08515625
1 0.86640625 0.6203125 0.11484375 0.0796875
1 0.8625 0.7796875 0.11328125 0.0703125
1 0.6921875 0.69765625 0.11484375 0.090625
1 0.70390625 0.5390625 0.08359375 0.075
1 0.7015625 0.39140625 0.11953125 0.090625
1 0.70078125 0.22734375 0.09296875 0.08203125
1 0.690625 0.078125 0.10078125 0.08203125
1 0.50546875 0.02734375 0.096875 0.05390625
1 0.5046875 0.16796875 0.12109375 0.090625
1 0.51953125 0.31171875 0.10859375 0.0796875
1 0.53671875 0.46015625 0.10703125 0.0703125
1 0.53125 0.6171875 0.10078125 0.07890625
1 0.53125 0.78828125 0.10546875 0.0734375
1 0.365625 0.846875 0.1109375 0.090625
1 0.3734375 0.684375 0.09375 0.075
1 0.3640625 0.38515625 0.09296875 0.075
1 0.35703125 0.22734375 0.1015625 0.075
1 0.36171875 0.07109375 0.09765625 0.08125
1 0.1984375 0.01796875 0.09296875 0.03515625
1 0.196875 0.1546875 0.10078125 0.07578125
1 0.20703125 0.3046875 0.10546875 0.0765625
1 0.2171875 0.4515625 0.1109375 0.0765625
1 0.2171875 0.6171875 0.1015625 0.078125
1 0.2015625 0.76328125 0.115625 0.0890625
1 0.0515625 0.83984375 0.08984375 0.08125
1 0.046875 0.6890625 0.09375 0.08125
1 0.04765625 0.5328125 0.0953125 0.0859375
1 0.04453125 0.3734375 0.0890625 0.06953125
1 0.05 0.2234375 0.09921875 0.08515625
1 0.05234375 0.0578125 0.0890625 0.07578125