1 0.19453125 0.065625 0.096875 0.0875
1 0.04765625 0.13671875 0.0953125 0.0796875
1 0.05234375 0.27734375 0.1046875 0.0796875
1 0.190625 0.20703125 0.11640625 0.0875
1 0.19453125 0.36484375 0.10078125 0.0859375
1 0.05234375 0.41484375 0.10078125 0.0875
1 0.1921875 0.50078125 0.11171875 0.09296875
1 0.05390625 0.56875 0.1078125 0.1078125
1 0.053125 0.71484375 0.10546875 0.09609375
1 0.05078125 0.8625 0.09453125 0.10546875
1 0.184375 0.78359375 0.1171875 0.10390625
1 0.18515625 0.903125 0.11875 0.11328125
1 0.3515625 0.13671875 0.12734375 0.115625
1 0.346875 0.28046875 0.13203125 0.1109375
1 0.3484375 0.43046875 0.1375 0.09921875
1 0.3546875 0.57421875 0.1234375 0.09375
1 0.35234375 0.72265625 0.134375 0.09375
1 0.34765625 0.8765625 0.13203125 0.1140625
1 0.50390625 0.06015625 0.1171875 0.10078125
1 0.50234375 0.2078125 0.1171875 0.09765625
1 0.50390625 0.340625 0.1125 0.1
1 0.49296875 0.49375 0.1015625 0.1046875
1 0.4828125 0.6375 0.10703125 0.10390625
1 0.490625 0.784375 0.1046875 0.0890625
1 0.48828125 0.89296875 0.11875 0.084375
1 0.659375 0.13359375 0.1078125 0.1
1 0.6484375 0.271875 0.11171875 0.0890625
1 0.65078125 0.42265625 0.13046875 0.09921875
1 0.63515625 0.56484375 0.11171875 0.0890625
1 0.64140625 0.71171875 0.11640625 0.09140625
1 0.6453125 0.85703125 0.125 0.09765625
1 0.803125 0.06171875 0.13203125 0.09375
1 0.815625 0.35 0.1125 0.0953125
1 0.8 0.4953125 0.1140625 0.0921875
1 0.79453125 0.64765625 0.11875 0.09921875
1 0.803125 0.7984375 0.1234375 0.1171875
1 0.95078125 0.27265625 0.0984375 0.09296875
1 0.95703125 0.42109375 0.0859375 0.0859375
1 0.9515625 0.5859375 0.096875 0.08515625
1 0.9484375 0.72578125 0.103125 0.09765625
1 0.95390625 0.8546875 0.0921875 0.08984375