1 0.875 0.8984375 0.15 0.1125
1 0.35703125 0.965625 0.14453125 0.06875
1 0.165625 0.896875 0.15859375 0.103125
1 0.0359375 0.965625 0.071875 0.06875
1 0.51796875 0.90078125 0.14765625 0.10390625
1 0.715625 0.8125 0.1328125 0.0984375
1 0.88515625 0.73359375 0.15546875 0.1015625
1 0.52265625 0.71328125 0.1234375 0.09609375
1 0.36171875 0.8046875 0.13046875 0.096875
1 0.72265625 0.64140625 0.14765625 0.09921875
1 0.8734375 0.56171875 0.12734375 0.08828125
1 0.51328125 0.55625 0.15546875 0.09921875
1 0.321875 0.62890625 0.13046875 0.090625
1 0.171875 0.721875 0.1328125 0.096875
1 0.0203125 0.80078125 0.040625 0.0953125
1 0.034375 0.6375 0.06796875 0.09921875
1 0.17109375 0.56640625 0.1359375 0.103125
1 0.35 0.4609375 0.1375 0.10078125
1 0.71484375 0.48359375 0.1359375 0.09921875
1 0.8703125 0.38125 0.13984375 0.1078125
1 0.71484375 0.2984375 0.13984375 0.1015625
1 0.52109375 0.37890625 0.13984375 0.103125
1 0.3453125 0.31796875 0.12734375 0.08359375
1 0.165625 0.38359375 0.134375 0.0953125
1 0.52109375 0.21796875 0.1328125 0.10078125
1 0.88828125 0.2234375 0.1484375 0.1234375
1 0.70859375 0.128125 0.13984375 0.1078125
1 0.884375 0.0484375 0.15703125 0.096875
1 0.5234375 0.053125 0.14296875 0.10625
1 0.16875 0.22109375 0.14296875 0.10859375
1 0.02734375 0.284375 0.0546875 0.10625