1 0.171875 0.09921875 0.128125 0.11796875
1 0.1765625 0.2390625 0.125 0.10390625
1 0.16796875 0.38671875 0.11640625 0.1078125
1 0.17265625 0.5390625 0.1140625 0.103125
1 0.1765625 0.68203125 0.125 0.09375
1 0.16875 0.8125 0.1171875 0.0953125
1 0.16875 0.96015625 0.1125 0.0796875
1 0.02734375 0.16875 0.05390625 0.09296875
1 0.0265625 0.30859375 0.053125 0.08828125
1 0.0203125 0.45234375 0.040625 0.08359375
1 0.02890625 0.59609375 0.04921875 0.109375
1 0.0234375 0.75234375 0.046875 0.09765625
1 0.02265625 0.90703125 0.0453125 0.1078125
1 0.33515625 0.03359375 0.09140625 0.0640625
1 0.325 0.171875 0.103125 0.1015625
1 0.32578125 0.315625 0.11640625 0.09765625
1 0.32890625 0.45546875 0.11171875 0.08359375
1 0.325 0.60078125 0.11015625 0.11796875
1 0.3234375 0.74609375 0.1078125 0.0859375
1 0.31796875 0.89296875 0.109375 0.10546875
1 0.4890625 0.1046875 0.11875 0.103125
1 0.47578125 0.23984375 0.1046875 0.075
1 0.478125 0.38515625 0.11640625 0.09140625
1 0.478125 0.5296875 0.11015625 0.10390625
1 0.48359375 0.68828125 0.09453125 0.08984375
1 0.4859375 0.82109375 0.11171875 0.09375
1 0.49453125 0.96171875 0.11015625 0.0765625
1 0.63984375 0.0296875 0.0859375 0.059375
1 0.628125 0.18125 0.109375 0.08125
1 0.625 0.309375 0.103125 0.08125
1 0.63984375 0.4703125 0.11640625 0.0890625
1 0.6390625 0.75 0.12734375 0.09921875
1 0.625 0.9 0.11171875 0.08984375
1 0.78671875 0.0890625 0.11484375 0.09140625
1 0.79140625 0.25078125 0.11953125 0.08828125
1 0.78359375 0.39453125 0.10078125 0.08515625
1 0.7796875 0.5234375 0.11484375 0.08359375
1 0.77578125 0.67109375 0.10078125 0.1125
1 0.7859375 0.81796875 0.109375 0.0875
1 0.7875 0.96015625 0.09375 0.0796875
1 0.92421875 0.03671875 0.096875 0.07265625
1 0.93671875 0.171875 0.08359375 0.0953125
1 0.94296875 0.31328125 0.11171875 0.08515625
1 0.93671875 0.4625 0.11953125 0.09140625
1 0.9390625 0.61875 0.12109375 0.103125
1 0.94140625 0.75625 0.1171875 0.084375
1 0.940625 0.89453125 0.11875 0.08515625