1 0.9640625 0.0390625 0.071875 0.078125
1 0.9625 0.19140625 0.075 0.115625
1 0.9640625 0.346875 0.071875 0.1125
1 0.9734375 0.53125 0.053125 0.1125
1 0.97421875 0.70390625 0.05078125 0.11796875
1 0.8375 0.0890625 0.12890625 0.10546875
1 0.8390625 0.62734375 0.1390625 0.128125
1 0.84296875 0.80234375 0.15 0.11875
1 0.8609375 0.95546875 0.1390625 0.0890625
1 0.64609375 0.03125 0.1328125 0.06171875
1 0.6703125 0.190625 0.1515625 0.1109375
1 0.6703125 0.3546875 0.16015625 0.10859375
1 0.6671875 0.525 0.15546875 0.1140625
1 0.6609375 0.71171875 0.1484375 0.12890625
1 0.6671875 0.884375 0.1328125 0.11640625
1 0.46640625 0.0984375 0.14140625 0.11875
1 0.471875 0.26875 0.13203125 0.11640625
1 0.47265625 0.45234375 0.13046875 0.103125
1 0.47890625 0.61328125 0.11328125 0.09921875
1 0.48828125 0.7984375 0.1234375 0.09921875
1 0.4921875 0.94921875 0.13125 0.1015625
1 0.30390625 0.03359375 0.12890625 0.0671875
1 0.30859375 0.20390625 0.12734375 0.11328125
1 0.3140625 0.36484375 0.12578125 0.10625
1 0.3109375 0.53203125 0.1375 0.10546875
1 0.32890625 0.8546875 0.11015625 0.12109375
1 0.121875 0.1015625 0.14296875 0.103125
1 0.12578125 0.27421875 0.125 0.10390625
1 0.125 0.44453125 0.1375 0.11328125
1 0.1203125 0.62265625 0.15 0.11875
1 0.12109375 0.80234375 0.134375 0.1078125
1 0.12890625 0.953125 0.13046875 0.09375