1 0.078125 0.071875 0.1234375 0.09140625
1 0.0796875 0.2109375 0.11640625 0.0828125
1 0.07890625 0.36171875 0.10546875 0.0859375
1 0.07578125 0.52109375 0.09140625 0.08125
1 0.08203125 0.66328125 0.0921875 0.0828125
1 0.07421875 0.8015625 0.09609375 0.07734375
1 0.06796875 0.940625 0.0875 0.07265625
1 0.2328125 0.1578125 0.096875 0.0890625
1 0.23046875 0.29609375 0.08984375 0.07890625
1 0.22890625 0.440625 0.0828125 0.0765625
1 0.22578125 0.57734375 0.0890625 0.08046875
1 0.21875 0.7203125 0.0984375 0.0796875
1 0.209375 0.86328125 0.103125 0.084375
1 0.378125 0.06328125 0.09375 0.06796875
1 0.37734375 0.221875 0.09453125 0.07734375
1 0.3796875 0.36484375 0.10703125 0.08359375
1 0.37265625 0.50546875 0.10078125 0.08359375
1 0.36953125 0.66171875 0.09921875 0.07890625
1 0.36875 0.7921875 0.096875 0.08046875
1 0.3765625 0.9421875 0.109375 0.08984375
1 0.53203125 0.1375 0.0921875 0.07890625
1 0.521875 0.28828125 0.10546875 0.0828125
1 0.52578125 0.4375 0.1046875 0.0796875
1 0.53671875 0.5890625 0.10546875 0.09765625
1 0.5203125 0.72421875 0.08984375 0.08125
1 0.51640625 0.86875 0.0984375 0.07890625
1 0.68671875 0.07734375 0.1234375 0.09375
1 0.68203125 0.21328125 0.11171875 0.07265625
1 0.67734375 0.359375 0.1046875 0.08828125
1 0.67734375 0.50390625 0.09921875 0.0734375
1 0.68203125 0.65234375 0.1078125 0.0921875
1 0.675 0.8046875 0.11171875 0.08046875
1 0.6765625 0.9453125 0.12265625 0.08359375
1 0.83359375 0.1453125 0.1046875 0.08359375
1 0.840625 0.28046875 0.12265625 0.09296875
1 0.840625 0.44296875 0.0984375 0.08984375
1 0.8390625 0.58125 0.12109375 0.09765625
1 0.83046875 0.72109375 0.11015625 0.096875
1 0.82265625 0.88125 0.0984375 0.0828125
1 0.9734375 0.809375 0.053125 0.08046875
1 0.975 0.4984375 0.05 0.109375
1 0.975 0.659375 0.05 0.0875