1 0.14609375 0.12265625 0.11484375 0.09453125
1 0.3078125 0.0453125 0.134375 0.090625
1 0.4796875 0.13984375 0.1046875 0.096875
1 0.6453125 0.05546875 0.1125 0.09765625
1 0.8109375 0.1296875 0.1015625 0.096875
1 0.9515625 0.04609375 0.096875 0.0921875
1 0.953125 0.19609375 0.09375 0.12578125
1 0.64140625 0.20390625 0.11484375 0.08125
1 0.80546875 0.2890625 0.11484375 0.08203125
1 0.95859375 0.35703125 0.0828125 0.084375
1 0.803125 0.43359375 0.1171875 0.10234375
1 0.65234375 0.35078125 0.109375 0.09140625
1 0.4796875 0.2859375 0.1109375 0.1
1 0.3109375 0.20703125 0.109375 0.1
1 0.15859375 0.2796875 0.11953125 0.096875
1 0.31484375 0.36328125 0.10546875 0.09609375
1 0.490625 0.4359375 0.125 0.1
1 0.64375 0.525 0.1234375 0.08671875
1 0.490625 0.59296875 0.13515625 0.10234375
1 0.31484375 0.5125 0.1109375 0.11171875
1 0.1515625 0.43984375 0.1171875 0.090625
1 0.15 0.596875 0.10546875 0.11171875
1 0.64140625 0.66953125 0.115625 0.109375
1 0.81484375 0.5953125 0.12109375 0.09765625
1 0.95390625 0.52265625 0.09140625 0.09140625
1 0.9578125 0.67890625 0.08359375 0.09453125
1 0.965625 0.83828125 0.06796875 0.09765625
1 0.81796875 0.75546875 0.12109375 0.09765625
1 0.81328125 0.92109375 0.12265625 0.109375
1 0.64140625 0.83203125 0.1234375 0.09609375
1 0.4875 0.76328125 0.1125 0.09296875
1 0.48203125 0.89453125 0.1265625 0.10703125
1 0.2984375 0.81796875 0.12734375 0.10546875
1 0.15 0.7640625 0.13046875 0.11328125
1 0.15625 0.8984375 0.1125 0.09140625
1 0.01484375 0.8265625 0.0296875 0.109375
1 0.00546875 0.67734375 0.0109375 0.0859375
1 0.0046875 0.51328125 0.009375 0.13515625