1 0.06171875 0.0890625 0.11953125 0.10546875
1 0.3515625 0.09609375 0.12109375 0.0859375
1 0.215625 0.0375 0.103125 0.075
1 0.5140625 0.0328125 0.109375 0.06484375
1 0.67265625 0.09765625 0.0984375 0.0796875
1 0.8203125 0.03984375 0.096875 0.0796875
1 0.94921875 0.10390625 0.0875 0.06953125
1 0.81015625 0.175 0.08125 0.06875
1 0.52109375 0.1828125 0.1015625 0.07734375
1 0.22265625 0.18515625 0.1125 0.07578125
1 0.05625 0.24921875 0.1046875 0.09375
1 0.20546875 0.328125 0.09921875 0.084375
1 0.34921875 0.24765625 0.09140625 0.0875
1 0.50546875 0.3140625 0.11640625 0.08125
1 0.66640625 0.24765625 0.0984375 0.07578125
1 0.80546875 0.321875 0.08359375 0.0765625
1 0.95625 0.2578125 0.0875 0.06875
1 0.05625 0.38828125 0.096875 0.07890625
1 0.215625 0.47109375 0.0984375 0.06953125
1 0.36484375 0.3984375 0.1015625 0.08359375
1 0.5265625 0.4609375 0.103125 0.08359375
1 0.65859375 0.384375 0.10703125 0.0765625
1 0.8140625 0.46328125 0.12109375 0.07578125
1 0.9484375 0.403125 0.103125 0.0828125
1 0.9546875 0.54375 0.0890625 0.07265625
1 0.665625 0.546875 0.09921875 0.07734375
1 0.353125 0.5390625 0.09453125 0.06875
1 0.05 0.54453125 0.0921875 0.0875
1 0.2046875 0.6203125 0.1125 0.09296875
1 0.06484375 0.69453125 0.12578125 0.0921875
1 0.053125 0.83046875 0.10546875 0.08984375
1 0.05078125 0.96328125 0.1015625 0.0734375
1 0.21015625 0.7625 0.1046875 0.0828125
1 0.3515625 0.69296875 0.1046875 0.08046875
1 0.509375 0.60390625 0.11875 0.08359375
1 0.6578125 0.68125 0.109375 0.0828125
1 0.8171875 0.609375 0.10703125 0.0765625
1 0.94453125 0.69140625 0.11015625 0.0953125
1 0.8109375 0.76171875 0.10546875 0.08359375
1 0.509375 0.75625 0.11484375 0.0875
1 0.3375 0.83984375 0.09609375 0.07734375
1 0.2046875 0.90703125 0.10703125 0.071875
1 0.3328125 0.9640625 0.090625 0.071875
1 0.5015625 0.90859375 0.1078125 0.08984375
1 0.65859375 0.82265625 0.1015625 0.07734375
1 0.8109375 0.90859375 0.10703125 0.08125
1 0.6609375 0.96171875 0.1125 0.0765625
1 0.95625 0.84921875 0.0875 0.0828125
1 0.95703125 0.9703125 0.0859375 0.059375