1 0.1875 0.16953125 0.11640625 0.09296875
1 0.1828125 0.3171875 0.0984375 0.08828125
1 0.17890625 0.4546875 0.10234375 0.084375
1 0.18125 0.6109375 0.08671875 0.08046875
1 0.16953125 0.76171875 0.09140625 0.08984375
1 0.16953125 0.90078125 0.07109375 0.06484375
1 0.31953125 0.828125 0.10703125 0.07578125
1 0.30546875 0.9640625 0.115625 0.06328125
1 0.31796875 0.68984375 0.115625 0.08046875
1 0.31328125 0.53515625 0.103125 0.08125
1 0.32734375 0.390625 0.0984375 0.0828125
1 0.328125 0.2453125 0.08515625 0.0765625
1 0.34296875 0.11328125 0.0921875 0.09140625
1 0.19140625 0.0328125 0.09375 0.059375
1 0.4828125 0.040625 0.10078125 0.07734375
1 0.478125 0.3234375 0.1046875 0.07734375
1 0.475 0.46171875 0.1125 0.07265625
1 0.47578125 0.6171875 0.084375 0.0796875
1 0.48828125 0.76875 0.09609375 0.07578125
1 0.47578125 0.90859375 0.09140625 0.09140625
1 0.64140625 0.0953125 0.11015625 0.096875
1 0.6125 0.2375 0.084375 0.06171875
1 0.628125 0.3890625 0.09609375 0.0734375
1 0.6234375 0.54296875 0.0984375 0.08125
1 0.6265625 0.68515625 0.109375 0.0796875
1 0.61796875 0.8234375 0.0875 0.07578125
1 0.6140625 0.96171875 0.09375 0.0765625
1 0.79140625 0.17421875 0.1140625 0.0921875
1 0.778125 0.31640625 0.109375 0.0796875
1 0.77734375 0.4578125 0.10546875 0.06875
1 0.77890625 0.60625 0.09375 0.08046875
1 0.78125 0.74453125 0.12578125 0.0828125
1 0.7890625 0.9125 0.109375 0.0828125
1 0.92734375 0.8390625 0.0984375 0.075
1 0.93515625 0.6796875 0.09375 0.0734375
1 0.928125 0.53203125 0.11875 0.09140625
1 0.9296875 0.3921875 0.09453125 0.0734375
1 0.93125 0.2515625 0.0984375 0.0828125
1 0.03671875 0.69921875 0.0609375 0.071875
1 0.01953125 0.540625 0.0390625 0.078125
1 0.02578125 0.234375 0.0515625 0.08984375
1 0.02421875 0.08984375 0.04453125 0.08046875
1 0.02421875 0.9640625 0.0484375 0.071875
1 0.03203125 0.39375 0.05546875 0.0859375
1 0.94609375 0.9703125 0.1078125 0.059375