1 0.95 0.0453125 0.1 0.08984375
1 0.94453125 0.2046875 0.10859375 0.0890625
1 0.94140625 0.359375 0.10234375 0.08828125
1 0.95078125 0.50390625 0.0984375 0.0828125
1 0.946875 0.65859375 0.10625 0.09140625
1 0.946875 0.81171875 0.10625 0.09921875
1 0.9484375 0.96171875 0.103125 0.0765625
1 0.7765625 0.12265625 0.1015625 0.08515625
1 0.78046875 0.2734375 0.11171875 0.08984375
1 0.77734375 0.42890625 0.10859375 0.09609375
1 0.77578125 0.57265625 0.1125 0.0921875
1 0.784375 0.72578125 0.1078125 0.10078125
1 0.78359375 0.884375 0.121875 0.0921875
1 0.60625 0.0375 0.10625 0.075
1 0.60859375 0.1953125 0.12578125 0.10546875
1 0.62265625 0.35390625 0.1078125 0.0953125
1 0.6234375 0.4953125 0.115625 0.09140625
1 0.6328125 0.65703125 0.11171875 0.08046875
1 0.6359375 0.8015625 0.10859375 0.08359375
1 0.628125 0.95859375 0.13046875 0.0828125
1 0.44296875 0.11875 0.11171875 0.10859375
1 0.44453125 0.27578125 0.115625 0.08671875
1 0.4546875 0.42265625 0.1140625 0.09453125
1 0.45390625 0.5765625 0.115625 0.08828125
1 0.44921875 0.7265625 0.11015625 0.08515625
1 0.44921875 0.89609375 0.1203125 0.0828125
1 0.2921875 0.03828125 0.115625 0.0765625
1 0.28671875 0.1875 0.10390625 0.1078125
1 0.2890625 0.33515625 0.1078125 0.0890625
1 0.2921875 0.4953125 0.11015625 0.0984375
1 0.290625 0.64375 0.10546875 0.08203125
1 0.284375 0.8125 0.1078125 0.09609375
1 0.28984375 0.9625 0.10234375 0.07421875
1 0.11484375 0.11953125 0.1234375 0.0921875
1 0.12421875 0.2875 0.10390625 0.09453125
1 0.1203125 0.43046875 0.0984375 0.08984375
1 0.12265625 0.58984375 0.11171875 0.10859375
1 0.11640625 0.74140625 0.115625 0.08046875
1 0.1203125 0.89453125 0.11015625 0.09296875