1 0.17109375 0.98203125 0.11953125 0.03515625
1 0.3328125 0.94296875 0.1046875 0.07578125
1 0.665625 0.953125 0.09140625 0.09375
1 0.9484375 0.95234375 0.103125 0.06875
1 0.83671875 0.87890625 0.11484375 0.07890625
1 0.9609375 0.8 0.078125 0.065625
1 0.66875 0.803125 0.12109375 0.07421875
1 0.83125 0.72421875 0.12109375 0.1
1 0.65234375 0.640625 0.115625 0.09375
1 0.49140625 0.71484375 0.12890625 0.07734375
1 0.3265625 0.78359375 0.10859375 0.08671875
1 0.15 0.85078125 0.115625 0.07734375
1 0.49921875 0.86953125 0.14453125 0.10234375
1 0.50234375 0.99453125 0.1078125 0.0109375
1 0.15546875 0.71796875 0.1265625 0.09296875
1 0.32109375 0.63046875 0.11328125 0.08515625
1 0.15234375 0.5546875 0.115625 0.078125
1 0.32890625 0.4859375 0.1046875 0.09140625
1 0.50546875 0.56640625 0.1015625 0.07578125
1 0.828125 0.56796875 0.08515625 0.10546875
1 0.971875 0.6296875 0.05625 0.096875
1 0.64921875 0.48671875 0.1171875 0.09375
1 0.15625 0.40859375 0.12734375 0.07890625
1 0.32890625 0.3125 0.1390625 0.115625
1 0.146875 0.24140625 0.13125 0.10390625
1 0.31796875 0.16328125 0.1125 0.08984375
1 0.51328125 0.25625 0.1125 0.109375
1 0.6515625 0.3296875 0.1015625 0.09765625
1 0.828125 0.40703125 0.09296875 0.09375
1 0.97421875 0.46953125 0.0515625 0.103125
1 0.96015625 0.328125 0.0796875 0.08125
1 0.825 0.23984375 0.12265625 0.08125
1 0.96015625 0.1671875 0.0796875 0.10078125
1 0.66015625 0.15859375 0.09765625 0.07734375
1 0.825 0.09453125 0.10859375 0.10234375
1 0.95703125 0.0375 0.0859375 0.075
1 0.6703125 0.0359375 0.1265625 0.071875
1 0.478125 0.08984375 0.13671875 0.09921875
1 0.31484375 0.021875 0.10703125 0.04375