1 0.69765625 0.96953125 0.134375 0.06015625
1 0.34140625 0.9703125 0.109375 0.059375
1 0.04140625 0.96953125 0.0828125 0.06015625
1 0.18828125 0.89921875 0.090625 0.0765625
1 0.51015625 0.890625 0.11328125 0.08671875
1 0.8421875 0.88828125 0.125 0.084375
1 0.984375 0.8171875 0.03046875 0.1046875
1 0.8609375 0.728125 0.1109375 0.09375
1 0.70078125 0.81875 0.1015625 0.096875
1 0.52734375 0.74453125 0.1296875 0.090625
1 0.34765625 0.81796875 0.109375 0.084375
1 0.19375 0.7359375 0.09296875 0.08515625
1 0.03671875 0.80625 0.0734375 0.0765625
1 0.98671875 0.66171875 0.0265625 0.0875
1 0.84921875 0.56953125 0.109375 0.078125
1 0.68359375 0.65 0.11328125 0.09296875
1 0.50390625 0.58125 0.11484375 0.09296875
1 0.35703125 0.66640625 0.11875 0.08515625
1 0.184375 0.578125 0.134375 0.084375
1 0.04609375 0.6453125 0.0921875 0.09140625
1 0.0390625 0.4890625 0.078125 0.08125
1 0.34921875 0.48515625 0.1109375 0.08671875
1 0.696875 0.49375 0.10546875 0.0765625
1 0.86171875 0.403125 0.125 0.10390625
1 0.97421875 0.321875 0.0515625 0.103125
1 0.9859375 0.16875 0.028125 0.10078125
1 0.85546875 0.24453125 0.115625 0.09140625
1 0.69765625 0.32265625 0.115625 0.08984375
1 0.5234375 0.42109375 0.13203125 0.09296875
1 0.3578125 0.33515625 0.12109375 0.09140625
1 0.18046875 0.415625 0.11875 0.08515625
1 0.05 0.325 0.1 0.10546875
1 0.18828125 0.24609375 0.1171875 0.09296875
1 0.52265625 0.2515625 0.128125 0.096875
1 0.7140625 0.159375 0.10703125 0.08671875
1 0.86171875 0.08359375 0.11875 0.0796875
1 0.71796875 0.0296875 0.1 0.059375
1 0.53125 0.0828125 0.1203125 0.10078125
1 0.35703125 0.17734375 0.11328125 0.08671875
1 0.1875 0.08203125 0.11875 0.090625
1 0.353125 0.0328125 0.125 0.065625
1 0.03671875 0.14765625 0.0734375 0.09296875
1 0.0359375 0.0234375 0.071875 0.04609375