1 0.45234375 0.009375 0.0859375 0.01875
1 0.58046875 0.04296875 0.0859375 0.0859375
1 0.20546875 0.0125 0.10390625 0.025
1 0.33046875 0.0625 0.084375 0.07890625
1 0.07109375 0.046875 0.08984375 0.084375
1 0.2125 0.12421875 0.1 0.0828125
1 0.071875 0.19140625 0.084375 0.0828125
1 0.4515625 0.1234375 0.09296875 0.09296875
1 0.33359375 0.203125 0.07734375 0.084375
1 0.840625 0.0578125 0.08984375 0.08828125
1 0.96953125 0.12578125 0.0609375 0.0890625
1 0.83515625 0.21953125 0.10390625 0.09296875
1 0.95859375 0.2921875 0.0828125 0.10546875
1 0.7140625 0.26640625 0.08125 0.08828125
1 0.57890625 0.196875 0.08828125 0.08828125
1 0.459375 0.28203125 0.08984375 0.08828125
1 0.2125 0.278125 0.0859375 0.08828125
1 0.0734375 0.3484375 0.07734375 0.084375
1 0.32734375 0.35390625 0.08828125 0.0859375
1 0.2 0.4359375 0.096875 0.0953125
1 0.06875 0.50078125 0.07578125 0.08828125
1 0.42890625 0.4 0.07578125 0.07890625
1 0.571875 0.353125 0.10390625 0.09296875
1 0.959375 0.446875 0.08125 0.08125
1 0.70703125 0.42890625 0.09296875 0.08125
1 0.8328125 0.5078125 0.10390625 0.096875
1 0.3203125 0.49296875 0.08984375 0.09296875
1 0.95546875 0.58046875 0.0890625 0.0984375
1 0.71015625 0.58046875 0.08828125 0.08125
1 0.4640625 0.58046875 0.10234375 0.10703125
1 0.32734375 0.653125 0.07578125 0.07890625
1 0.20234375 0.58359375 0.096875 0.0984375
1 0.0625 0.63828125 0.0703125 0.07578125
1 0.19453125 0.7296875 0.07578125 0.08125
1 0.06328125 0.7921875 0.084375 0.0828125
1 0.1984375 0.8703125 0.084375 0.0859375
1 0.45390625 0.72890625 0.08125 0.07421875
1 0.3359375 0.79765625 0.09296875 0.084375
1 0.83828125 0.6515625 0.09296875 0.09296875
1 0.7140625 0.7171875 0.096875 0.09296875
1 0.83203125 0.796875 0.08828125 0.09140625
1 0.96640625 0.890625 0.0671875 0.084375
1 0.83359375 0.95625 0.08828125 0.0859375
1 0.69921875 0.88125 0.07578125 0.0828125
1 0.5671875 0.8046875 0.07578125 0.0828125
1 0.57421875 0.9484375 0.07578125 0.08828125
1 0.45078125 0.87578125 0.109375 0.096875
1 0.44375 0.9875 0.07421875 0.025
1 0.3203125 0.94609375 0.084375 0.09140625
1 0.1875 0.9921875 0.071875 0.015625