1 0.05546875 0.034375 0.0765625 0.06875
1 0.3078125 0.02734375 0.059375 0.05390625
1 0.55078125 0.02890625 0.0640625 0.0578125
1 0.7984375 0.02734375 0.06796875 0.05390625
1 0.91796875 0.0828125 0.059375 0.0609375
1 0.18359375 0.103125 0.0796875 0.07421875
1 0.05859375 0.18046875 0.07109375 0.059375
1 0.3125 0.16640625 0.059375 0.05625
1 0.42421875 0.096875 0.0609375 0.0578125
1 0.67578125 0.09765625 0.06953125 0.0609375
1 0.79609375 0.16328125 0.0640625 0.0765625
1 0.91953125 0.23671875 0.05625 0.0625
1 0.54140625 0.16640625 0.06953125 0.0625
1 0.4328125 0.2390625 0.0625 0.0640625
1 0.18359375 0.23828125 0.06640625 0.0609375
1 0.0640625 0.31640625 0.0625 0.07265625
1 0.3109375 0.32109375 0.07265625 0.07265625
1 0.67890625 0.23828125 0.0609375 0.06796875
1 0.0625 0.45859375 0.0625 0.0625
1 0.18359375 0.3875 0.06953125 0.0765625
1 0.440625 0.37578125 0.07109375 0.07265625
1 0.7890625 0.30078125 0.0640625 0.07421875
1 0.92578125 0.36953125 0.0609375 0.06796875
1 0.671875 0.37109375 0.0828125 0.08125
1 0.55859375 0.44765625 0.0625 0.08125
1 0.309375 0.4484375 0.06796875 0.0640625
1 0.1890625 0.534375 0.06796875 0.07109375
1 0.4328125 0.528125 0.06796875 0.07265625
1 0.80234375 0.4515625 0.0765625 0.07421875
1 0.9328125 0.50546875 0.084375 0.08984375
1 0.68203125 0.52265625 0.07109375 0.0640625
1 0.06328125 0.603125 0.07109375 0.0765625
1 0.18984375 0.6625 0.08984375 0.09140625
1 0.3171875 0.59375 0.06953125 0.07265625
1 0.43984375 0.6578125 0.0625 0.0640625
1 0.5578125 0.5984375 0.07421875 0.07265625
1 0.796875 0.596875 0.0625 0.07265625
1 0.6828125 0.65546875 0.07265625 0.07265625
1 0.92578125 0.66171875 0.0640625 0.07109375
1 0.79765625 0.728125 0.07421875 0.084375
1 0.93125 0.79453125 0.06953125 0.0796875
1 0.56171875 0.73125 0.07109375 0.07421875
1 0.0609375 0.740625 0.07109375 0.06796875
1 0.19453125 0.8140625 0.07265625 0.0828125
1 0.065625 0.8859375 0.0640625 0.07109375
1 0.19375 0.96328125 0.0765625 0.07265625
1 0.31640625 0.7421875 0.07109375 0.07109375
1 0.4390625 0.81171875 0.07265625 0.06953125
1 0.68046875 0.7984375 0.07265625 0.06953125
1 0.79921875 0.87421875 0.08828125 0.08125
1 0.93125 0.9421875 0.08671875 0.084375
1 0.68671875 0.9390625 0.06640625 0.06953125
1 0.56875 0.87890625 0.06796875 0.0640625
1 0.44765625 0.953125 0.06796875 0.07265625
1 0.31640625 0.87421875 0.0796875 0.07421875