1 0.76796875 0.034375 0.0953125 0.06875
1 0.9140625 0.09375 0.08046875 0.0953125
1 0.63515625 0.10390625 0.08828125 0.0859375
1 0.48828125 0.034375 0.0796875 0.06875
1 0.3625 0.09453125 0.07890625 0.07890625
1 0.221875 0.0296875 0.071875 0.059375
1 0.084375 0.09375 0.08828125 0.08984375
1 0.21796875 0.14609375 0.07109375 0.075
1 0.4890625 0.16953125 0.09140625 0.075
1 0.75 0.18046875 0.07109375 0.08046875
1 0.90703125 0.26484375 0.0859375 0.1125
1 0.9 0.42421875 0.07890625 0.084375
1 0.63359375 0.25390625 0.0765625 0.07265625
1 0.36484375 0.25390625 0.07109375 0.075
1 0.08671875 0.2453125 0.07109375 0.075
1 0.22734375 0.3390625 0.08203125 0.07265625
1 0.4890625 0.33515625 0.075 0.07265625
1 0.76328125 0.34296875 0.075 0.0765625
1 0.61953125 0.41796875 0.084375 0.0765625
1 0.08203125 0.415625 0.08046875 0.0859375
1 0.3625 0.42265625 0.075 0.06953125
1 0.22734375 0.49375 0.0765625 0.08046875
1 0.7625 0.49453125 0.084375 0.08203125
1 0.49453125 0.49140625 0.0765625 0.07265625
1 0.08671875 0.571875 0.09140625 0.08828125
1 0.35078125 0.5765625 0.084375 0.08046875
1 0.63359375 0.5625 0.09140625 0.09765625
1 0.90078125 0.5765625 0.08984375 0.084375
1 0.7640625 0.6546875 0.07265625 0.06171875
1 0.49609375 0.6515625 0.06171875 0.075
1 0.2203125 0.65234375 0.07109375 0.07109375
1 0.35234375 0.72578125 0.065625 0.07109375
1 0.08046875 0.72734375 0.06953125 0.065625
1 0.62578125 0.73203125 0.07265625 0.075
1 0.90390625 0.90234375 0.06953125 0.075
1 0.75234375 0.97421875 0.0734375 0.0515625
1 0.7578125 0.81484375 0.0765625 0.0765625
1 0.628125 0.8921875 0.08046875 0.0859375
1 0.49140625 0.8125 0.08203125 0.075
1 0.35 0.89609375 0.09375 0.08828125
1 0.2203125 0.8109375 0.0859375 0.084375
1 0.0796875 0.8875 0.075 0.08828125
1 0.21953125 0.96484375 0.0828125 0.0703125
1 0.49375 0.971875 0.084375 0.05625