1 0.9015625 0.0828125 0.0734375 0.0703125
1 0.78984375 0.02265625 0.0734375 0.0453125
1 0.665625 0.06640625 0.06796875 0.071875
1 0.5515625 0.02109375 0.0796875 0.04140625
1 0.4203125 0.06953125 0.06640625 0.071875
1 0.54453125 0.1359375 0.06796875 0.06484375
1 0.78671875 0.1515625 0.075 0.06484375
1 0.3046875 0.01796875 0.0625 0.0359375
1 0.1890625 0.06328125 0.06640625 0.06171875
1 0.06171875 0.00703125 0.06328125 0.01328125
1 0.0609375 0.1484375 0.078125 0.071875
1 0.30390625 0.14765625 0.071875 0.06328125
1 0.91328125 0.21640625 0.08203125 0.0796875
1 0.66171875 0.2109375 0.0703125 0.0703125
1 0.78515625 0.28984375 0.08203125 0.075
1 0.4203125 0.2140625 0.0796875 0.0765625
1 0.546875 0.27890625 0.08828125 0.0765625
1 0.18203125 0.20859375 0.075 0.06328125
1 0.0609375 0.2765625 0.0734375 0.071875
1 0.30390625 0.2890625 0.09296875 0.0765625
1 0.1765625 0.35 0.06796875 0.071875
1 0.6609375 0.35390625 0.06015625 0.06640625
1 0.425 0.36015625 0.06328125 0.06796875
1 0.0625 0.41328125 0.05703125 0.05859375
1 0.29921875 0.43046875 0.078125 0.078125
1 0.5484375 0.4171875 0.0734375 0.075
1 0.7921875 0.42734375 0.08515625 0.078125
1 0.89921875 0.5015625 0.071875 0.075
1 0.6671875 0.49921875 0.0703125 0.0796875
1 0.421875 0.49453125 0.0796875 0.0734375
1 0.17734375 0.48515625 0.06640625 0.06640625
1 0.7875 0.5671875 0.0796875 0.075
1 0.54140625 0.571875 0.08671875 0.0703125
1 0.29453125 0.5671875 0.0953125 0.096875
1 0.06015625 0.54921875 0.078125 0.08359375
1 0.896875 0.6390625 0.0765625 0.071875
1 0.66171875 0.64296875 0.0703125 0.06171875
1 0.421875 0.634375 0.08203125 0.071875
1 0.1703125 0.62421875 0.0796875 0.06796875
1 0.778125 0.709375 0.06796875 0.0703125
1 0.53828125 0.71015625 0.0796875 0.06328125
1 0.29921875 0.70859375 0.08671875 0.08359375
1 0.04765625 0.70234375 0.0734375 0.0703125
1 0.89296875 0.7921875 0.08828125 0.08828125
1 0.77578125 0.84453125 0.06171875 0.071875
1 0.6578125 0.78515625 0.0796875 0.08671875
1 0.41796875 0.7796875 0.08359375 0.0703125
1 0.17578125 0.77265625 0.06171875 0.0734375
1 0.059375 0.8375 0.0765625 0.0765625
1 0.29453125 0.84453125 0.0796875 0.08203125
1 0.90078125 0.93046875 0.0796875 0.0734375
1 0.778125 0.975 0.0703125 0.05
1 0.66640625 0.91796875 0.0734375 0.075
1 0.53203125 0.98203125 0.0703125 0.0359375
1 0.53515625 0.83984375 0.0734375 0.0734375
1 0.4171875 0.91171875 0.06484375 0.06484375
1 0.29453125 0.9734375 0.071875 0.053125
1 0.17421875 0.90859375 0.0796875 0.08671875
1 0.0578125 0.96953125 0.0875 0.0609375
1 0.99609375 0.43984375 0.0078125 0.0671875
1 0.9953125 0.72109375 0.009375 0.0546875
1 0.99453125 0.8578125 0.0109375 0.053125
1 0.99296875 0.296875 0.01328125 0.06015625