1 0.12109375 0.06015625 0.05625 0.0515625
1 0.12421875 0.19296875 0.059375 0.059375
1 0.24609375 0.12265625 0.0640625 0.06875
1 0.35703125 0.05390625 0.0578125 0.053125
1 0.47421875 0.1265625 0.05625 0.05625
1 0.3546875 0.18984375 0.0578125 0.053125
1 0.59140625 0.05234375 0.0671875 0.0625
1 0.5859375 0.1921875 0.059375 0.0515625
1 0.48125 0.2546875 0.0625 0.0578125
1 0.71796875 0.11796875 0.0640625 0.0609375
1 0.81484375 0.0546875 0.0421875 0.046875
1 0.93046875 0.1171875 0.0578125 0.0640625
1 0.81875 0.18984375 0.05625 0.05
1 0.12890625 0.3296875 0.059375 0.0546875
1 0.23984375 0.265625 0.0578125 0.0609375
1 0.36328125 0.32421875 0.059375 0.0671875
1 0.5875 0.3171875 0.06875 0.0703125
1 0.70859375 0.25234375 0.0734375 0.071875
1 0.9203125 0.24921875 0.059375 0.0546875
1 0.82265625 0.3125 0.059375 0.0484375
1 0.92734375 0.37890625 0.0609375 0.053125
1 0.0125 0.12890625 0.025 0.05
1 0.0125 0.26484375 0.025 0.0484375
1 0.01328125 0.40234375 0.0265625 0.0515625
1 0.2421875 0.390625 0.0515625 0.0484375
1 0.4828125 0.3875 0.0546875 0.0515625
1 0.71171875 0.38125 0.0625 0.05625
1 0.81875 0.4453125 0.059375 0.0515625
1 0.925 0.51171875 0.0578125 0.05625
1 0.128125 0.4625 0.0578125 0.05625
1 0.01953125 0.5359375 0.0390625 0.0515625
1 0.2484375 0.528125 0.0546875 0.0578125
1 0.36171875 0.46640625 0.0546875 0.0546875
1 0.59296875 0.46328125 0.0609375 0.0640625
1 0.71484375 0.5234375 0.0578125 0.065625
1 0.82265625 0.5921875 0.05 0.0515625
1 0.4765625 0.53359375 0.0546875 0.059375
1 0.3640625 0.5953125 0.059375 0.059375
1 0.125 0.59765625 0.0625 0.0609375
1 0.01796875 0.67734375 0.0359375 0.05625
1 0.13125 0.72890625 0.0640625 0.059375
1 0.24765625 0.6609375 0.065625 0.059375
1 0.134375 0.86015625 0.0671875 0.0640625
1 0.2484375 0.79140625 0.0671875 0.059375
1 0.2546875 0.92890625 0.0578125 0.05625
1 0.1421875 0.984375 0.0609375 0.03125
1 0.4828125 0.6625 0.0609375 0.0546875
1 0.5953125 0.6 0.0671875 0.0578125
1 0.71328125 0.646875 0.0609375 0.0625
1 0.3609375 0.734375 0.046875 0.0546875
1 0.36796875 0.86328125 0.053125 0.0546875
1 0.48203125 0.79453125 0.0625 0.0546875
1 0.92890625 0.65 0.05625 0.0515625
1 0.82734375 0.7234375 0.0546875 0.0453125
1 0.9390625 0.77421875 0.059375 0.0515625
1 0.59140625 0.7265625 0.0671875 0.059375
1 0.71875 0.78203125 0.0578125 0.059375
1 0.59765625 0.8625 0.059375 0.05625
1 0.48515625 0.921875 0.059375 0.0515625
1 0.3734375 0.9859375 0.046875 0.028125
1 0.6 0.98359375 0.0453125 0.0328125
1 0.72109375 0.92734375 0.05625 0.0609375
1 0.8359375 0.8578125 0.0484375 0.05
1 0.93515625 0.909375 0.0578125 0.0578125