1 0.82421875 0.03203125 0.07421875 0.0640625
1 0.953125 0.1015625 0.065625 0.065625
1 0.70234375 0.0890625 0.05859375 0.0640625
1 0.5515625 0.02265625 0.05859375 0.0453125
1 0.82734375 0.17890625 0.05390625 0.0515625
1 0.95703125 0.25 0.06953125 0.06953125
1 0.57265625 0.16328125 0.07578125 0.065625
1 0.69609375 0.24375 0.0609375 0.07109375
1 0.315625 0.0234375 0.0640625 0.046875
1 0.0734375 0.01875 0.0625 0.0375
1 0.18046875 0.08359375 0.06953125 0.0640625
1 0.44453125 0.0921875 0.065625 0.05703125
1 0.3140625 0.1671875 0.065625 0.06953125
1 0.0671875 0.16484375 0.0640625 0.05703125
1 0.171875 0.22890625 0.0609375 0.05703125
1 0.446875 0.23671875 0.0484375 0.05703125
1 0.5671875 0.31171875 0.07265625 0.06953125
1 0.821875 0.32109375 0.06953125 0.065625
1 0.95703125 0.3984375 0.06953125 0.06953125
1 0.82421875 0.478125 0.05546875 0.0609375
1 0.69296875 0.396875 0.05703125 0.05390625
1 0.9515625 0.55546875 0.05390625 0.05703125
1 0.5671875 0.465625 0.0671875 0.07421875
1 0.440625 0.3859375 0.05703125 0.05
1 0.32421875 0.31953125 0.046875 0.0453125
1 0.0625 0.30546875 0.05859375 0.065625
1 0.171875 0.384375 0.065625 0.07109375
1 0.953125 0.6984375 0.05859375 0.05390625
1 0.81953125 0.62265625 0.05703125 0.0609375
1 0.81484375 0.7609375 0.0609375 0.05546875
1 0.94609375 0.84375 0.0515625 0.05546875
1 0.82421875 0.9125 0.0609375 0.0625
1 0.93671875 0.9859375 0.0671875 0.02734375
1 0.6921875 0.54375 0.05546875 0.0609375
1 0.434375 0.54140625 0.0515625 0.05703125
1 0.16171875 0.5390625 0.0609375 0.0625
1 0.053125 0.459375 0.05 0.0484375
1 0.059375 0.6140625 0.04296875 0.04140625
1 0.3 0.6109375 0.05390625 0.05703125
1 0.56328125 0.61484375 0.07109375 0.078125
1 0.68515625 0.6953125 0.0625 0.0625
1 0.68515625 0.846875 0.07265625 0.0625
1 0.67734375 0.9796875 0.0734375 0.040625
1 0.55703125 0.91875 0.0828125 0.0640625
1 0.43125 0.97265625 0.06875 0.0546875
1 0.5640625 0.759375 0.07265625 0.06953125
1 0.43359375 0.68828125 0.0671875 0.0640625
1 0.428125 0.83203125 0.0609375 0.05390625
1 0.29765625 0.90859375 0.05703125 0.0640625
1 0.2984375 0.76796875 0.0640625 0.065625
1 0.1546875 0.8203125 0.0609375 0.0609375
1 0.15625 0.975 0.0671875 0.05
1 0.05390625 0.890625 0.05546875 0.05
1 0.16171875 0.68515625 0.06953125 0.05859375