1 0.7671875 0.98984375 0.07265625 0.0203125
1 0.5 0.98671875 0.08125 0.0265625
1 0.2296875 0.990625 0.08515625 0.01796875
1 0.0984375 0.94921875 0.09453125 0.08203125
1 0.909375 0.9390625 0.09296875 0.0765625
1 0.63984375 0.93125 0.0890625 0.0875
1 0.49921875 0.87265625 0.08203125 0.08515625
1 0.36171875 0.94765625 0.08515625 0.08359375
1 0.23671875 0.87265625 0.08515625 0.08515625
1 0.090625 0.7890625 0.08203125 0.06875
1 0.7609375 0.85234375 0.06328125 0.0671875
1 0.90703125 0.77734375 0.08203125 0.07265625
1 0.6265625 0.7890625 0.06875 0.07265625
1 0.359375 0.790625 0.08515625 0.07265625
1 0.228125 0.715625 0.07265625 0.06875
1 0.09453125 0.6375 0.0671875 0.07421875
1 0.759375 0.71015625 0.078125 0.07265625
1 0.89765625 0.628125 0.06328125 0.07421875
1 0.63125 0.6453125 0.07109375 0.07421875
1 0.48984375 0.7109375 0.0796875 0.08359375
1 0.365625 0.63828125 0.08515625 0.08515625
1 0.2203125 0.55234375 0.08203125 0.0796875
1 0.0921875 0.48828125 0.0765625 0.06875
1 0.4953125 0.5609375 0.0765625 0.0765625
1 0.75703125 0.56640625 0.08515625 0.078125
1 0.8953125 0.48671875 0.078125 0.08203125
1 0.6171875 0.48984375 0.07109375 0.08515625
1 0.75546875 0.409375 0.07421875 0.08203125
1 0.365625 0.48984375 0.08515625 0.090625
1 0.21875 0.4109375 0.08359375 0.0875
1 0.4921875 0.40703125 0.0765625 0.08203125
1 0.62265625 0.32890625 0.08359375 0.08359375
1 0.36796875 0.3484375 0.0765625 0.078125
1 0.090625 0.32421875 0.0671875 0.065625
1 0.23203125 0.25703125 0.07265625 0.07109375
1 0.76640625 0.25234375 0.0796875 0.0765625
1 0.89375 0.17578125 0.07109375 0.0875
1 0.62265625 0.1625 0.078125 0.078125
1 0.478125 0.26015625 0.0796875 0.08203125
1 0.35390625 0.18203125 0.08359375 0.07265625
1 0.0890625 0.1828125 0.08359375 0.09609375
1 0.09375 0.04140625 0.071875 0.0828125
1 0.22421875 0.10625 0.065625 0.06328125
1 0.484375 0.10390625 0.08203125 0.07421875
1 0.34609375 0.03828125 0.08203125 0.0765625
1 0.74453125 0.090625 0.08515625 0.0890625
1 0.625 0.03046875 0.071875 0.0609375
1 0.89453125 0.03046875 0.0796875 0.0609375