1 0.08984375 0.9640625 0.06875 0.0546875
1 0.3296875 0.9578125 0.0859375 0.084375
1 0.21640625 0.8828125 0.07734375 0.07578125
1 0.0109375 0.89609375 0.021875 0.0703125
1 0.0828125 0.8390625 0.07734375 0.071875
1 0.46328125 0.8875 0.07734375 0.07578125
1 0.58671875 0.95859375 0.06015625 0.07890625
1 0.8328125 0.95859375 0.0703125 0.06328125
1 0.96015625 0.88984375 0.07890625 0.07578125
1 0.7140625 0.88515625 0.09140625 0.103125
1 0.83125 0.80703125 0.0671875 0.08046875
1 0.95703125 0.74296875 0.0859375 0.09453125
1 0.72265625 0.74296875 0.0890625 0.09453125
1 0.8359375 0.6453125 0.07578125 0.0859375
1 0.33984375 0.8046875 0.1 0.09453125
1 0.209375 0.7375 0.0859375 0.09453125
1 0.46171875 0.74296875 0.09140625 0.0859375
1 0.58828125 0.6640625 0.0890625 0.0859375
1 0.08359375 0.6609375 0.0859375 0.09140625
1 0.0140625 0.5890625 0.02734375 0.0890625
1 0.22109375 0.6 0.0875 0.08046875
1 0.4703125 0.58984375 0.07421875 0.07421875
1 0.96484375 0.5984375 0.0703125 0.0703125
1 0.7296875 0.59140625 0.07734375 0.08046875
1 0.8421875 0.528125 0.065625 0.071875
1 0.34765625 0.52265625 0.06171875 0.07578125
1 0.59609375 0.5234375 0.0890625 0.07734375
1 0.09296875 0.51796875 0.07890625 0.07421875
1 0.96484375 0.4578125 0.0703125 0.07734375
1 0.753125 0.45078125 0.0828125 0.0875
1 0.4734375 0.45625 0.06875 0.06875
1 0.215625 0.44609375 0.071875 0.07578125
1 0.08359375 0.37890625 0.07421875 0.07421875
1 0.353125 0.37265625 0.06875 0.065625
1 0.21484375 0.30390625 0.0828125 0.0859375
1 0.5953125 0.371875 0.06328125 0.06015625
1 0.84140625 0.3734375 0.04453125 0.05703125
1 0.97421875 0.32109375 0.0515625 0.071875
1 0.725 0.303125 0.065625 0.071875
1 0.8609375 0.23203125 0.06015625 0.06328125
1 0.48359375 0.290625 0.071875 0.071875
1 0.6125 0.2390625 0.0484375 0.05703125
1 0.96953125 0.175 0.0609375 0.071875
1 0.01015625 0.303125 0.0203125 0.06328125
1 0.08984375 0.21796875 0.06875 0.065625
1 0.346875 0.221875 0.0671875 0.06875
1 0.47109375 0.1484375 0.06171875 0.065625
1 0.86953125 0.08984375 0.0671875 0.0703125
1 0.96640625 0.03046875 0.0671875 0.0609375
1 0.7296875 0.03203125 0.06328125 0.06328125
1 0.221875 0.1484375 0.06015625 0.065625
1 0.0078125 0.153125 0.015625 0.065625
1 0.09140625 0.08671875 0.071875 0.0703125
1 0.225 0.021875 0.09375 0.04375
1 0.3421875 0.08046875 0.0671875 0.0703125
1 0.4734375 0.021875 0.075 0.04375