1 0.040625 0.0359375 0.065625 0.053125
1 0.15 0.0890625 0.0671875 0.0765625
1 0.2625 0.03046875 0.0703125 0.0609375
1 0.38203125 0.0859375 0.065625 0.0640625
1 0.49296875 0.03046875 0.0625 0.053125
1 0.61171875 0.071875 0.071875 0.0625
1 0.82890625 0.071875 0.06875 0.0609375
1 0.9484375 0.02265625 0.0515625 0.0453125
1 0.7265625 0.14296875 0.078125 0.078125
1 0.95234375 0.1484375 0.075 0.078125
1 0.83515625 0.21328125 0.08125 0.0828125
1 0.49921875 0.15703125 0.071875 0.0734375
1 0.04375 0.1625 0.071875 0.0703125
1 0.26171875 0.15078125 0.075 0.0734375
1 0.15859375 0.2328125 0.0796875 0.0765625
1 0.38359375 0.221875 0.075 0.0671875
1 0.6125 0.2171875 0.078125 0.075
1 0.73359375 0.28359375 0.0859375 0.075
1 0.9453125 0.27421875 0.0640625 0.0640625
1 0.8359375 0.35078125 0.06875 0.0640625
1 0.5015625 0.28828125 0.0734375 0.078125
1 0.26328125 0.28828125 0.084375 0.078125
1 0.03828125 0.29921875 0.0703125 0.0671875
1 0.1546875 0.36015625 0.071875 0.0671875
1 0.2640625 0.4125 0.0703125 0.0671875
1 0.37734375 0.35625 0.065625 0.059375
1 0.61640625 0.3421875 0.0609375 0.0671875
1 0.7265625 0.4125 0.0625 0.065625
1 0.94765625 0.40703125 0.06875 0.0609375
1 0.83984375 0.4625 0.08125 0.071875
1 0.50390625 0.4171875 0.0625 0.0609375
1 0.04765625 0.44765625 0.0546875 0.059375
1 0.15625 0.4734375 0.0609375 0.0609375
1 0.37578125 0.475 0.0625 0.0671875
1 0.62109375 0.47890625 0.05 0.0625
1 0.5015625 0.540625 0.0546875 0.0609375
1 0.728125 0.53671875 0.0625 0.059375
1 0.94765625 0.54375 0.0625 0.0625
1 0.846875 0.5859375 0.071875 0.0765625
1 0.6171875 0.6 0.0625 0.071875
1 0.0578125 0.5515625 0.0640625 0.0703125
1 0.2703125 0.54609375 0.0625 0.0703125
1 0.159375 0.6125 0.059375 0.0578125
1 0.37421875 0.60234375 0.0515625 0.059375
1 0.49921875 0.66796875 0.0625 0.0671875
1 0.72578125 0.6703125 0.0546875 0.059375
1 0.95390625 0.66953125 0.0546875 0.059375
1 0.846875 0.7265625 0.065625 0.075
1 0.265625 0.67734375 0.05 0.046875
1 0.04375 0.68671875 0.053125 0.0484375
1 0.15 0.7375 0.04375 0.0515625
1 0.04453125 0.8140625 0.0578125 0.0578125
1 0.24609375 0.80078125 0.0734375 0.0609375
1 0.1546875 0.8609375 0.0484375 0.05
1 0.0421875 0.946875 0.0546875 0.0515625
1 0.2703125 0.928125 0.0546875 0.0609375
1 0.38515625 0.871875 0.0515625 0.0546875
1 0.38984375 0.740625 0.0484375 0.05
1 0.50625 0.8078125 0.05625 0.053125
1 0.49921875 0.9296875 0.05 0.05625
1 0.61875 0.7375 0.05 0.059375
1 0.7296875 0.80234375 0.05625 0.0578125
1 0.621875 0.8703125 0.065625 0.071875
1 0.73046875 0.93828125 0.0546875 0.05625
1 0.846875 0.85390625 0.065625 0.078125
1 0.95234375 0.79453125 0.0640625 0.0640625
1 0.95390625 0.928125 0.0546875 0.0609375
1 0.85703125 0.97890625 0.05625 0.0421875
1 0.6265625 0.98359375 0.0515625 0.0328125