1 0.09296875 0.04140625 0.07421875 0.07109375
1 0.33203125 0.03046875 0.06953125 0.0609375
1 0.58125 0.03203125 0.0671875 0.0640625
1 0.45546875 0.0953125 0.06953125 0.065625
1 0.209375 0.11171875 0.07578125 0.065625
1 0.8140625 0.0265625 0.0671875 0.05234375
1 0.9453125 0.1078125 0.0796875 0.07265625
1 0.6984375 0.10703125 0.07265625 0.0640625
1 0.08125 0.17734375 0.0828125 0.08125
1 0.3359375 0.17109375 0.07109375 0.07109375
1 0.2109375 0.2515625 0.0828125 0.07578125
1 0.58125 0.175 0.08125 0.07734375
1 0.45234375 0.240625 0.08984375 0.07734375
1 0.82265625 0.16875 0.07578125 0.0640625
1 0.9453125 0.23828125 0.07421875 0.07265625
1 0.6984375 0.25078125 0.09453125 0.07734375
1 0.82734375 0.3125 0.06953125 0.07265625
1 0.33671875 0.31640625 0.0609375 0.0671875
1 0.57578125 0.32265625 0.0640625 0.06953125
1 0.94375 0.3765625 0.0578125 0.059375
1 0.70390625 0.39453125 0.0796875 0.0796875
1 0.45078125 0.38125 0.07421875 0.07578125
1 0.20390625 0.39140625 0.0859375 0.0796875
1 0.0953125 0.46640625 0.07265625 0.07578125
1 0.33046875 0.4640625 0.07109375 0.08125
1 0.5796875 0.45859375 0.08125 0.07421875
1 0.8265625 0.44921875 0.0671875 0.0671875
1 0.20859375 0.5328125 0.08125 0.07578125
1 0.4578125 0.5375 0.0875 0.07109375
1 0.70859375 0.5328125 0.09609375 0.09765625
1 0.94609375 0.5140625 0.0796875 0.084375
1 0.09765625 0.60546875 0.07734375 0.07265625
1 0.3359375 0.61015625 0.07109375 0.0625
1 0.5796875 0.60078125 0.0828125 0.07265625
1 0.834375 0.590625 0.08125 0.06953125
1 0.21796875 0.6765625 0.06953125 0.07109375
1 0.4609375 0.67734375 0.08125 0.0640625
1 0.70390625 0.67578125 0.0875 0.084375
1 0.95859375 0.66953125 0.07421875 0.07109375
1 0.1015625 0.7609375 0.08984375 0.08984375
1 0.2203125 0.81328125 0.0625 0.07265625
1 0.340625 0.753125 0.08125 0.0875
1 0.5828125 0.7484375 0.084375 0.07109375
1 0.82890625 0.740625 0.0625 0.07421875
1 0.946875 0.80625 0.07734375 0.07734375
1 0.70859375 0.81328125 0.08125 0.0828125
1 0.09375 0.9015625 0.08125 0.07421875
1 0.21796875 0.9578125 0.07109375 0.07265625
1 0.33125 0.88828125 0.07421875 0.07578125
1 0.46875 0.96484375 0.07109375 0.0578125
1 0.46484375 0.809375 0.07421875 0.07421875
1 0.58359375 0.88203125 0.065625 0.065625
1 0.70859375 0.95234375 0.07265625 0.06953125
1 0.83046875 0.878125 0.08125 0.0875
1 0.95 0.95 0.0875 0.07734375