1 0.10625 0.04140625 0.0890625 0.075
1 0.22109375 0.1078125 0.0984375 0.090625
1 0.32890625 0.03671875 0.0734375 0.0734375
1 0.4625 0.1015625 0.0921875 0.0828125
1 0.56953125 0.0421875 0.090625 0.084375
1 0.66796875 0.10390625 0.08125 0.071875
1 0.79609375 0.0390625 0.0984375 0.078125
1 0.91640625 0.1 0.08125 0.08125
1 0.796875 0.15859375 0.0796875 0.0859375
1 0.56328125 0.16640625 0.0828125 0.0828125
1 0.67578125 0.2171875 0.090625 0.090625
1 0.3296875 0.175 0.1 0.0859375
1 0.22578125 0.23046875 0.1078125 0.0921875
1 0.1140625 0.30625 0.090625 0.09375
1 0.4609375 0.2328125 0.0765625 0.0703125
1 0.79453125 0.3 0.090625 0.084375
1 0.56953125 0.2875 0.08125 0.0765625
1 0.3375 0.29609375 0.084375 0.0671875
1 0.22734375 0.36171875 0.0953125 0.0890625
1 0.1203125 0.440625 0.078125 0.071875
1 0.45859375 0.378125 0.0765625 0.0640625
1 0.3453125 0.4375 0.071875 0.0671875
1 0.6890625 0.35859375 0.06875 0.0703125
1 0.91875 0.359375 0.075 0.078125
1 0.8046875 0.41953125 0.06875 0.0671875
1 0.9171875 0.48515625 0.0796875 0.071875
1 0.68828125 0.4890625 0.0734375 0.075
1 0.5703125 0.421875 0.0921875 0.0734375
1 0.45859375 0.49140625 0.0875 0.0875
1 0.23125 0.50078125 0.1 0.1
1 0.11484375 0.559375 0.1078125 0.1015625
1 0.2328125 0.63203125 0.090625 0.0796875
1 0.34453125 0.5625 0.075 0.0609375
1 0.57109375 0.5515625 0.065625 0.059375
1 0.67890625 0.61328125 0.084375 0.071875
1 0.80625 0.56015625 0.0796875 0.075
1 0.9265625 0.60859375 0.08125 0.0875
1 0.7984375 0.69140625 0.08125 0.0953125
1 0.465625 0.64453125 0.0859375 0.0734375
1 0.3453125 0.69453125 0.078125 0.0734375
1 0.115625 0.6984375 0.08125 0.0671875
1 0.1109375 0.83359375 0.0734375 0.071875
1 0.228125 0.7734375 0.090625 0.0765625
1 0.23125 0.90078125 0.0875 0.0875
1 0.125 0.9625 0.0875 0.075
1 0.3421875 0.82421875 0.0734375 0.0890625
1 0.4578125 0.765625 0.0640625 0.0671875
1 0.578125 0.69921875 0.075 0.0890625
1 0.6875 0.75234375 0.08125 0.090625
1 0.91484375 0.74765625 0.071875 0.0734375
1 0.803125 0.81796875 0.071875 0.0609375
1 0.9265625 0.884375 0.0765625 0.0734375
1 0.8046875 0.94921875 0.0703125 0.065625
1 0.6953125 0.8875 0.0703125 0.0671875
1 0.5796875 0.83203125 0.071875 0.08125
1 0.46328125 0.87734375 0.0703125 0.065625
1 0.5734375 0.95390625 0.0671875 0.0671875
1 0.346875 0.95234375 0.08125 0.078125
1 0.01796875 0.1125 0.0359375 0.0703125
1 0.01796875 0.37734375 0.0359375 0.075
1 0.01796875 0.76328125 0.0359375 0.059375
1 0.01875 0.8953125 0.0375 0.0609375
1 0.0234375 0.6375 0.046875 0.059375
1 0.01640625 0.5046875 0.0328125 0.0546875
1 0.01640625 0.2390625 0.0328125 0.059375