1 0.115625 0.1 0.10390625 0.1
1 0.2546875 0.04140625 0.08984375 0.0828125
1 0.38359375 0.0921875 0.08828125 0.08984375
1 0.51015625 0.03984375 0.09375 0.0796875
1 0.7671875 0.04140625 0.0984375 0.0828125
1 0.9828125 0.03125 0.034375 0.0625
1 0.12578125 0.2453125 0.08671875 0.09140625
1 0.24765625 0.159375 0.07421875 0.08828125
1 0.50546875 0.16875 0.08125 0.0796875
1 0.640625 0.09765625 0.07421875 0.078125
1 0.75703125 0.16015625 0.07265625 0.07265625
1 0.8875 0.0953125 0.065625 0.0671875
1 0.9859375 0.159375 0.02734375 0.0828125
1 0.88984375 0.2078125 0.065625 0.06953125
1 0.63984375 0.22890625 0.08515625 0.06953125
1 0.3984375 0.23984375 0.065625 0.07421875
1 0.253125 0.3171875 0.0796875 0.10390625
1 0.121875 0.39375 0.07578125 0.08125
1 0.26015625 0.46484375 0.07265625 0.078125
1 0.128125 0.53828125 0.08671875 0.08125
1 0.0125 0.05390625 0.02421875 0.05546875
1 0.0125 0.32890625 0.02421875 0.0625
1 0.01015625 0.4640625 0.0203125 0.05625
1 0.0109375 0.18828125 0.021875 0.0609375
1 0.50625 0.30703125 0.07109375 0.0671875
1 0.7546875 0.30703125 0.065625 0.06953125
1 0.98828125 0.2984375 0.0234375 0.06875
1 0.88125 0.3859375 0.07578125 0.0671875
1 0.63984375 0.38203125 0.06953125 0.0671875
1 0.38671875 0.3890625 0.06953125 0.07109375
1 0.51875 0.45859375 0.078125 0.07109375
1 0.98828125 0.45703125 0.0234375 0.0796875
1 0.75703125 0.4625 0.06953125 0.0640625
1 0.88125 0.52890625 0.07109375 0.07421875
1 0.3875 0.5296875 0.078125 0.07578125
1 0.63515625 0.5265625 0.07109375 0.0671875
1 0.984375 0.6015625 0.03125 0.08125
1 0.7671875 0.60546875 0.078125 0.07421875
1 0.50625 0.5921875 0.08515625 0.08984375
1 0.14375 0.6859375 0.07265625 0.078125
1 0.259375 0.60546875 0.0828125 0.078125
1 0.01953125 0.61796875 0.0390625 0.0578125
1 0.015625 0.765625 0.03125 0.0640625
1 0.3859375 0.67734375 0.0671875 0.05703125
1 0.63359375 0.675 0.05703125 0.06953125
1 0.88828125 0.67578125 0.065625 0.065625
1 0.76640625 0.74296875 0.0609375 0.065625
1 0.9921875 0.74453125 0.015625 0.0609375
1 0.5140625 0.74921875 0.0671875 0.06953125
1 0.1390625 0.8359375 0.078125 0.0828125
1 0.01875 0.91953125 0.0375 0.0703125
1 0.13203125 0.96328125 0.08515625 0.07265625
1 0.25703125 0.90625 0.0640625 0.06953125
1 0.396875 0.975 0.0671875 0.05
1 0.3921875 0.825 0.07109375 0.07109375
1 0.5109375 0.896875 0.07421875 0.0796875
1 0.6375 0.8234375 0.07578125 0.06953125
1 0.76796875 0.90078125 0.08671875 0.08125
1 0.88828125 0.821875 0.0796875 0.078125
1 0.99140625 0.8921875 0.0171875 0.08125
1 0.8890625 0.96640625 0.07578125 0.0671875
1 0.6359375 0.971875 0.078125 0.05625