1 0.7859375 0.03515625 0.075 0.0703125
1 0.9015625 0.1015625 0.090625 0.0765625
1 0.65 0.09375 0.08828125 0.07265625
1 0.52734375 0.03046875 0.0765625 0.06015625
1 0.3953125 0.09296875 0.08515625 0.07265625
1 0.2609375 0.16015625 0.065625 0.07109375
1 0.2609375 0.02578125 0.0671875 0.0515625
1 0.125 0.09296875 0.07109375 0.078125
1 0.01640625 0.02890625 0.0328125 0.0578125
1 0.0109375 0.159375 0.02109375 0.06015625
1 0.12578125 0.24140625 0.06953125 0.07109375
1 0.51953125 0.175 0.06171875 0.0640625
1 0.38359375 0.2453125 0.07109375 0.07265625
1 0.77578125 0.16875 0.07109375 0.07265625
1 0.90625 0.2515625 0.07265625 0.06015625
1 0.64609375 0.2484375 0.07109375 0.06171875
1 0.775 0.32421875 0.0640625 0.065625
1 0.909375 0.403125 0.06953125 0.07421875
1 0.5171875 0.328125 0.0671875 0.0671875
1 0.0125 0.31640625 0.025 0.06953125
1 0.25859375 0.3109375 0.0640625 0.07109375
1 0.1234375 0.3875 0.06171875 0.06953125
1 0.009375 0.4609375 0.01875 0.0625
1 0.2578125 0.4734375 0.0671875 0.065625
1 0.1265625 0.54140625 0.065625 0.0671875
1 0.63984375 0.4015625 0.07109375 0.0640625
1 0.51796875 0.484375 0.06171875 0.05859375
1 0.38984375 0.5484375 0.065625 0.07421875
1 0.76953125 0.4828125 0.06015625 0.06953125
1 0.903125 0.5578125 0.06953125 0.065625
1 0.646875 0.55078125 0.06953125 0.065625
1 0.78046875 0.625 0.0796875 0.0765625
1 0.2546875 0.62421875 0.06171875 0.06015625
1 0.521875 0.6234375 0.0671875 0.05859375
1 0.90546875 0.71640625 0.078125 0.07421875
1 0.7625 0.7546875 0.0640625 0.065625
1 0.646875 0.6921875 0.0515625 0.05
1 0.50390625 0.7609375 0.065625 0.065625
1 0.38828125 0.69453125 0.07421875 0.06171875
1 0.89921875 0.8359375 0.0765625 0.0640625
1 0.8984375 0.97421875 0.065625 0.0515625
1 0.7640625 0.896875 0.07109375 0.0640625
1 0.6375 0.97421875 0.06171875 0.0515625
1 0.62421875 0.8203125 0.0671875 0.065625
1 0.50234375 0.896875 0.07421875 0.0640625
1 0.3765625 0.82109375 0.07109375 0.065625
1 0.2515625 0.765625 0.0640625 0.05859375
1 0.12421875 0.69296875 0.065625 0.0640625
1 0.015625 0.74140625 0.03125 0.0578125
1 0.12265625 0.825 0.05859375 0.053125
1 0.25859375 0.9015625 0.05859375 0.05703125
1 0.36953125 0.96953125 0.06171875 0.0546875
1 0.1234375 0.97890625 0.0546875 0.0421875
1 0.0125 0.8875 0.025 0.0546875