1 0.84375 0.01328125 0.084375 0.0265625
1 0.9609375 0.06640625 0.07109375 0.07109375
1 0.58984375 0.0140625 0.0890625 0.028125
1 0.7203125 0.059375 0.07734375 0.07734375
1 0.34609375 0.01328125 0.0703125 0.0265625
1 0.1 0.0109375 0.07109375 0.021875
1 0.00859375 0.04375 0.0171875 0.0671875
1 0.2265625 0.05078125 0.084375 0.07109375
1 0.4734375 0.059375 0.07109375 0.0609375
1 0.59453125 0.128125 0.06953125 0.084375
1 0.84453125 0.1359375 0.07109375 0.08125
1 0.96484375 0.2046875 0.0703125 0.071875
1 0.7171875 0.20546875 0.07578125 0.0796875
1 0.4734375 0.2015625 0.0859375 0.084375
1 0.346875 0.128125 0.0828125 0.09453125
1 0.1015625 0.134375 0.0796875 0.0828125
1 0.0109375 0.19140625 0.021875 0.0828125
1 0.22578125 0.2 0.084375 0.0828125
1 0.0953125 0.26015625 0.06953125 0.0796875
1 0.3453125 0.271875 0.065625 0.07578125
1 0.83125 0.28046875 0.07421875 0.07578125
1 0.95 0.35390625 0.07265625 0.08125
1 0.7140625 0.34296875 0.065625 0.07109375
1 0.840625 0.409375 0.06953125 0.06953125
1 0.5859375 0.4203125 0.0640625 0.07109375
1 0.4734375 0.340625 0.07109375 0.06953125
1 0.22109375 0.33984375 0.07421875 0.08125
1 0.00859375 0.3359375 0.0171875 0.07734375
1 0.09765625 0.4125 0.0671875 0.07109375
1 0.0078125 0.4703125 0.01484375 0.0828125
1 0.2171875 0.478125 0.07265625 0.07265625
1 0.465625 0.4796875 0.07421875 0.07578125
1 0.71171875 0.49140625 0.07578125 0.0859375
1 0.9609375 0.4921875 0.07734375 0.07265625
1 0.834375 0.5578125 0.07109375 0.07109375
1 0.58515625 0.559375 0.084375 0.0828125
1 0.34375 0.55234375 0.07265625 0.0796875
1 0.09296875 0.54375 0.07734375 0.0828125
1 0.0078125 0.62265625 0.01484375 0.0828125
1 0.2234375 0.62265625 0.07578125 0.0796875
1 0.11171875 0.66796875 0.07265625 0.07421875
1 0.46953125 0.6296875 0.065625 0.07109375
1 0.7140625 0.63515625 0.09453125 0.0796875
1 0.95390625 0.62890625 0.07421875 0.07421875
1 0.83984375 0.71015625 0.065625 0.07265625
1 0.9515625 0.778125 0.084375 0.0828125
1 0.7078125 0.7640625 0.07109375 0.08125
1 0.5859375 0.7078125 0.08125 0.08984375
1 0.34296875 0.69765625 0.08125 0.07578125
1 0.21796875 0.7625 0.065625 0.08125
1 0.090625 0.825 0.0828125 0.07265625
1 0.9515625 0.91484375 0.0828125 0.0828125
1 0.8296875 0.846875 0.08125 0.08125
1 0.5828125 0.84453125 0.08125 0.0859375
1 0.46953125 0.7625 0.09296875 0.084375
1 0.471875 0.903125 0.084375 0.09296875
1 0.3421875 0.84375 0.0859375 0.08984375
1 0.2171875 0.903125 0.0859375 0.0859375