1 0.8 0.93359375 0.07109375 0.0671875
1 0.93828125 0.74453125 0.07265625 0.06953125
1 0.66953125 0.8375 0.07109375 0.08125
1 0.7765625 0.7703125 0.07265625 0.06953125
1 0.52109375 0.92734375 0.0671875 0.06171875
1 0.40703125 0.98203125 0.06953125 0.03515625
1 0.13203125 0.984375 0.0734375 0.03125
1 0.0265625 0.93359375 0.053125 0.06171875
1 0.28125 0.93671875 0.0640625 0.06015625
1 0.40703125 0.84921875 0.0671875 0.0640625
1 0.41484375 0.6984375 0.06015625 0.06171875
1 0.02734375 0.77421875 0.0546875 0.0765625
1 0.12578125 0.70859375 0.0765625 0.078125
1 0.8953125 0.52890625 0.0546875 0.0546875
1 0.9921875 0.4671875 0.015625 0.06171875
1 0.76171875 0.47265625 0.0546875 0.0546875
1 0.89296875 0.396875 0.05 0.0546875
1 0.88984375 0.2359375 0.05859375 0.0640625
1 0.76328125 0.3296875 0.0515625 0.0515625
1 0.8890625 0.08515625 0.06015625 0.0640625
1 0.7671875 0.1671875 0.05703125 0.05703125
1 0.76796875 0.02890625 0.0609375 0.0578125
1 0.53125 0.603125 0.07109375 0.07109375
1 0.3953125 0.5453125 0.06171875 0.06171875
1 0.525 0.49921875 0.07421875 0.07109375
1 0.38984375 0.3953125 0.0671875 0.0671875
1 0.2546875 0.48125 0.065625 0.0640625
1 0.146875 0.546875 0.07265625 0.07109375
1 0.0234375 0.4765625 0.04609375 0.0671875
1 0.14375 0.3984375 0.06171875 0.05859375
1 0.25390625 0.3328125 0.06171875 0.05859375
1 0.6328125 0.40625 0.0671875 0.0671875
1 0.63984375 0.2640625 0.06953125 0.06171875
1 0.51953125 0.3328125 0.05703125 0.05703125
1 0.51953125 0.19453125 0.0640625 0.07109375
1 0.3828125 0.2671875 0.07265625 0.07109375
1 0.50859375 0.03671875 0.07421875 0.0671875
1 0.36875 0.0984375 0.0640625 0.0640625
1 0.24921875 0.1859375 0.06953125 0.07265625
1 0.13671875 0.26171875 0.0671875 0.0671875
1 0.0234375 0.3265625 0.04609375 0.0671875
1 0.01875 0.1765625 0.0375 0.0546875
1 0.24296875 0.03984375 0.0765625 0.07421875
1 0.12265625 0.109375 0.07109375 0.07109375
1 0.01875 0.0375 0.0375 0.07421875