1 0.15078125 0.05703125 0.084375 0.075
1 0.0421875 0.12734375 0.0828125 0.08125
1 0.1515625 0.1921875 0.071875 0.075
1 0.2703125 0.11796875 0.06875 0.06875
1 0.3890625 0.05625 0.0734375 0.0828125
1 0.39609375 0.1875 0.0765625 0.078125
1 0.50546875 0.1140625 0.06875 0.0703125
1 0.61875 0.05546875 0.071875 0.06875
1 0.83046875 0.04296875 0.06875 0.0625
1 0.7296875 0.10546875 0.071875 0.0625
1 0.9453125 0.1109375 0.0796875 0.0671875
1 0.82890625 0.175 0.0765625 0.059375
1 0.50625 0.24609375 0.0703125 0.0609375
1 0.625 0.18046875 0.0640625 0.0578125
1 0.953125 0.2421875 0.0703125 0.059375
1 0.73046875 0.2359375 0.0796875 0.065625
1 0.84296875 0.3078125 0.0703125 0.084375
1 0.9546875 0.3734375 0.0765625 0.0875
1 0.04453125 0.2625 0.0796875 0.0625
1 0.275 0.2609375 0.0703125 0.0640625
1 0.15625 0.32578125 0.08125 0.0703125
1 0.046875 0.3921875 0.0609375 0.071875
1 0.15 0.45 0.0671875 0.0640625
1 0.27109375 0.37890625 0.078125 0.08125
1 0.3765625 0.3078125 0.0703125 0.0671875
1 0.48671875 0.3765625 0.075 0.075
1 0.603125 0.3046875 0.06875 0.075
1 0.7296875 0.365625 0.071875 0.078125
1 0.8453125 0.4296875 0.0734375 0.0703125
1 0.95625 0.4984375 0.0671875 0.071875
1 0.04140625 0.51171875 0.0671875 0.0609375
1 0.15703125 0.5734375 0.0703125 0.059375
1 0.2671875 0.51015625 0.0609375 0.0640625
1 0.3828125 0.44453125 0.0703125 0.0703125
1 0.4921875 0.50390625 0.075 0.0671875
1 0.3796875 0.57265625 0.06875 0.059375
1 0.6015625 0.4359375 0.0765625 0.0703125
1 0.72890625 0.496875 0.0671875 0.06875
1 0.8375 0.55859375 0.0640625 0.0671875
1 0.609375 0.56484375 0.0828125 0.075
1 0.06015625 0.75625 0.059375 0.065625
1 0.1890625 0.6921875 0.065625 0.0578125
1 0.4140625 0.684375 0.05625 0.0625
1 0.64765625 0.678125 0.0625 0.05625
1 0.8703125 0.68125 0.0703125 0.0609375
1 0.959375 0.73203125 0.065625 0.0671875
1 0.1859375 0.82265625 0.0703125 0.0640625
1 0.28359375 0.75859375 0.0671875 0.0609375
1 0.2828125 0.88046875 0.06875 0.06875
1 0.18984375 0.9546875 0.0640625 0.05625
1 0.4171875 0.8125 0.075 0.0703125
1 0.50390625 0.74765625 0.065625 0.06875
1 0.746875 0.74140625 0.0609375 0.0640625
1 0.86953125 0.80703125 0.06875 0.0671875
1 0.975 0.87421875 0.05 0.059375
1 0.8828125 0.940625 0.0625 0.0609375
1 0.7546875 0.875 0.0734375 0.06875
1 0.6453125 0.8109375 0.059375 0.05625
1 0.51640625 0.8734375 0.065625 0.06875
1 0.41015625 0.94375 0.0625 0.0671875
1 0.65390625 0.93984375 0.0625 0.0546875