1 0.91484375 0.9453125 0.09140625 0.09765625
1 0.8015625 0.9796875 0.096875 0.040625
1 0.68203125 0.93046875 0.09453125 0.084375
1 0.54140625 0.984375 0.09296875 0.03125
1 0.42578125 0.9515625 0.08046875 0.0859375
1 0.55390625 0.8765625 0.07734375 0.071875
1 0.15625 0.96328125 0.078125 0.0734375
1 0.3078125 0.884375 0.065625 0.0671875
1 0.0546875 0.878125 0.06875 0.06328125
1 0.175 0.8203125 0.07578125 0.0859375
1 0.434375 0.815625 0.07890625 0.09140625
1 0.8078125 0.86875 0.06875 0.06875
1 0.9390625 0.80546875 0.09453125 0.0828125
1 0.81015625 0.734375 0.09140625 0.07890625
1 0.67734375 0.80234375 0.09140625 0.07734375
1 0.56171875 0.73828125 0.07890625 0.09140625
1 0.30859375 0.7390625 0.09453125 0.0859375
1 0.04921875 0.7421875 0.08046875 0.07890625
1 0.17890625 0.675 0.08046875 0.084375
1 0.93828125 0.66171875 0.07578125 0.065625
1 0.8078125 0.5875 0.07578125 0.07421875
1 0.6796875 0.65625 0.084375 0.07734375
1 0.43984375 0.6671875 0.09453125 0.1
1 0.3109375 0.603125 0.071875 0.0859375
1 0.0515625 0.5953125 0.07578125 0.08046875
1 0.5703125 0.59296875 0.07578125 0.06875
1 0.66875 0.50625 0.0703125 0.0703125
1 0.93046875 0.4984375 0.09140625 0.09765625
1 0.80390625 0.44921875 0.0828125 0.0890625
1 0.56171875 0.45703125 0.07578125 0.0875
1 0.428125 0.51875 0.0859375 0.0875
1 0.30546875 0.4515625 0.07421875 0.08046875
1 0.16875 0.5328125 0.0859375 0.0890625
1 0.93203125 0.3640625 0.0828125 0.07421875
1 0.67890625 0.37421875 0.0859375 0.0890625
1 0.81015625 0.3 0.07890625 0.0828125
1 0.42890625 0.38203125 0.09765625 0.09140625
1 0.16875 0.3734375 0.0890625 0.09140625
1 0.05 0.29921875 0.0859375 0.07734375
1 0.2953125 0.3109375 0.0828125 0.07578125
1 0.54609375 0.296875 0.07578125 0.07421875
1 0.93203125 0.221875 0.0875 0.07734375
1 0.9296875 0.0796875 0.07421875 0.07890625
1 0.80859375 0.15390625 0.071875 0.07578125
1 0.675 0.23203125 0.09296875 0.0859375
1 0.67421875 0.08046875 0.07578125 0.08046875
1 0.55859375 0.15 0.0828125 0.084375
1 0.5515625 0.02109375 0.075 0.0421875
1 0.41953125 0.08515625 0.0828125 0.0859375
1 0.42578125 0.2421875 0.0828125 0.09609375
1 0.30078125 0.165625 0.0890625 0.09296875
1 0.2984375 0.025 0.084375 0.05
1 0.16953125 0.22890625 0.08046875 0.07734375
1 0.1671875 0.0859375 0.09453125 0.09140625
1 0.03984375 0.15546875 0.07890625 0.09453125
1 0.040625 0.0265625 0.08046875 0.053125
1 0.803125 0.0203125 0.078125 0.040625