1 0.090625 0.06796875 0.0609375 0.059375
1 0.20390625 0.125 0.06875 0.0625
1 0.09453125 0.2015625 0.0578125 0.059375
1 0.32734375 0.0609375 0.065625 0.059375
1 0.32890625 0.1984375 0.0703125 0.0640625
1 0.4484375 0.12109375 0.0734375 0.071875
1 0.5578125 0.05859375 0.0671875 0.0640625
1 0.6640625 0.11953125 0.0671875 0.0671875
1 0.559375 0.18359375 0.0703125 0.059375
1 0.78046875 0.0578125 0.0625 0.0609375
1 0.89609375 0.12109375 0.059375 0.0578125
1 0.78046875 0.1890625 0.065625 0.0578125
1 0.890625 0.25390625 0.0734375 0.0625
1 0.2125 0.265625 0.071875 0.0625
1 0.0921875 0.334375 0.078125 0.0625
1 0.2078125 0.3984375 0.0671875 0.059375
1 0.33359375 0.32578125 0.071875 0.0640625
1 0.4453125 0.2546875 0.0640625 0.053125
1 0.66015625 0.25546875 0.0625 0.0625
1 0.565625 0.321875 0.078125 0.0625
1 0.778125 0.31953125 0.059375 0.0625
1 0.9046875 0.39609375 0.0671875 0.075
1 0.7890625 0.4578125 0.0703125 0.0625
1 0.66953125 0.39296875 0.06875 0.06875
1 0.453125 0.384375 0.075 0.0625
1 0.5640625 0.45703125 0.071875 0.071875
1 0.3359375 0.46796875 0.08125 0.0640625
1 0.10390625 0.46640625 0.06875 0.0609375
1 0.22109375 0.53515625 0.0640625 0.0546875
1 0.10234375 0.5984375 0.0765625 0.0625
1 0.34140625 0.5921875 0.0703125 0.0640625
1 0.4625 0.521875 0.075 0.0671875
1 0.56640625 0.58515625 0.0765625 0.0625
1 0.66640625 0.5265625 0.0734375 0.0625
1 0.896875 0.5265625 0.065625 0.071875
1 0.78203125 0.5890625 0.06875 0.0546875
1 0.90078125 0.6640625 0.05625 0.059375
1 0.66484375 0.65625 0.065625 0.05625
1 0.7859375 0.72265625 0.0578125 0.0640625
1 0.4546875 0.6609375 0.065625 0.059375
1 0.56875 0.725 0.0734375 0.0625
1 0.21484375 0.66328125 0.071875 0.065625
1 0.09765625 0.7375 0.0671875 0.0703125
1 0.21953125 0.80078125 0.0625 0.0671875
1 0.3484375 0.73515625 0.0625 0.059375
1 0.10625 0.871875 0.06875 0.0578125
1 0.21640625 0.93515625 0.06875 0.05625
1 0.35234375 0.87578125 0.075 0.059375
1 0.46640625 0.93359375 0.0734375 0.065625
1 0.46484375 0.7953125 0.0578125 0.0609375
1 0.57265625 0.8625 0.059375 0.0578125
1 0.6671875 0.790625 0.0578125 0.046875
1 0.65859375 0.9265625 0.05625 0.0515625
1 0.78671875 0.8609375 0.065625 0.053125
1 0.90390625 0.7953125 0.065625 0.053125
1 0.90390625 0.93046875 0.065625 0.065625
1 0.79609375 0.98125 0.059375 0.0375