1 0.05625 0.87265625 0.06640625 0.06015625
1 0.17421875 0.92890625 0.0734375 0.06640625
1 0.29375 0.87734375 0.078125 0.0796875
1 0.06015625 0.73359375 0.0765625 0.075
1 0.16796875 0.803125 0.08125 0.0734375
1 0.41640625 0.93515625 0.08828125 0.08984375
1 0.659375 0.93203125 0.0765625 0.075
1 0.534375 0.8796875 0.078125 0.0765625
1 0.890625 0.94765625 0.075 0.06328125
1 0.99375 0.884375 0.0125 0.065625
1 0.6578125 0.8125 0.06640625 0.06484375
1 0.77265625 0.8609375 0.078125 0.07109375
1 0.8984375 0.815625 0.06796875 0.0765625
1 0.415625 0.8078125 0.0828125 0.0828125
1 0.29921875 0.71640625 0.0796875 0.075
1 0.17109375 0.653125 0.0796875 0.08125
1 0.05625 0.590625 0.0734375 0.06953125
1 0.41640625 0.66953125 0.0734375 0.0796875
1 0.53203125 0.73515625 0.078125 0.078125
1 0.66796875 0.6765625 0.0578125 0.06484375
1 0.775 0.73828125 0.07109375 0.07109375
1 0.9921875 0.73984375 0.01484375 0.07109375
1 0.89765625 0.66328125 0.06640625 0.06796875
1 0.775 0.590625 0.07109375 0.075
1 0.53046875 0.60078125 0.06796875 0.06953125
1 0.1640625 0.52890625 0.07109375 0.0796875
1 0.41640625 0.53359375 0.0828125 0.078125
1 0.04765625 0.453125 0.08125 0.06640625
1 0.66015625 0.528125 0.084375 0.06953125
1 0.30078125 0.4484375 0.078125 0.078125
1 0.53984375 0.45 0.0796875 0.0796875
1 0.7890625 0.4625 0.06640625 0.075
1 0.8984375 0.53359375 0.0765625 0.078125
1 0.17109375 0.3765625 0.07109375 0.07109375
1 0.0546875 0.3015625 0.0765625 0.07109375
1 0.4046875 0.40390625 0.07109375 0.06953125
1 0.65625 0.38125 0.06953125 0.06640625
1 0.896875 0.38671875 0.075 0.075
1 0.30546875 0.3109375 0.0734375 0.06953125
1 0.18203125 0.23984375 0.08671875 0.084375
1 0.05859375 0.15859375 0.078125 0.078125
1 0.0625 0.028125 0.078125 0.05625
1 0.184375 0.09375 0.06796875 0.07109375
1 0.3 0.02421875 0.06796875 0.0484375
1 0.303125 0.1703125 0.078125 0.0796875
1 0.42421875 0.11484375 0.0796875 0.084375
1 0.42578125 0.23359375 0.08984375 0.0828125
1 0.53984375 0.31875 0.0796875 0.08828125
1 0.65625 0.24296875 0.08828125 0.0796875
1 0.5390625 0.17890625 0.084375 0.0828125
1 0.6625 0.10859375 0.08671875 0.08671875
1 0.7890625 0.03359375 0.0765625 0.06640625
1 0.90078125 0.10625 0.09609375 0.08984375
1 0.54140625 0.03828125 0.06953125 0.0765625