1 0.059375 0.0390625 0.08125 0.065625
1 0.27890625 0.025 0.084375 0.05
1 0.396875 0.0703125 0.0796875 0.06875
1 0.171875 0.09375 0.075 0.0625
1 0.503125 0.0203125 0.053125 0.040625
1 0.73125 0.02265625 0.0625 0.0453125
1 0.834375 0.06953125 0.065625 0.0671875
1 0.72890625 0.13671875 0.084375 0.078125
1 0.83984375 0.1984375 0.0703125 0.0703125
1 0.95859375 0.13828125 0.075 0.0671875
1 0.62109375 0.2046875 0.0875 0.0890625
1 0.05703125 0.1515625 0.08125 0.0734375
1 0.27421875 0.1890625 0.084375 0.075
1 0.39375 0.2140625 0.0796875 0.0734375
1 0.15859375 0.22890625 0.0859375 0.0734375
1 0.0578125 0.29609375 0.0828125 0.0609375
1 0.2828125 0.2953125 0.06875 0.0703125
1 0.16796875 0.3546875 0.0578125 0.0546875
1 0.3984375 0.3484375 0.065625 0.0578125
1 0.50625 0.27578125 0.0828125 0.0828125
1 0.7328125 0.2703125 0.0640625 0.065625
1 0.953125 0.25703125 0.09375 0.1015625
1 0.84453125 0.3203125 0.0703125 0.078125
1 0.61875 0.32890625 0.0734375 0.075
1 0.05546875 0.425 0.078125 0.0875
1 0.2828125 0.40703125 0.075 0.0703125
1 0.49453125 0.409375 0.0671875 0.0828125
1 0.73515625 0.39921875 0.0765625 0.0859375
1 0.83359375 0.4546875 0.1046875 0.096875
1 0.953125 0.39609375 0.09375 0.1015625
1 0.6265625 0.46328125 0.096875 0.090625
1 0.49921875 0.53984375 0.0953125 0.0890625
1 0.28203125 0.54765625 0.084375 0.075
1 0.0578125 0.5359375 0.0671875 0.075
1 0.17734375 0.61484375 0.06875 0.0734375
1 0.7265625 0.53125 0.0765625 0.0671875
1 0.95703125 0.5390625 0.071875 0.0796875
1 0.83828125 0.60234375 0.0796875 0.0828125
1 0.94921875 0.6609375 0.0859375 0.09375
1 0.7234375 0.66171875 0.0828125 0.0875
1 0.61640625 0.5984375 0.078125 0.071875
1 0.49453125 0.67265625 0.09375 0.0875
1 0.6203125 0.7296875 0.0703125 0.0703125
1 0.8421875 0.734375 0.084375 0.0765625
1 0.05859375 0.67578125 0.0734375 0.075
1 0.17578125 0.75 0.06875 0.0625
1 0.0671875 0.8109375 0.0734375 0.0734375
1 0.16953125 0.88046875 0.0765625 0.0765625
1 0.06953125 0.940625 0.0796875 0.084375
1 0.28828125 0.93984375 0.0765625 0.065625
1 0.28125 0.81171875 0.078125 0.065625
1 0.39609375 0.740625 0.078125 0.075
1 0.4046875 0.88203125 0.065625 0.06875
1 0.50546875 0.803125 0.053125 0.053125
1 0.51171875 0.9359375 0.053125 0.0640625
1 0.61796875 0.865625 0.075 0.0671875
1 0.73515625 0.7984375 0.0703125 0.078125
1 0.74296875 0.93515625 0.0671875 0.0703125
1 0.84609375 0.86484375 0.0703125 0.08125
1 0.965625 0.934375 0.0625 0.059375
1 0.96796875 0.78984375 0.0640625 0.0875
1 0.84609375 0.9859375 0.0515625 0.028125