1 0.090625 0.9796875 0.10703125 0.040625
1 0.08125 0.85390625 0.09375 0.0921875
1 0.3578125 0.9796875 0.09609375 0.040625
1 0.215625 0.775 0.12734375 0.10859375
1 0.36328125 0.8578125 0.1203125 0.103125
1 0.49921875 0.9578125 0.0921875 0.0828125
1 0.75625 0.95078125 0.0921875 0.09609375
1 0.9828125 0.94765625 0.034375 0.0828125
1 0.8765625 0.8765625 0.1015625 0.1015625
1 0.61875 0.87109375 0.08515625 0.07734375
1 0.48515625 0.79296875 0.10859375 0.09375
1 0.746875 0.79921875 0.09609375 0.10546875
1 0.9796875 0.7765625 0.040625 0.103125
1 0.87421875 0.709375 0.10859375 0.09609375
1 0.36171875 0.70390625 0.09375 0.1
1 0.621875 0.7125 0.08828125 0.090625
1 0.50078125 0.628125 0.09765625 0.0921875
1 0.21953125 0.62578125 0.09609375 0.1015625
1 0.35703125 0.54609375 0.1 0.1015625
1 0.0875 0.553125 0.10703125 0.1140625
1 0.9890625 0.62109375 0.021875 0.090625
1 0.9 0.55078125 0.071875 0.0921875
1 0.76015625 0.48046875 0.08828125 0.10546875
1 0.48671875 0.4984375 0.07734375 0.08828125
1 0.61640625 0.4140625 0.08515625 0.0828125
1 0.22421875 0.46875 0.07578125 0.0734375
1 0.11171875 0.384375 0.08125 0.0828125
1 0.0109375 0.303125 0.021875 0.0828125
1 0.0953125 0.24921875 0.071875 0.0828125
1 0.2328125 0.3125 0.071875 0.0828125
1 0.36171875 0.3890625 0.08125 0.08671875
1 0.48828125 0.3515625 0.06796875 0.07734375
1 0.990625 0.4640625 0.01875 0.0828125
1 0.89921875 0.38359375 0.08125 0.0796875
1 0.76015625 0.34140625 0.08828125 0.0828125
1 0.9125 0.24609375 0.08671875 0.0921875
1 0.62421875 0.25859375 0.08515625 0.07734375
1 0.09375 0.09140625 0.1140625 0.10703125
1 0.23046875 0.1765625 0.0796875 0.08515625
1 0.36171875 0.24453125 0.0703125 0.0796875
1 0.2390625 0.03515625 0.0828125 0.0703125
1 0.365625 0.10703125 0.08125 0.09375
1 0.49296875 0.16796875 0.08671875 0.09765625
1 0.4953125 0.034375 0.09375 0.06796875
1 0.62734375 0.10703125 0.0734375 0.07578125
1 0.76328125 0.184375 0.09609375 0.103125
1 0.77578125 0.04140625 0.10546875 0.0828125
1 0.90390625 0.1078125 0.08671875 0.08828125