1 0.08828125 0.0953125 0.0828125 0.0890625
1 0.1921875 0.04375 0.0875 0.0796875
1 0.3 0.10859375 0.0859375 0.0765625
1 0.42890625 0.0390625 0.084375 0.06875
1 0.5328125 0.0890625 0.0734375 0.078125
1 0.41640625 0.1578125 0.0703125 0.065625
1 0.6609375 0.025 0.0625 0.05
1 0.7796875 0.078125 0.0703125 0.06875
1 0.88828125 0.028125 0.0671875 0.05625
1 0.640625 0.15078125 0.059375 0.0609375
1 0.8703125 0.15625 0.0625 0.0578125
1 0.7609375 0.20859375 0.06875 0.078125
1 0.525 0.21328125 0.071875 0.0828125
1 0.1859375 0.16484375 0.0625 0.0625
1 0.06640625 0.221875 0.0859375 0.075
1 0.18359375 0.28671875 0.0828125 0.071875
1 0.3046875 0.225 0.0828125 0.0703125
1 0.409375 0.28359375 0.071875 0.0828125
1 0.63984375 0.2828125 0.0859375 0.078125
1 0.97578125 0.2125 0.0484375 0.0703125
1 0.87578125 0.2796875 0.0734375 0.071875
1 0.7578125 0.340625 0.0734375 0.0765625
1 0.98125 0.340625 0.0375 0.0671875
1 0.0671875 0.353125 0.06875 0.059375
1 0.1859375 0.4203125 0.06875 0.0671875
1 0.30234375 0.3578125 0.0765625 0.0703125
1 0.5203125 0.34765625 0.0859375 0.090625
1 0.6375 0.40625 0.065625 0.078125
1 0.8734375 0.41328125 0.06875 0.0734375
1 0.4015625 0.415625 0.06875 0.0625
1 0.3125 0.49453125 0.0640625 0.0640625
1 0.07421875 0.5015625 0.0828125 0.0890625
1 0.1890625 0.54609375 0.075 0.08125
1 0.409375 0.5390625 0.06875 0.0796875
1 0.53125 0.4828125 0.078125 0.0796875
1 0.6421875 0.54375 0.0671875 0.0734375
1 0.7671875 0.4703125 0.078125 0.08125
1 0.97734375 0.4703125 0.0453125 0.0703125
1 0.07265625 0.6234375 0.075 0.0671875
1 0.303125 0.6140625 0.078125 0.08125
1 0.18359375 0.68203125 0.071875 0.075
1 0.53046875 0.60703125 0.0890625 0.0828125
1 0.7671875 0.61484375 0.08125 0.0828125
1 0.98515625 0.61015625 0.0296875 0.059375
1 0.875 0.6828125 0.078125 0.0703125
1 0.6515625 0.671875 0.075 0.06875
1 0.4234375 0.684375 0.06875 0.0671875
1 0.07265625 0.753125 0.0796875 0.0703125
1 0.075 0.88203125 0.0671875 0.071875
1 0.18515625 0.81484375 0.065625 0.06875
1 0.30625 0.74375 0.084375 0.078125
1 0.30703125 0.88125 0.06875 0.0734375
1 0.4125 0.81796875 0.075 0.0765625
1 0.4203125 0.953125 0.0671875 0.071875
1 0.5390625 0.87734375 0.075 0.078125
1 0.5328125 0.734375 0.075 0.0875
1 0.646875 0.80390625 0.08125 0.084375
1 0.64921875 0.94921875 0.0765625 0.078125
1 0.76640625 0.746875 0.0734375 0.0703125
1 0.76796875 0.8765625 0.0859375 0.0828125
1 0.8875 0.8140625 0.078125 0.0859375
1 0.8890625 0.94375 0.084375 0.075
1 0.190625 0.95625 0.071875 0.075