1 0.11953125 0.09296875 0.0703125 0.0703125
1 0.23828125 0.03125 0.0765625 0.05625
1 0.353125 0.084375 0.0546875 0.059375
1 0.4609375 0.0265625 0.0640625 0.0453125
1 0.57734375 0.0890625 0.059375 0.05625
1 0.69453125 0.0234375 0.0515625 0.046875
1 0.8046875 0.078125 0.0625 0.071875
1 0.91640625 0.021875 0.04375 0.04375
1 0.91484375 0.140625 0.0546875 0.05625
1 0.23828125 0.159375 0.0734375 0.06875
1 0.02265625 0.03203125 0.0453125 0.0546875
1 0.021875 0.165625 0.04375 0.0515625
1 0.12265625 0.23046875 0.065625 0.0546875
1 0.021875 0.296875 0.04375 0.06875
1 0.35703125 0.2171875 0.0546875 0.0515625
1 0.46015625 0.153125 0.05625 0.053125
1 0.69140625 0.15390625 0.0640625 0.05625
1 0.80234375 0.21484375 0.059375 0.0703125
1 0.91640625 0.28203125 0.0515625 0.0578125
1 0.56796875 0.2171875 0.0640625 0.0578125
1 0.46796875 0.284375 0.0578125 0.059375
1 0.23828125 0.28359375 0.0609375 0.05625
1 0.128125 0.35546875 0.0578125 0.0671875
1 0.35546875 0.36015625 0.0671875 0.0671875
1 0.69453125 0.28359375 0.05625 0.0625
1 0.0234375 0.42265625 0.046875 0.0515625
1 0.1265625 0.48671875 0.0578125 0.0578125
1 0.23828125 0.42109375 0.0640625 0.0703125
1 0.475 0.41015625 0.065625 0.0671875
1 0.79609375 0.34140625 0.059375 0.06875
1 0.921875 0.4046875 0.05625 0.0625
1 0.68828125 0.40625 0.0765625 0.075
1 0.58359375 0.4765625 0.0578125 0.075
1 0.35390625 0.47734375 0.0625 0.059375
1 0.0203125 0.54921875 0.040625 0.0515625
1 0.24296875 0.55703125 0.0625 0.065625
1 0.46796875 0.55078125 0.0625 0.0671875
1 0.80859375 0.48046875 0.0703125 0.06875
1 0.92890625 0.5296875 0.078125 0.0828125
1 0.69765625 0.54609375 0.065625 0.059375
1 0.12734375 0.6203125 0.065625 0.0703125
1 0.02734375 0.68515625 0.0546875 0.059375
1 0.24375 0.675 0.0828125 0.084375
1 0.3609375 0.61171875 0.0640625 0.0671875
1 0.47421875 0.6703125 0.0578125 0.059375
1 0.5828125 0.615625 0.06875 0.0671875
1 0.803125 0.6140625 0.0578125 0.0671875
1 0.6984375 0.66796875 0.0671875 0.0671875
1 0.921875 0.67421875 0.059375 0.065625
1 0.80390625 0.73515625 0.06875 0.078125
1 0.92734375 0.796875 0.0640625 0.0734375
1 0.58671875 0.73828125 0.065625 0.06875
1 0.125 0.746875 0.065625 0.0625
1 0.0296875 0.81875 0.059375 0.0703125
1 0.2484375 0.81484375 0.0671875 0.0765625
1 0.12890625 0.88046875 0.059375 0.065625
1 0.0296875 0.9484375 0.059375 0.065625
1 0.24765625 0.95234375 0.0703125 0.0671875
1 0.36015625 0.7484375 0.065625 0.065625
1 0.4734375 0.8125 0.0671875 0.0640625
1 0.69609375 0.8 0.0671875 0.0640625
1 0.80546875 0.8703125 0.08125 0.075
1 0.92734375 0.9328125 0.0796875 0.078125
1 0.7015625 0.9296875 0.0609375 0.0640625
1 0.59296875 0.87421875 0.0625 0.059375
1 0.48125 0.94296875 0.0625 0.0671875
1 0.36015625 0.8703125 0.0734375 0.06875