1 0.96484375 0.86796875 0.0703125 0.0765625
1 0.85 0.9375 0.09921875 0.0921875
1 0.85859375 0.7953125 0.08671875 0.08515625
1 0.96171875 0.72421875 0.0765625 0.08671875
1 0.60234375 0.93203125 0.0890625 0.078125
1 0.73359375 0.721875 0.11796875 0.10078125
1 0.59765625 0.7984375 0.1109375 0.0953125
1 0.471875 0.890625 0.08515625 0.0765625
1 0.37734375 0.95546875 0.078125 0.0765625
1 0.23359375 0.88515625 0.08515625 0.0890625
1 0.1125 0.959375 0.08671875 0.0734375
1 0.01953125 0.88125 0.0390625 0.0765625
1 0.12265625 0.815625 0.09375 0.09375
1 0.3609375 0.8109375 0.078125 0.071875
1 0.484375 0.7390625 0.10078125 0.08671875
1 0.2421875 0.74375 0.0890625 0.09765625
1 0.0234375 0.72421875 0.046875 0.0953125
1 0.12421875 0.6609375 0.10078125 0.0890625
1 0.59921875 0.65625 0.08671875 0.0921875
1 0.35859375 0.6640625 0.08203125 0.08359375
1 0.4703125 0.5859375 0.090625 0.08515625
1 0.73046875 0.58359375 0.0890625 0.09375
1 0.603125 0.51015625 0.0921875 0.09375
1 0.85234375 0.5171875 0.09921875 0.10546875
1 0.96171875 0.42734375 0.0765625 0.09375
1 0.01484375 0.5796875 0.02890625 0.08359375
1 0.10078125 0.51484375 0.06640625 0.08515625
1 0.23046875 0.45 0.08203125 0.09765625
1 0.4828125 0.465625 0.071875 0.08203125
1 0.36328125 0.38828125 0.078125 0.0765625
1 0.72578125 0.43828125 0.0703125 0.06796875
1 0.83046875 0.3609375 0.075 0.0765625
1 0.95546875 0.28515625 0.08515625 0.0765625
1 0.9578125 0.16796875 0.08046875 0.08359375
1 0.8453125 0.23515625 0.06640625 0.0765625
1 0.71875 0.29453125 0.06640625 0.0765625
1 0.59921875 0.36484375 0.075 0.08046875
1 0.48203125 0.33046875 0.06328125 0.071875
1 0.01328125 0.43515625 0.0265625 0.0765625
1 0.1015625 0.36015625 0.075 0.0734375
1 0.23046875 0.32109375 0.08203125 0.0765625
1 0.0109375 0.31171875 0.021875 0.08671875
1 0.08984375 0.2328125 0.08046875 0.08515625
1 0.35546875 0.24375 0.078125 0.071875
1 0.84609375 0.08984375 0.10546875 0.09921875
1 0.7203125 0.16796875 0.0734375 0.078125
1 0.59921875 0.23125 0.06484375 0.0734375
1 0.7125 0.03515625 0.0765625 0.0703125
1 0.5953125 0.10390625 0.075 0.08671875
1 0.478125 0.16015625 0.08046875 0.090625
1 0.475 0.034375 0.08671875 0.06796875
1 0.353125 0.10390625 0.06796875 0.0703125
1 0.228125 0.17578125 0.0890625 0.0953125
1 0.21640625 0.04140625 0.0984375 0.0828125
1 0.09765625 0.1046875 0.08046875 0.08203125
1 0.0109375 0.028125 0.021875 0.05625