1 0.06953125 0.13046875 0.06875 0.0703125
1 0.1765625 0.06640625 0.090625 0.084375
1 0.16875 0.196875 0.0796875 0.078125
1 0.07265625 0.2625 0.075 0.0796875
1 0.403125 0.071875 0.08125 0.071875
1 0.2828125 0.2640625 0.1078125 0.0921875
1 0.4078125 0.19375 0.1015625 0.0875
1 0.52265625 0.109375 0.078125 0.0703125
1 0.609375 0.05 0.071875 0.0703125
1 0.740625 0.11484375 0.078125 0.08125
1 0.8515625 0.046875 0.0796875 0.0671875
1 0.9578125 0.11796875 0.0765625 0.0703125
1 0.8421875 0.178125 0.0859375 0.0859375
1 0.62421875 0.1828125 0.071875 0.065625
1 0.5109375 0.2484375 0.0921875 0.0796875
1 0.7328125 0.24375 0.08125 0.0890625
1 0.95625 0.2625 0.0875 0.0875
1 0.840625 0.31953125 0.0921875 0.08125
1 0.40625 0.32421875 0.0796875 0.084375
1 0.6265625 0.3171875 0.075 0.0765625
1 0.52421875 0.38828125 0.0828125 0.078125
1 0.2859375 0.390625 0.08125 0.0859375
1 0.40234375 0.4578125 0.084375 0.0859375
1 0.17421875 0.4515625 0.090625 0.096875
1 0.06953125 0.53359375 0.0796875 0.0859375
1 0.9609375 0.39453125 0.065625 0.0765625
1 0.8625 0.45390625 0.0609375 0.078125
1 0.74375 0.51328125 0.075 0.0890625
1 0.5125 0.4984375 0.065625 0.075
1 0.621875 0.56953125 0.071875 0.0703125
1 0.28984375 0.5234375 0.0640625 0.0625
1 0.19453125 0.59453125 0.06875 0.0703125
1 0.0796875 0.6640625 0.078125 0.0703125
1 0.07734375 0.77109375 0.0734375 0.0765625
1 0.18046875 0.709375 0.0609375 0.0703125
1 0.296875 0.65546875 0.0609375 0.0703125
1 0.40625 0.590625 0.06875 0.0734375
1 0.51328125 0.62265625 0.0578125 0.065625
1 0.965625 0.52734375 0.06875 0.0703125
1 0.86171875 0.5953125 0.06875 0.0671875
1 0.74375 0.63125 0.075 0.0703125
1 0.9671875 0.640625 0.065625 0.0796875
1 0.87265625 0.71171875 0.0734375 0.078125
1 0.62890625 0.7015625 0.071875 0.065625
1 0.1796875 0.84296875 0.096875 0.090625
1 0.2953125 0.77109375 0.0671875 0.071875
1 0.40625 0.71328125 0.059375 0.0671875
1 0.303125 0.9046875 0.0703125 0.0859375
1 0.409375 0.8296875 0.06875 0.0796875
1 0.5171875 0.778125 0.0734375 0.0828125
1 0.40390625 0.96328125 0.0703125 0.0734375
1 0.51953125 0.90078125 0.0796875 0.0765625
1 0.6328125 0.9640625 0.071875 0.071875
1 0.63125 0.8296875 0.0625 0.0640625
1 0.74609375 0.7640625 0.08125 0.0875
1 0.7578125 0.89921875 0.0890625 0.0984375
1 0.865625 0.82890625 0.0734375 0.075
1 0.8671875 0.96640625 0.075 0.0671875
1 0.9671875 0.9140625 0.065625 0.0796875