1 0.03203125 0.08515625 0.0609375 0.0640625
1 0.1296875 0.14609375 0.065625 0.0671875
1 0.24140625 0.07890625 0.06875 0.071875
1 0.13359375 0.02578125 0.0578125 0.046875
1 0.36171875 0.021875 0.0703125 0.04375
1 0.365625 0.14140625 0.075 0.065625
1 0.47265625 0.0671875 0.06875 0.0625
1 0.5875 0.021875 0.0640625 0.04375
1 0.68984375 0.06640625 0.0703125 0.0609375
1 0.93671875 0.06875 0.0609375 0.065625
1 0.80703125 0.140625 0.0703125 0.0796875
1 0.93515625 0.2 0.0640625 0.071875
1 0.02421875 0.2109375 0.0484375 0.059375
1 0.246875 0.20625 0.05625 0.06875
1 0.47421875 0.19921875 0.065625 0.078125
1 0.5828125 0.14140625 0.059375 0.059375
1 0.70390625 0.20078125 0.0515625 0.065625
1 0.8109375 0.28125 0.05625 0.0609375
1 0.9390625 0.3328125 0.0578125 0.0671875
1 0.70390625 0.325 0.059375 0.065625
1 0.5953125 0.271875 0.0609375 0.0640625
1 0.4734375 0.33125 0.0703125 0.075
1 0.36328125 0.26953125 0.0609375 0.059375
1 0.13046875 0.275 0.0640625 0.0578125
1 0.03046875 0.33515625 0.0546875 0.065625
1 0.246875 0.33984375 0.0640625 0.078125
1 0.13203125 0.41328125 0.0609375 0.0703125
1 0.36171875 0.39921875 0.06875 0.06875
1 0.58984375 0.403125 0.059375 0.065625
1 0.8125 0.4 0.075 0.071875
1 0.70859375 0.46015625 0.065625 0.0671875
1 0.253125 0.47421875 0.084375 0.0859375
1 0.4734375 0.47265625 0.0671875 0.078125
1 0.93515625 0.465625 0.06875 0.0734375
1 0.81328125 0.5453125 0.0765625 0.0734375
1 0.58984375 0.540625 0.06875 0.0734375
1 0.3671875 0.5453125 0.06875 0.0703125
1 0.025 0.48359375 0.05 0.071875
1 0.13671875 0.546875 0.0625 0.0640625
1 0.0296875 0.61171875 0.05625 0.0734375
1 0.25234375 0.6109375 0.06875 0.071875
1 0.48046875 0.60546875 0.0515625 0.0609375
1 0.365625 0.665625 0.071875 0.075
1 0.71015625 0.60390625 0.0515625 0.05625
1 0.9390625 0.6015625 0.0609375 0.075
1 0.8234375 0.6703125 0.059375 0.0671875
1 0.59140625 0.671875 0.0578125 0.0625
1 0.140625 0.67109375 0.0546875 0.0546875
1 0.03125 0.7453125 0.0578125 0.0671875
1 0.25625 0.7390625 0.053125 0.0625
1 0.946875 0.72734375 0.0578125 0.0625
1 0.70703125 0.72421875 0.0625 0.0671875
1 0.82265625 0.80234375 0.0765625 0.0859375
1 0.478125 0.728125 0.05625 0.0734375
1 0.36875 0.79765625 0.071875 0.084375
1 0.1359375 0.80859375 0.0640625 0.0703125
1 0.59609375 0.8046875 0.065625 0.0734375
1 0.0296875 0.87734375 0.059375 0.0734375
1 0.14296875 0.93359375 0.0671875 0.0828125
1 0.2515625 0.871875 0.078125 0.075
1 0.3640625 0.93203125 0.06875 0.0671875
1 0.48359375 0.86171875 0.0640625 0.06875
1 0.5984375 0.9328125 0.05625 0.0671875
1 0.7015625 0.86171875 0.0640625 0.0625
1 0.825 0.9328125 0.0734375 0.078125
1 0.94609375 0.85546875 0.065625 0.071875