1 0.12421875 0.0328125 0.078125 0.059375
1 0.33125 0.03125 0.065625 0.0578125
1 0.2375 0.10078125 0.0765625 0.0765625
1 0.11484375 0.16015625 0.0828125 0.0828125
1 0.45078125 0.09609375 0.0734375 0.0859375
1 0.57109375 0.0640625 0.06875 0.0796875
1 0.690625 0.08671875 0.059375 0.059375
1 0.77890625 0.0390625 0.065625 0.06875
1 0.91953125 0.0921875 0.065625 0.0625
1 0.78515625 0.16640625 0.065625 0.071875
1 0.92265625 0.225 0.0734375 0.0640625
1 0.5546875 0.17734375 0.0546875 0.0578125
1 0.6890625 0.228125 0.0640625 0.059375
1 0.803125 0.2640625 0.0609375 0.0625
1 0.3328125 0.165625 0.0625 0.053125
1 0.228125 0.2328125 0.0734375 0.0671875
1 0.11484375 0.2875 0.0796875 0.0640625
1 0.3265625 0.25703125 0.059375 0.0609375
1 0.41796875 0.259375 0.071875 0.0640625
1 0.5515625 0.2671875 0.06875 0.078125
1 0.70234375 0.359375 0.075 0.075
1 0.1171875 0.42734375 0.0640625 0.059375
1 0.2328125 0.36640625 0.0734375 0.0828125
1 0.34765625 0.4234375 0.0765625 0.071875
1 0.459375 0.35546875 0.078125 0.075
1 0.58125 0.41875 0.0765625 0.075
1 0.80546875 0.415625 0.06875 0.075
1 0.6921875 0.4859375 0.0734375 0.075
1 0.92265625 0.48515625 0.078125 0.090625
1 0.803125 0.54296875 0.0671875 0.075
1 0.46640625 0.50546875 0.084375 0.0796875
1 0.24140625 0.484375 0.071875 0.0671875
1 0.12421875 0.56015625 0.06875 0.065625
1 0.36171875 0.5640625 0.0640625 0.0640625
1 0.234375 0.6296875 0.0765625 0.0703125
1 0.4625 0.62109375 0.0765625 0.0671875
1 0.5828125 0.559375 0.0546875 0.075
1 0.9328125 0.615625 0.075 0.078125
1 0.81640625 0.678125 0.0578125 0.0703125
1 0.93203125 0.746875 0.0765625 0.0828125
1 0.696875 0.74140625 0.0609375 0.06875
1 0.590625 0.69453125 0.0765625 0.075
1 0.35546875 0.69296875 0.075 0.0640625
1 0.125 0.6875 0.0671875 0.065625
1 0.23515625 0.753125 0.078125 0.075
1 0.1265625 0.815625 0.0671875 0.0671875
1 0.4703125 0.753125 0.0734375 0.0734375
1 0.590625 0.82109375 0.0703125 0.078125
1 0.70625 0.88046875 0.065625 0.078125
1 0.81796875 0.803125 0.0671875 0.0640625
1 0.93359375 0.871875 0.0578125 0.06875
1 0.81953125 0.9359375 0.059375 0.0703125
1 0.59296875 0.94453125 0.0609375 0.05625
1 0.471875 0.8859375 0.0640625 0.0609375
1 0.353125 0.83125 0.0703125 0.075
1 0.3671875 0.9515625 0.06875 0.06875
1 0.2359375 0.88203125 0.0671875 0.065625
1 0.12109375 0.953125 0.059375 0.0671875
1 0.02421875 0.89140625 0.046875 0.053125
1 0.02109375 0.76640625 0.0421875 0.059375
1 0.0203125 0.62578125 0.0375 0.0703125
1 0.01640625 0.4984375 0.0328125 0.071875
1 0.01796875 0.35390625 0.0359375 0.0703125
1 0.01328125 0.096875 0.0265625 0.06875