1 0.1125 0.03359375 0.0796875 0.0671875
1 0.3828125 0.034375 0.0890625 0.06875
1 0.26015625 0.11328125 0.0703125 0.0703125
1 0.665625 0.03046875 0.0875 0.0609375
1 0.528125 0.10390625 0.07265625 0.06484375
1 0.371875 0.17734375 0.0765625 0.078125
1 0.94296875 0.03046875 0.0765625 0.0609375
1 0.80546875 0.1109375 0.078125 0.0703125
1 0.66015625 0.1671875 0.07421875 0.07421875
1 0.52265625 0.22890625 0.08203125 0.08203125
1 0.24921875 0.2515625 0.07265625 0.0796875
1 0.38203125 0.3265625 0.09296875 0.09453125
1 0.80078125 0.23828125 0.0703125 0.06484375
1 0.9203125 0.1625 0.0671875 0.0703125
1 0.9203125 0.3203125 0.078125 0.06484375
1 0.65625 0.3203125 0.07265625 0.08359375
1 0.79296875 0.390625 0.08515625 0.08515625
1 0.91640625 0.48125 0.0796875 0.08359375
1 0.525 0.40078125 0.0875 0.09140625
1 0.65703125 0.47890625 0.08515625 0.08515625
1 0.7953125 0.54765625 0.08203125 0.08203125
1 0.25625 0.40234375 0.0890625 0.0703125
1 0.26171875 0.5484375 0.078125 0.078125
1 0.128125 0.4859375 0.07265625 0.08359375
1 0.128125 0.73203125 0.0765625 0.08203125
1 0.2515625 0.68515625 0.06171875 0.059375
1 0.3734375 0.74140625 0.07421875 0.0703125
1 0.26796875 0.8375 0.0984375 0.0875
1 0.1359375 0.93046875 0.09453125 0.0890625
1 0.39296875 0.93125 0.08203125 0.078125
1 0.5328125 0.70703125 0.07265625 0.06328125
1 0.65703125 0.76015625 0.0796875 0.09140625
1 0.815625 0.7015625 0.08359375 0.0796875
1 0.9375 0.7609375 0.07421875 0.08359375
1 0.940625 0.9234375 0.0703125 0.0796875
1 0.80703125 0.84375 0.0765625 0.0765625
1 0.66640625 0.92109375 0.0765625 0.0890625
1 0.81171875 0.975 0.0796875 0.05
1 0.53359375 0.990625 0.0703125 0.01875