1 0.9140625 0.95078125 0.0890625 0.08203125
1 0.67109375 0.9546875 0.08359375 0.07890625
1 0.39765625 0.96875 0.0765625 0.0625
1 0.1359375 0.97265625 0.09375 0.0546875
1 0.01875 0.9140625 0.0375 0.07109375
1 0.81484375 0.87578125 0.09140625 0.0765625
1 0.65859375 0.80703125 0.0984375 0.09609375
1 0.53203125 0.89296875 0.08046875 0.07109375
1 0.39921875 0.82890625 0.09453125 0.09296875
1 0.90859375 0.80234375 0.0875 0.07890625
1 0.92890625 0.66875 0.09140625 0.09296875
1 0.6734375 0.6671875 0.0984375 0.10390625
1 0.79609375 0.5953125 0.0984375 0.08359375
1 0.9265625 0.5140625 0.0765625 0.0765625
1 0.51484375 0.6078125 0.09140625 0.09453125
1 0.3984375 0.6828125 0.08359375 0.0875
1 0.13046875 0.6625 0.0625 0.0625
1 0.2640625 0.5921875 0.0640625 0.0765625
1 0.4015625 0.5234375 0.08203125 0.0859375
1 0.13046875 0.5125 0.0625 0.08046875
1 0.66796875 0.52734375 0.08046875 0.09140625
1 0.51328125 0.45 0.08203125 0.10546875
1 0.78828125 0.43828125 0.09296875 0.0765625
1 0.2578125 0.45234375 0.1015625 0.09296875
1 0.9203125 0.3609375 0.06796875 0.07890625
1 0.77734375 0.29453125 0.08203125 0.07890625
1 0.66328125 0.3734375 0.06796875 0.075
1 0.51171875 0.30546875 0.0859375 0.08046875
1 0.38359375 0.3765625 0.08046875 0.06796875
1 0.13046875 0.35390625 0.075 0.0625
1 0.009375 0.2875 0.01875 0.065625
1 0.24921875 0.30234375 0.08203125 0.06796875
1 0.1234375 0.22109375 0.08046875 0.06953125
1 0.009375 0.13984375 0.01875 0.0703125
1 0.24453125 0.14140625 0.0765625 0.07890625
1 0.37890625 0.2265625 0.06953125 0.07109375
1 0.6625 0.22109375 0.06953125 0.06640625
1 0.90234375 0.2046875 0.06796875 0.0765625
1 0.77421875 0.14140625 0.06796875 0.0640625
1 0.51640625 0.15625 0.09140625 0.08203125
1 0.3796875 0.07421875 0.0765625 0.08359375
1 0.11953125 0.05078125 0.0734375 0.06796875
1 0.6515625 0.06328125 0.0734375 0.075
1 0.9109375 0.06171875 0.0734375 0.06796875
1 0.7796875 0.01484375 0.06875 0.0296875
1 0.51484375 0.028125 0.1015625 0.05625
1 0.21796875 0.015625 0.0765625 0.03125