1 0.03828125 0.09453125 0.0765625 0.07265625
1 0.1671875 0.0078125 0.075 0.015625
1 0.3015625 0.08671875 0.0875 0.09296875
1 0.18203125 0.1765625 0.06875 0.06875
1 0.44296875 0.02265625 0.07421875 0.0453125
1 0.57890625 0.08515625 0.08515625 0.0796875
1 0.44375 0.1671875 0.07109375 0.06328125
1 0.290625 0.2390625 0.07421875 0.0765625
1 0.72265625 0.01796875 0.0765625 0.0359375
1 0.97265625 0.03515625 0.0546875 0.0703125
1 0.85 0.08828125 0.07421875 0.0765625
1 0.97265625 0.16875 0.0546875 0.07265625
1 0.715625 0.1734375 0.0765625 0.06875
1 0.57265625 0.22890625 0.07265625 0.07265625
1 0.43828125 0.2890625 0.0796875 0.0796875
1 0.17109375 0.31171875 0.07109375 0.078125
1 0.30078125 0.384375 0.090625 0.09296875
1 0.7109375 0.2984375 0.06875 0.06328125
1 0.82734375 0.22421875 0.065625 0.06875
1 0.96015625 0.29375 0.0765625 0.08203125
1 0.82734375 0.37890625 0.0765625 0.06328125
1 0.96015625 0.4453125 0.0796875 0.090625
1 0.56875 0.37890625 0.07109375 0.08203125
1 0.70234375 0.44765625 0.08359375 0.08359375
1 0.8234375 0.53671875 0.078125 0.08203125
1 0.95703125 0.59921875 0.08515625 0.10390625
1 0.440625 0.45703125 0.08515625 0.0890625
1 0.5703125 0.53359375 0.08359375 0.08359375
1 0.70546875 0.60078125 0.0796875 0.0796875
1 0.178125 0.459375 0.0875 0.06875
1 0.18359375 0.6015625 0.0765625 0.0765625
1 0.05234375 0.540625 0.07109375 0.08203125
1 0.05234375 0.78203125 0.07421875 0.0796875
1 0.1734375 0.73515625 0.06015625 0.0578125
1 0.29296875 0.790625 0.07265625 0.06875
1 0.1890625 0.884375 0.09609375 0.08515625
1 0.059375 0.965625 0.09296875 0.06875
1 0.3109375 0.96875 0.0796875 0.06171875
1 0.4484375 0.75703125 0.07109375 0.06171875
1 0.5703125 0.809375 0.078125 0.0890625
1 0.72578125 0.7515625 0.08203125 0.078125
1 0.96796875 0.75 0.06328125 0.08203125
1 0.84453125 0.81015625 0.07265625 0.08203125
1 0.9671875 0.89609375 0.065625 0.08359375
1 0.846875 0.9640625 0.06875 0.071875
1 0.71640625 0.890625 0.07421875 0.07421875
1 0.57890625 0.9609375 0.07421875 0.078125