1 0.97109375 0.05390625 0.0578125 0.0796875
1 0.85 0.0234375 0.05859375 0.04609375
1 0.8671875 0.153125 0.07109375 0.0671875
1 0.98515625 0.340625 0.0296875 0.06875
1 0.73671875 0.24921875 0.07109375 0.08125
1 0.84375 0.31640625 0.07265625 0.06953125
1 0.58828125 0.159375 0.0671875 0.06171875
1 0.59296875 0.0140625 0.07265625 0.028125
1 0.47421875 0.0875 0.06953125 0.06953125
1 0.340625 0.01796875 0.0640625 0.03515625
1 0.19765625 0.0828125 0.07421875 0.07265625
1 0.09296875 0.15390625 0.0546875 0.06171875
1 0.3484375 0.15 0.0640625 0.06015625
1 0.47421875 0.2375 0.0671875 0.0640625
1 0.48203125 0.38828125 0.06015625 0.06171875
1 0.084375 0.31328125 0.07421875 0.0765625
1 0.19296875 0.37890625 0.0765625 0.078125
1 0.9625 0.5578125 0.0546875 0.0546875
1 0.82890625 0.6140625 0.0546875 0.0546875
1 0.96015625 0.68984375 0.05 0.0546875
1 0.9578125 0.85078125 0.05859375 0.0640625
1 0.83046875 0.75703125 0.0515625 0.0515625
1 0.95859375 0.984375 0.0609375 0.03125
1 0.834375 0.91953125 0.05703125 0.05703125
1 0.5984375 0.484375 0.07109375 0.07109375
1 0.4625 0.54140625 0.06171875 0.06171875
1 0.5921875 0.5875 0.07421875 0.07109375
1 0.4578125 0.69140625 0.0671875 0.0671875
1 0.321875 0.60546875 0.065625 0.0640625
1 0.21484375 0.53984375 0.07265625 0.07109375
1 0.0765625 0.6109375 0.07265625 0.0671875
1 0.2109375 0.6890625 0.06171875 0.05859375
1 0.32109375 0.7546875 0.06171875 0.05859375
1 0.7 0.68046875 0.0671875 0.0671875
1 0.7078125 0.82265625 0.06953125 0.06171875
1 0.58671875 0.7546875 0.05703125 0.05703125
1 0.58671875 0.89296875 0.0640625 0.07109375
1 0.45 0.8203125 0.07265625 0.07109375
1 0.43671875 0.97734375 0.0640625 0.0453125
1 0.31640625 0.90078125 0.06953125 0.07265625
1 0.20390625 0.825 0.0671875 0.0671875
1 0.075 0.76171875 0.0765625 0.0671875
1 0.0734375 0.91015625 0.06015625 0.0546875
1 0.190625 0.9703125 0.071875 0.059375