1 0.190625 0.09140625 0.065625 0.0671875
1 0.08828125 0.15234375 0.0796875 0.0671875
1 0.31015625 0.1453125 0.078125 0.0640625
1 0.41796875 0.08671875 0.0671875 0.059375
1 0.534375 0.14453125 0.075 0.0640625
1 0.653125 0.20390625 0.0578125 0.0625
1 0.653125 0.075 0.059375 0.0671875
1 0.77265625 0.14453125 0.0625 0.06875
1 0.88828125 0.08203125 0.0671875 0.065625
1 0.7671875 0.01484375 0.0515625 0.0296875
1 0.3078125 0.0171875 0.05 0.034375
1 0.5375 0.01015625 0.04375 0.0203125
1 0.890625 0.20390625 0.053125 0.053125
1 0.771875 0.275 0.0609375 0.0625
1 0.425 0.21640625 0.0546875 0.05625
1 0.54453125 0.27890625 0.0625 0.0640625
1 0.19921875 0.2109375 0.0625 0.0640625
1 0.084375 0.284375 0.0640625 0.053125
1 0.31328125 0.28125 0.0625 0.0546875
1 0.2 0.3484375 0.05625 0.0578125
1 0.08125 0.41796875 0.0609375 0.065625
1 0.42734375 0.3515625 0.059375 0.059375
1 0.8875 0.3421875 0.053125 0.0609375
1 0.6546875 0.33671875 0.05625 0.0625
1 0.77421875 0.40390625 0.0546875 0.0609375
1 0.8953125 0.4703125 0.0546875 0.0546875
1 0.65546875 0.4796875 0.059375 0.0578125
1 0.77109375 0.53984375 0.0578125 0.059375
1 0.31875 0.41640625 0.0625 0.05625
1 0.4265625 0.4890625 0.0546875 0.0515625
1 0.5390625 0.54609375 0.0578125 0.065625
1 0.2046875 0.48828125 0.053125 0.0609375
1 0.08671875 0.55390625 0.0609375 0.0578125
1 0.3125 0.54765625 0.0609375 0.0578125
1 0.1953125 0.61328125 0.0703125 0.0671875
1 0.65859375 0.6125 0.0546875 0.053125
1 0.42265625 0.61171875 0.059375 0.0515625
1 0.08515625 0.69375 0.06875 0.065625
1 0.2109375 0.72734375 0.05625 0.0578125
1 0.3125 0.67265625 0.0453125 0.04375
1 0.4390625 0.7328125 0.0578125 0.0578125
1 0.540625 0.67421875 0.065625 0.0546875
1 0.090625 0.79921875 0.0671875 0.05625
1 0.09140625 0.928125 0.0578125 0.059375
1 0.209375 0.853125 0.0625 0.05625
1 0.321875 0.92578125 0.0546875 0.0546875
1 0.3328125 0.78515625 0.059375 0.0578125
1 0.43984375 0.853125 0.065625 0.05625
1 0.55078125 0.7859375 0.0625 0.0578125
1 0.6609375 0.7375 0.05625 0.0515625
1 0.7734375 0.6734375 0.0578125 0.05625
1 0.88515625 0.7171875 0.05625 0.0515625
1 0.775 0.78984375 0.0515625 0.046875
1 0.6546875 0.85703125 0.0515625 0.05
1 0.55703125 0.9171875 0.0546875 0.0484375
1 0.659375 0.9890625 0.0359375 0.021875
1 0.775 0.92890625 0.0484375 0.04375
1 0.88671875 0.8453125 0.0515625 0.0484375
1 0.90078125 0.9859375 0.04375 0.028125
1 0.44453125 0.98671875 0.0453125 0.0265625