1 0.1 0.07890625 0.10625 0.1171875
1 0.2375 0.13203125 0.09921875 0.10078125
1 0.35625 0.07421875 0.06953125 0.065625
1 0.98515625 0.0328125 0.0296875 0.065625
1 0.77734375 0.03046875 0.07109375 0.06015625
1 0.63671875 0.06875 0.0734375 0.0765625
1 0.52734375 0.1296875 0.065625 0.075
1 0.3703125 0.21875 0.0734375 0.07890625
1 0.01171875 0.30859375 0.0234375 0.08203125
1 0.24609375 0.3046875 0.08203125 0.084375
1 0.7765625 0.14765625 0.05703125 0.0640625
1 0.99140625 0.14765625 0.01640625 0.08203125
1 0.90625 0.22265625 0.0765625 0.06953125
1 0.9890625 0.28046875 0.021875 0.0765625
1 0.65078125 0.20625 0.0953125 0.0765625
1 0.503125 0.2765625 0.08828125 0.08203125
1 0.77578125 0.2828125 0.08984375 0.075
1 0.903125 0.35078125 0.0734375 0.07890625
1 0.6484375 0.35234375 0.06796875 0.06796875
1 0.7828125 0.43515625 0.0765625 0.0765625
1 0.903125 0.50625 0.0765625 0.07109375
1 0.11015625 0.36640625 0.08828125 0.0765625
1 0.36796875 0.3671875 0.08984375 0.09921875
1 0.01640625 0.44296875 0.0328125 0.084375
1 0.240625 0.44296875 0.09140625 0.08203125
1 0.10703125 0.51796875 0.07890625 0.08828125
1 0.5046875 0.42890625 0.0734375 0.08203125
1 0.37265625 0.51640625 0.08828125 0.0953125
1 0.6546875 0.51171875 0.0765625 0.084375
1 0.7828125 0.59140625 0.1046875 0.1078125
1 0.90234375 0.65859375 0.08828125 0.08984375
1 0.51171875 0.59609375 0.08203125 0.084375
1 0.6609375 0.67421875 0.07890625 0.07890625
1 0.24375 0.59765625 0.0734375 0.0734375
1 0.01796875 0.60234375 0.0359375 0.0859375
1 0.1203125 0.68125 0.084375 0.084375
1 0.02265625 0.76328125 0.0453125 0.0953125
1 0.2515625 0.75703125 0.0859375 0.0859375
1 0.37890625 0.67734375 0.0859375 0.07890625
1 0.51015625 0.7484375 0.08046875 0.08203125
1 0.77734375 0.73984375 0.07890625 0.07890625
1 0.91640625 0.82421875 0.07109375 0.06796875
1 0.65625 0.8265625 0.08984375 0.096875
1 0.38359375 0.83203125 0.075 0.084375
1 0.12265625 0.84375 0.09140625 0.07890625
1 0.0171875 0.92578125 0.034375 0.0859375
1 0.253125 0.91484375 0.0953125 0.08203125
1 0.3875 0.9765625 0.075 0.046875
1 0.51484375 0.90390625 0.07890625 0.08828125
1 0.80625 0.915625 0.08828125 0.09140625
1 0.9203125 0.9640625 0.0859375 0.07109375
1 0.63359375 0.97578125 0.0796875 0.0484375