1 0.22578125 0.109375 0.0703125 0.0640625
1 0.34140625 0.04140625 0.059375 0.0609375
1 0.446875 0.1078125 0.0765625 0.078125
1 0.559375 0.040625 0.06875 0.0625
1 0.67265625 0.1 0.075 0.0671875
1 0.78984375 0.0375 0.0640625 0.05625
1 0.90390625 0.0921875 0.0734375 0.0734375
1 0.11171875 0.175 0.078125 0.078125
1 0.3375 0.17578125 0.071875 0.071875
1 0.2171875 0.234375 0.059375 0.0703125
1 0.44453125 0.2359375 0.0625 0.05625
1 0.56484375 0.16328125 0.05625 0.059375
1 0.784375 0.1609375 0.0640625 0.0640625
1 0.8984375 0.2234375 0.059375 0.0625
1 0.68046875 0.23203125 0.0625 0.0671875
1 0.78828125 0.2984375 0.078125 0.071875
1 0.90859375 0.35625 0.059375 0.06875
1 0.559375 0.3015625 0.0625 0.06875
1 0.6828125 0.36796875 0.0671875 0.0625
1 0.1140625 0.303125 0.0859375 0.078125
1 0.3359375 0.30390625 0.0703125 0.0734375
1 0.12109375 0.43984375 0.0609375 0.0640625
1 0.79296875 0.4265625 0.0703125 0.078125
1 0.90625 0.49375 0.0671875 0.0734375
1 0.4546875 0.371875 0.0671875 0.0703125
1 0.5671875 0.42890625 0.0671875 0.0703125
1 0.33359375 0.4359375 0.0765625 0.0765625
1 0.225 0.4921875 0.075 0.0703125
1 0.67734375 0.4953125 0.059375 0.0640625
1 0.446875 0.50234375 0.0671875 0.075
1 0.11640625 0.57109375 0.0734375 0.06875
1 0.2265625 0.62578125 0.075 0.065625
1 0.3375 0.5640625 0.071875 0.0703125
1 0.56015625 0.559375 0.059375 0.0625
1 0.00859375 0.25234375 0.0171875 0.0484375
1 0.0109375 0.3921875 0.021875 0.053125
1 0.01328125 0.5171875 0.0265625 0.0515625
1 0.11640625 0.6953125 0.0546875 0.071875
1 0.2234375 0.75859375 0.059375 0.0625
1 0.44921875 0.61953125 0.059375 0.0578125
1 0.78828125 0.559375 0.0703125 0.0625
1 0.678125 0.63046875 0.065625 0.0671875
1 0.91484375 0.61640625 0.059375 0.059375
1 0.796875 0.684375 0.0625 0.0625
1 0.909375 0.7484375 0.0671875 0.0859375
1 0.90859375 0.88125 0.065625 0.0671875
1 0.5671875 0.68359375 0.0609375 0.06875
1 0.33984375 0.6953125 0.0609375 0.071875
1 0.46171875 0.75703125 0.0625 0.0703125
1 0.678125 0.7546875 0.0890625 0.0921875
1 0.7984375 0.82265625 0.0734375 0.078125
1 0.12109375 0.83203125 0.0765625 0.075
1 0.34453125 0.828125 0.065625 0.065625
1 0.2296875 0.896875 0.08125 0.0703125
1 0.3453125 0.95859375 0.0609375 0.05625
1 0.45546875 0.88515625 0.06875 0.0640625
1 0.0140625 0.63671875 0.028125 0.05625
1 0.0140625 0.76796875 0.028125 0.0515625
1 0.01171875 0.9 0.0234375 0.0515625
1 0.5609375 0.82578125 0.046875 0.0515625
1 0.796875 0.953125 0.0515625 0.0515625
1 0.6796875 0.896875 0.05625 0.0625
1 0.56796875 0.96015625 0.0515625 0.0546875