1 0.06328125 0.08125 0.0625 0.0578125
1 0.28984375 0.06484375 0.065625 0.0640625
1 0.0609375 0.196875 0.0640625 0.0625
1 0.29375 0.1953125 0.0609375 0.0640625
1 0.1953125 0.25703125 0.0625 0.0578125
1 0.4125 0.12421875 0.0671875 0.0578125
1 0.43203125 0.25703125 0.05625 0.0578125
1 0.528125 0.06015625 0.065625 0.065625
1 0.53125 0.1921875 0.0625 0.065625
1 0.746875 0.05859375 0.0671875 0.0703125
1 0.8640625 0.12109375 0.0734375 0.065625
1 0.73671875 0.18046875 0.0640625 0.0640625
1 0.06171875 0.33125 0.0625 0.065625
1 0.3015625 0.33046875 0.0703125 0.0640625
1 0.64140625 0.25078125 0.0703125 0.0734375
1 0.971875 0.19375 0.05625 0.0625
1 0.96640625 0.06015625 0.0515625 0.0515625
1 0.20625 0.140625 0.059375 0.05
1 0.878125 0.253125 0.05625 0.0625
1 0.75703125 0.315625 0.0546875 0.0671875
1 0.97578125 0.31875 0.0484375 0.05625
1 0.87265625 0.3875 0.065625 0.0625
1 0.52890625 0.32578125 0.0609375 0.0609375
1 0.65625 0.3890625 0.071875 0.0703125
1 0.08125 0.4640625 0.0625 0.06875
1 0.30390625 0.459375 0.05625 0.059375
1 0.1984375 0.52890625 0.0625 0.0640625
1 0.5359375 0.45234375 0.0625 0.06875
1 0.6484375 0.515625 0.0625 0.0640625
1 0.76015625 0.5828125 0.0671875 0.0703125
1 0.759375 0.44453125 0.0625 0.0640625
1 0.87109375 0.50390625 0.046875 0.053125
1 0.87265625 0.640625 0.059375 0.059375
1 0.98046875 0.57734375 0.0390625 0.0734375
1 0.08125 0.59453125 0.06875 0.0625
1 0.303125 0.5828125 0.0703125 0.0578125
1 0.4234375 0.52578125 0.0703125 0.059375
1 0.5359375 0.58828125 0.059375 0.0625
1 0.425 0.6546875 0.0640625 0.0640625
1 0.65390625 0.65234375 0.0640625 0.071875
1 0.08046875 0.72890625 0.0671875 0.0640625
1 0.30859375 0.71640625 0.0609375 0.0546875
1 0.1984375 0.7921875 0.065625 0.0546875
1 0.5625 0.715625 0.0625 0.0546875
1 0.76484375 0.71796875 0.078125 0.0671875
1 0.87578125 0.77265625 0.0671875 0.0609375
1 0.98984375 0.7015625 0.0203125 0.046875
1 0.9890625 0.44453125 0.021875 0.0484375
1 0.0859375 0.86015625 0.075 0.0703125
1 0.20078125 0.91953125 0.0703125 0.0578125
1 0.3203125 0.85625 0.06875 0.0609375
1 0.425 0.91328125 0.0703125 0.0609375
1 0.53828125 0.84453125 0.075 0.0625
1 0.6484375 0.77578125 0.065625 0.0609375
1 0.7671875 0.84375 0.0625 0.0640625
1 0.653125 0.92265625 0.078125 0.0765625
1 0.875 0.91015625 0.0609375 0.059375
1 0.765625 0.9703125 0.065625 0.059375
1 0.54296875 0.98125 0.065625 0.0375
1 0.31953125 0.978125 0.0609375 0.04375