1 0.0859375 0.10703125 0.05625 0.0625
1 0.196875 0.05625 0.0609375 0.0625
1 0.31015625 0.09921875 0.0671875 0.0765625
1 0.4265625 0.028125 0.05625 0.05625
1 0.428125 0.15625 0.0578125 0.059375
1 0.53359375 0.08359375 0.0515625 0.053125
1 0.6578125 0.01875 0.05 0.0375
1 0.6578125 0.14609375 0.05625 0.0546875
1 0.76640625 0.075 0.06875 0.0609375
1 0.89765625 0.01953125 0.0765625 0.0390625
1 0.90234375 0.14453125 0.0609375 0.05625
1 0.0859375 0.25703125 0.059375 0.046875
1 0.1953125 0.2984375 0.0578125 0.0625
1 0.31640625 0.246875 0.078125 0.06875
1 0.540625 0.221875 0.0625 0.0609375
1 0.7734375 0.21484375 0.0703125 0.0625
1 0.89609375 0.284375 0.065625 0.0671875
1 0.09140625 0.3875 0.0640625 0.0578125
1 0.19765625 0.43671875 0.0671875 0.0609375
1 0.32265625 0.38046875 0.0640625 0.0671875
1 0.42890625 0.2953125 0.0609375 0.05625
1 0.5421875 0.3578125 0.0703125 0.06875
1 0.66484375 0.29140625 0.0671875 0.0625
1 0.76328125 0.38046875 0.071875 0.0625
1 0.9859375 0.21796875 0.028125 0.05
1 0.98359375 0.359375 0.0328125 0.0625
1 0.984375 0.48828125 0.03125 0.0546875
1 0.0859375 0.50390625 0.05 0.0453125
1 0.09609375 0.62578125 0.0546875 0.046875
1 0.2046875 0.5671875 0.0703125 0.059375
1 0.32265625 0.49609375 0.06875 0.0671875
1 0.43671875 0.42890625 0.0640625 0.05625
1 0.54765625 0.4875 0.059375 0.05625
1 0.7734375 0.47890625 0.0546875 0.0546875
1 0.66640625 0.54765625 0.053125 0.0546875
1 0.8796875 0.5546875 0.065625 0.0734375
1 0.78125 0.61875 0.065625 0.0578125
1 0.88671875 0.671875 0.059375 0.0640625
1 0.2203125 0.68359375 0.059375 0.05625
1 0.09609375 0.76328125 0.0609375 0.0625
1 0.3203125 0.63125 0.0515625 0.059375
1 0.54765625 0.59921875 0.0515625 0.0546875
1 0.43515625 0.678125 0.0609375 0.065625
1 0.6765625 0.6734375 0.05 0.0546875
1 0.55703125 0.75 0.0609375 0.0625
1 0.8015625 0.74375 0.0515625 0.0515625
1 0.20078125 0.828125 0.0515625 0.053125
1 0.08671875 0.89765625 0.0578125 0.059375
1 0.20390625 0.94765625 0.053125 0.0515625
1 0.3234375 0.8984375 0.0609375 0.065625
1 0.440625 0.82109375 0.0609375 0.0578125
1 0.44609375 0.9609375 0.0578125 0.0609375
1 0.55703125 0.89375 0.0609375 0.06875
1 0.6671875 0.82421875 0.059375 0.0640625
1 0.78828125 0.8875 0.0625 0.065625
1 0.89921875 0.8484375 0.059375 0.0640625
1 0.90078125 0.96796875 0.0640625 0.0640625
1 0.98828125 0.8890625 0.0234375 0.0390625