1 0.15390625 0.1046875 0.06640625 0.06796875
1 0.28515625 0.03046875 0.06328125 0.0578125
1 0.40703125 0.09765625 0.05625 0.06328125
1 0.16015625 0.253125 0.06171875 0.0578125
1 0.2875 0.175 0.0578125 0.053125
1 0.53125 0.02734375 0.06640625 0.0546875
1 0.05 0.184375 0.06484375 0.0578125
1 0.41015625 0.2484375 0.0578125 0.0515625
1 0.534375 0.16640625 0.05625 0.06171875
1 0.65078125 0.09453125 0.0546875 0.06328125
1 0.78515625 0.0296875 0.0546875 0.059375
1 0.92578125 0.09140625 0.06328125 0.053125
1 0.7875 0.1734375 0.0765625 0.071875
1 0.91953125 0.2421875 0.06484375 0.0578125
1 0.65625 0.246875 0.06328125 0.05625
1 0.53671875 0.3140625 0.06640625 0.06484375
1 0.29453125 0.33046875 0.075 0.071875
1 0.41015625 0.3953125 0.06328125 0.06484375
1 0.65859375 0.38671875 0.06171875 0.06484375
1 0.7890625 0.31796875 0.06484375 0.06796875
1 0.9140625 0.3875 0.04921875 0.0578125
1 0.0609375 0.48046875 0.0546875 0.06171875
1 0.15234375 0.53828125 0.06171875 0.06796875
1 0.28828125 0.48046875 0.05625 0.06171875
1 0.540625 0.4671875 0.05625 0.05625
1 0.79453125 0.4625 0.06328125 0.06796875
1 0.915625 0.534375 0.04609375 0.053125
1 0.28671875 0.61796875 0.059375 0.06484375
1 0.40859375 0.54609375 0.06640625 0.06484375
1 0.6671875 0.54765625 0.06484375 0.059375
1 0.8 0.6125 0.06484375 0.0734375
1 0.91484375 0.6765625 0.053125 0.053125
1 0.53828125 0.61875 0.06328125 0.06328125
1 0.41796875 0.68125 0.06640625 0.0578125
1 0.66875 0.68671875 0.06328125 0.059375
1 0.8015625 0.75625 0.06484375 0.0703125
1 0.0625 0.7671875 0.06484375 0.05625
1 0.1609375 0.84453125 0.06484375 0.071875
1 0.28984375 0.759375 0.071875 0.0703125
1 0.4203125 0.8265625 0.0546875 0.06484375
1 0.54375 0.7515625 0.06484375 0.06796875
1 0.671875 0.83515625 0.06484375 0.06328125
1 0.79921875 0.90078125 0.0765625 0.071875
1 0.921875 0.96640625 0.06796875 0.06640625
1 0.05859375 0.9125 0.06796875 0.0578125
1 0.15703125 0.9796875 0.06796875 0.040625
1 0.29296875 0.9078125 0.075 0.06640625
1 0.4171875 0.97109375 0.0765625 0.0578125
1 0.54453125 0.8984375 0.08203125 0.0703125
1 0.66640625 0.97734375 0.0828125 0.0453125