1 0.9875 0.053125 0.025 0.08125
1 0.99296875 0.2125 0.0140625 0.078125
1 0.8734375 0.13515625 0.09453125 0.08515625
1 0.7390625 0.0625 0.07265625 0.0671875
1 0.46484375 0.05703125 0.0765625 0.06875
1 0.60234375 0.14375 0.08359375 0.08203125
1 0.7375 0.22265625 0.06328125 0.065625
1 0.87734375 0.28125 0.06015625 0.05234375
1 0.21015625 0.0453125 0.06328125 0.05625
1 0.08125 0.12734375 0.06015625 0.06171875
1 0.3484375 0.12578125 0.06875 0.065625
1 0.2125 0.21015625 0.0671875 0.06171875
1 0.4578125 0.20703125 0.0671875 0.06328125
1 0.07265625 0.27734375 0.078125 0.06875
1 0.20703125 0.3484375 0.07265625 0.065625
1 0.0765625 0.41875 0.065625 0.06015625
1 0.6046875 0.29765625 0.08203125 0.07265625
1 0.98984375 0.34453125 0.0203125 0.078125
1 0.75 0.3546875 0.07265625 0.06015625
1 0.465625 0.35625 0.0671875 0.06875
1 0.33515625 0.42109375 0.0765625 0.0765625
1 0.87109375 0.42890625 0.07265625 0.07421875
1 0.9828125 0.5109375 0.034375 0.0765625
1 0.6109375 0.434375 0.08515625 0.08203125
1 0.74375 0.509375 0.078125 0.0796875
1 0.878125 0.5828125 0.0875 0.08203125
1 0.4671875 0.5046875 0.08515625 0.08515625
1 0.33984375 0.565625 0.07109375 0.0765625
1 0.20390625 0.49296875 0.07421875 0.07265625
1 0.07578125 0.565625 0.0765625 0.08359375
1 0.97421875 0.80234375 0.05078125 0.06328125
1 0.84296875 0.7296875 0.07109375 0.06875
1 0.56484375 0.72421875 0.06875 0.06328125
1 0.72421875 0.79609375 0.08203125 0.07265625
1 0.29296875 0.74609375 0.08359375 0.0875
1 0.44765625 0.78203125 0.0765625 0.07421875
1 0.0359375 0.715625 0.071875 0.078125
1 0.16640625 0.78984375 0.06875 0.06875
1 0.0375 0.859375 0.07421875 0.078125
1 0.165625 0.934375 0.065625 0.06875
1 0.2796875 0.85078125 0.0765625 0.07421875
1 0.44375 0.9171875 0.0765625 0.08203125
1 0.5578125 0.8796875 0.08359375 0.08515625
1 0.71484375 0.9453125 0.07265625 0.0765625
1 0.83203125 0.884375 0.0796875 0.07265625
1 0.96875 0.95 0.06171875 0.07421875
1 0.83203125 0.98515625 0.078125 0.02890625