1 0.91640625 0.8875 0.0796875 0.08359375
1 0.8015625 0.909375 0.08515625 0.08671875
1 0.68359375 0.971875 0.0859375 0.05625
1 0.4296875 0.9734375 0.0765625 0.053125
1 0.18359375 0.97265625 0.0796875 0.0546875
1 0.0625 0.91484375 0.0796875 0.0734375
1 0.29453125 0.90078125 0.08515625 0.09296875
1 0.1859375 0.85 0.09296875 0.08203125
1 0.43203125 0.83984375 0.1 0.075
1 0.065625 0.778125 0.09140625 0.0953125
1 0.30234375 0.77109375 0.08203125 0.08203125
1 0.67578125 0.84296875 0.1015625 0.08359375
1 0.909375 0.7296875 0.075 0.0796875
1 0.79765625 0.77265625 0.09296875 0.08671875
1 0.54296875 0.76171875 0.0953125 0.08671875
1 0.78828125 0.63203125 0.0734375 0.06484375
1 0.67578125 0.70390625 0.06015625 0.071875
1 0.18984375 0.69765625 0.08359375 0.078125
1 0.0578125 0.61953125 0.0953125 0.096875
1 0.421875 0.69140625 0.0796875 0.09140625
1 0.31171875 0.625 0.08515625 0.09140625
1 0.196875 0.5421875 0.06796875 0.06640625
1 0.059375 0.49296875 0.06171875 0.053125
1 0.5390625 0.6234375 0.08359375 0.06640625
1 0.659375 0.55078125 0.08203125 0.078125
1 0.41953125 0.553125 0.08203125 0.0734375
1 0.9890625 0.53359375 0.021875 0.0703125
1 0.9 0.45859375 0.06171875 0.071875
1 0.78828125 0.4890625 0.0734375 0.075
1 0.98515625 0.4 0.0296875 0.0734375
1 0.54765625 0.496875 0.08359375 0.09140625
1 0.40546875 0.44765625 0.071875 0.09140625
1 0.2984375 0.4953125 0.0984375 0.08359375
1 0.18828125 0.4171875 0.078125 0.0765625
1 0.05234375 0.34921875 0.0796875 0.09140625
1 0.63828125 0.42890625 0.078125 0.071875
1 0.7796875 0.3453125 0.0734375 0.08828125
1 0.896875 0.30078125 0.11171875 0.08515625
1 0.5390625 0.340625 0.0734375 0.071875
1 0.6546875 0.2765625 0.071875 0.06640625
1 0.3046875 0.33671875 0.071875 0.06796875
1 0.059375 0.21328125 0.06640625 0.078125
1 0.1875 0.26796875 0.08671875 0.0953125
1 0.41953125 0.26015625 0.0703125 0.0765625
1 0.5421875 0.2046875 0.0796875 0.0765625
1 0.7875 0.1875 0.075 0.0734375
1 0.6625 0.15 0.08671875 0.09140625
1 0.903125 0.0640625 0.075 0.06484375
1 0.7796875 0.07890625 0.06484375 0.08359375
1 0.665625 0.03671875 0.078125 0.0734375
1 0.52890625 0.07265625 0.0703125 0.08203125
1 0.42265625 0.02421875 0.071875 0.0484375
1 0.31171875 0.08671875 0.1015625 0.096875
1 0.290625 0.21328125 0.06796875 0.071875
1 0.1875 0.14296875 0.08671875 0.08671875
1 0.04921875 0.08359375 0.0734375 0.075
1 0.171875 0.034375 0.096875 0.06796875