1 0.0421875 0.0515625 0.053125 0.0546875
1 0.2640625 0.05078125 0.0578125 0.059375
1 0.1421875 0.11328125 0.0609375 0.0546875
1 0.0375 0.18671875 0.0515625 0.05
1 0.375 0.11875 0.0484375 0.0546875
1 0.49140625 0.0484375 0.0578125 0.0609375
1 0.71328125 0.04140625 0.0578125 0.0578125
1 0.825 0.10703125 0.06875 0.065625
1 0.94453125 0.040625 0.0734375 0.0625
1 0.59921875 0.1109375 0.0734375 0.0625
1 0.7171875 0.16640625 0.059375 0.059375
1 0.94765625 0.16796875 0.0734375 0.0625
1 0.14609375 0.25390625 0.078125 0.06875
1 0.046875 0.32109375 0.059375 0.0546875
1 0.2671875 0.30078125 0.0671875 0.0703125
1 0.3796875 0.26875 0.0640625 0.0671875
1 0.6 0.2453125 0.075 0.0625
1 0.8265625 0.2390625 0.0671875 0.0796875
1 0.940625 0.30546875 0.059375 0.0609375
1 0.71796875 0.30859375 0.0671875 0.065625
1 0.146875 0.3796875 0.0765625 0.0765625
1 0.046875 0.45078125 0.075 0.0828125
1 0.2671875 0.45 0.071875 0.075
1 0.15 0.51875 0.075 0.0703125
1 0.49140625 0.43515625 0.0640625 0.0703125
1 0.3859375 0.5125 0.0859375 0.0765625
1 0.60859375 0.371875 0.0734375 0.0625
1 0.81640625 0.3828125 0.0890625 0.071875
1 0.94921875 0.44140625 0.065625 0.0609375
1 0.71015625 0.44609375 0.06875 0.0671875
1 0.82421875 0.50234375 0.0796875 0.0859375
1 0.60703125 0.503125 0.0578125 0.06875
1 0.49609375 0.571875 0.059375 0.065625
1 0.7109375 0.57421875 0.0734375 0.075
1 0.94375 0.5734375 0.0734375 0.0734375
1 0.04140625 0.59296875 0.0609375 0.075
1 0.15390625 0.64453125 0.065625 0.0578125
1 0.26953125 0.5859375 0.078125 0.06875
1 0.046875 0.70703125 0.065625 0.065625
1 0.1578125 0.75234375 0.0671875 0.0640625
1 0.27109375 0.7 0.071875 0.065625
1 0.3875 0.640625 0.0703125 0.065625
1 0.60234375 0.646875 0.06875 0.0671875
1 0.71328125 0.70546875 0.0625 0.0609375
1 0.825 0.64296875 0.0828125 0.075
1 0.9421875 0.7 0.0734375 0.0765625
1 0.5140625 0.69765625 0.0671875 0.0609375
1 0.3921875 0.75625 0.078125 0.071875
1 0.2671875 0.81484375 0.0875 0.08125
1 0.04921875 0.828125 0.0578125 0.0546875
1 0.1578125 0.896875 0.071875 0.0625
1 0.04765625 0.96484375 0.0578125 0.0703125
1 0.275 0.96015625 0.0625 0.0609375
1 0.396875 0.884375 0.0796875 0.0703125
1 0.50546875 0.9515625 0.065625 0.05625
1 0.5078125 0.815625 0.0546875 0.05625
1 0.62421875 0.88203125 0.065625 0.0640625
1 0.615625 0.75 0.059375 0.0609375
1 0.71796875 0.809375 0.078125 0.0703125
1 0.721875 0.95625 0.059375 0.05625
1 0.8234375 0.88125 0.078125 0.078125
1 0.83125 0.75859375 0.0703125 0.0703125
1 0.9421875 0.81328125 0.0703125 0.0734375
1 0.9515625 0.946875 0.078125 0.0796875