1 0.89453125 0.05625 0.0734375 0.08359375
1 0.77265625 0.0125 0.0765625 0.025
1 0.640625 0.053125 0.071875 0.0703125
1 0.5203125 0.01015625 0.06796875 0.0203125
1 0.38984375 0.0375 0.078125 0.06796875
1 0.15234375 0.0375 0.075 0.06640625
1 0.26484375 0.11484375 0.08515625 0.08515625
1 0.0296875 0.12109375 0.059375 0.08515625
1 0.14609375 0.1921875 0.0890625 0.090625
1 0.5125 0.13046875 0.078125 0.08046875
1 0.98515625 0.1359375 0.02890625 0.0765625
1 0.771875 0.1234375 0.08203125 0.08046875
1 0.88515625 0.21328125 0.08671875 0.08359375
1 0.6390625 0.2015625 0.08203125 0.0734375
1 0.3890625 0.19609375 0.08515625 0.08203125
1 0.25703125 0.26875 0.09375 0.08203125
1 0.03125 0.25859375 0.0625 0.0703125
1 0.1453125 0.3421875 0.075 0.0703125
1 0.51015625 0.27421875 0.08046875 0.08515625
1 0.7703125 0.27421875 0.0921875 0.08515625
1 0.9890625 0.2859375 0.021875 0.0734375
1 0.8890625 0.35234375 0.078125 0.0734375
1 0.76953125 0.409375 0.0765625 0.0734375
1 0.64609375 0.3484375 0.071875 0.06484375
1 0.38515625 0.3328125 0.06640625 0.0734375
1 0.26484375 0.409375 0.06796875 0.071875
1 0.03125 0.403125 0.0625 0.065625
1 0.140625 0.4640625 0.0890625 0.078125
1 0.5078125 0.41484375 0.06796875 0.06640625
1 0.98828125 0.44609375 0.0234375 0.0640625
1 0.8875 0.47578125 0.06640625 0.06640625
1 0.64765625 0.478125 0.06796875 0.0734375
1 0.3796875 0.48203125 0.0546875 0.06796875
1 0.51015625 0.54921875 0.059375 0.06640625
1 0.2625 0.5453125 0.06796875 0.06484375
1 0.02890625 0.553125 0.0578125 0.06796875
1 0.1328125 0.59921875 0.078125 0.08359375
1 0.38359375 0.6140625 0.06796875 0.078125
1 0.98046875 0.5609375 0.0390625 0.0765625
1 0.7625 0.55546875 0.06796875 0.0765625
1 0.88359375 0.628125 0.06484375 0.06328125
1 0.64921875 0.6171875 0.05625 0.06484375
1 0.5125 0.68828125 0.06796875 0.0734375
1 0.265625 0.69140625 0.059375 0.06484375
1 0.0234375 0.68828125 0.046875 0.0640625
1 0.1328125 0.75234375 0.071875 0.08203125
1 0.76796875 0.6984375 0.0546875 0.0515625
1 0.990625 0.709375 0.01875 0.053125
1 0.89453125 0.76484375 0.04765625 0.05625
1 0.9890625 0.84765625 0.021875 0.06328125
1 0.7890625 0.83359375 0.08046875 0.06640625
1 0.8890625 0.89921875 0.053125 0.0546875
1 0.7640625 0.96875 0.059375 0.0625
1 0.6375 0.9109375 0.05625 0.059375
1 0.63203125 0.76796875 0.053125 0.0546875
1 0.50546875 0.84140625 0.06171875 0.0578125
1 0.51328125 0.971875 0.0546875 0.05625
1 0.38203125 0.76484375 0.0546875 0.06484375
1 0.2609375 0.83515625 0.06171875 0.06328125
1 0.37890625 0.909375 0.071875 0.078125
1 0.26015625 0.97578125 0.059375 0.04765625
1 0.1328125 0.89140625 0.071875 0.08515625
1 0.0265625 0.8265625 0.053125 0.0703125
1 0.0234375 0.96875 0.046875 0.0625