1 0.86015625 0.01171875 0.0734375 0.0234375
1 0.9765625 0.078125 0.04609375 0.059375
1 0.5828125 0.01484375 0.0578125 0.0296875
1 0.046875 0.0109375 0.08125 0.021875
1 0.31484375 0.01328125 0.0875 0.02578125
1 0.175 0.0546875 0.0703125 0.0703125
1 0.85390625 0.15859375 0.09296875 0.08203125
1 0.96875 0.23828125 0.0625 0.0640625
1 0.71015625 0.21484375 0.0796875 0.08359375
1 0.5765625 0.1765625 0.0765625 0.0796875
1 0.3140625 0.1484375 0.0890625 0.07421875
1 0.04453125 0.14140625 0.0796875 0.09453125
1 0.1734375 0.22421875 0.0796875 0.078125
1 0.853125 0.30859375 0.09140625 0.09140625
1 0.9640625 0.39296875 0.071875 0.0984375
1 0.71015625 0.3921875 0.08515625 0.0890625
1 0.84921875 0.47421875 0.0890625 0.08359375
1 0.44296875 0.37421875 0.0765625 0.08359375
1 0.56875 0.46640625 0.10234375 0.09140625
1 0.30390625 0.29921875 0.0875 0.07421875
1 0.05703125 0.3125 0.10625 0.08515625
1 0.1828125 0.3875 0.08203125 0.0796875
1 0.04765625 0.4546875 0.09453125 0.10234375
1 0.30546875 0.45546875 0.06875 0.08203125
1 0.4375 0.5375 0.0703125 0.078125
1 0.18203125 0.53984375 0.0875 0.0890625
1 0.97109375 0.56171875 0.0578125 0.0890625
1 0.84453125 0.6234375 0.078125 0.06875
1 0.70703125 0.55390625 0.09296875 0.08203125
1 0.96640625 0.696875 0.0671875 0.078125
1 0.83984375 0.7515625 0.0796875 0.0765625
1 0.70546875 0.68984375 0.08515625 0.078125
1 0.5671875 0.61875 0.08359375 0.078125
1 0.31171875 0.6265625 0.08203125 0.0796875
1 0.1796875 0.69609375 0.07421875 0.07265625
1 0.0484375 0.62109375 0.096875 0.0890625
1 0.41640625 0.68671875 0.0796875 0.07265625
1 0.56171875 0.75625 0.09296875 0.08515625
1 0.71015625 0.8265625 0.10390625 0.096875
1 0.9671875 0.84140625 0.06484375 0.06484375
1 0.83984375 0.9234375 0.08515625 0.07421875
1 0.96875 0.98125 0.0625 0.0375
1 0.70078125 0.98125 0.07421875 0.0375
1 0.55546875 0.90859375 0.09453125 0.08359375
1 0.42734375 0.97734375 0.078125 0.04453125
1 0.4234375 0.82734375 0.06484375 0.0671875
1 0.28515625 0.90625 0.078125 0.0765625
1 0.2953125 0.74921875 0.0703125 0.07265625
1 0.1734375 0.81953125 0.09296875 0.08359375
1 0.16953125 0.98046875 0.0703125 0.0390625
1 0.0484375 0.90546875 0.09296875 0.09296875
1 0.04140625 0.75859375 0.0828125 0.0828125