1 0.84296875 0.98671875 0.07265625 0.0265625
1 0.96875 0.93203125 0.06171875 0.07265625
1 0.58046875 0.98671875 0.07265625 0.0265625
1 0.71328125 0.92578125 0.0796875 0.07421875
1 0.846875 0.853125 0.08515625 0.07109375
1 0.971875 0.77109375 0.05625 0.0734375
1 0.3171875 0.99140625 0.06875 0.0171875
1 0.45546875 0.93984375 0.07109375 0.07265625
1 0.57734375 0.8546875 0.0796875 0.07421875
1 0.709375 0.7828125 0.07109375 0.0671875
1 0.84140625 0.7078125 0.078125 0.06171875
1 0.07734375 0.99140625 0.0859375 0.0171875
1 0.21484375 0.94765625 0.06953125 0.0640625
1 0.0734375 0.86875 0.078125 0.06953125
1 0.321875 0.865625 0.065625 0.06015625
1 0.44296875 0.77421875 0.0640625 0.0765625
1 0.56640625 0.6921875 0.078125 0.0796875
1 0.70859375 0.6296875 0.07109375 0.06953125
1 0.84140625 0.5640625 0.08125 0.07265625
1 0.21328125 0.79375 0.0671875 0.07109375
1 0.07265625 0.71796875 0.05859375 0.05859375
1 0.32421875 0.71640625 0.06015625 0.05703125
1 0.2109375 0.63984375 0.07421875 0.0671875
1 0.4359375 0.6296875 0.07421875 0.0671875
1 0.57265625 0.55078125 0.07421875 0.07265625
1 0.96875 0.484375 0.06171875 0.0640625
1 0.8328125 0.409375 0.07109375 0.0671875
1 0.7 0.471875 0.0796875 0.07109375
1 0.32734375 0.56015625 0.053125 0.05859375
1 0.0703125 0.56640625 0.065625 0.0640625
1 0.203125 0.4765625 0.0765625 0.08125
1 0.06796875 0.4140625 0.06953125 0.0765625
1 0.44765625 0.465625 0.0796875 0.07109375
1 0.56640625 0.40703125 0.08125 0.08359375
1 0.31953125 0.4078125 0.07109375 0.07421875
1 0.43515625 0.325 0.078125 0.07109375
1 0.2046875 0.328125 0.0765625 0.07265625
1 0.0640625 0.2671875 0.078125 0.07421875
1 0.96796875 0.3234375 0.06171875 0.0671875
1 0.8359375 0.2515625 0.065625 0.06171875
1 0.703125 0.32421875 0.07109375 0.065625
1 0.571875 0.2484375 0.07109375 0.0671875
1 0.70859375 0.1703125 0.0640625 0.06171875
1 0.83984375 0.09375 0.0671875 0.06015625
1 0.9671875 0.03125 0.065625 0.06171875
1 0.6984375 0.0234375 0.05703125 0.04609375
1 0.5609375 0.0828125 0.0921875 0.09375
1 0.434375 0.025 0.0640625 0.05
1 0.43203125 0.16875 0.08515625 0.065625
1 0.32890625 0.2625 0.06171875 0.0640625
1 0.19921875 0.16640625 0.0765625 0.0796875
1 0.325 0.090625 0.05859375 0.05859375
1 0.19453125 0.0265625 0.06171875 0.053125
1 0.05859375 0.1046875 0.07265625 0.0765625