1 0.05 0.103125 0.0640625 0.0578125
1 0.159375 0.02890625 0.059375 0.0515625
1 0.27421875 0.09375 0.0796875 0.06875
1 0.165625 0.1671875 0.0546875 0.05625
1 0.39921875 0.02734375 0.0546875 0.053125
1 0.51328125 0.07890625 0.05625 0.0515625
1 0.3984375 0.1546875 0.0703125 0.065625
1 0.5125 0.22421875 0.065625 0.05625
1 0.27890625 0.23125 0.075 0.075
1 0.04609375 0.2359375 0.0515625 0.0546875
1 0.1625 0.2984375 0.065625 0.05625
1 0.40234375 0.29375 0.0546875 0.0546875
1 0.8421875 0.02109375 0.053125 0.0421875
1 0.725 0.0890625 0.0640625 0.06875
1 0.9609375 0.08359375 0.0609375 0.059375
1 0.846875 0.15625 0.075 0.0625
1 0.96328125 0.21875 0.0703125 0.0609375
1 0.73125 0.22578125 0.059375 0.04375
1 0.8421875 0.28671875 0.065625 0.075
1 0.0546875 0.36875 0.05625 0.0484375
1 0.2796875 0.36015625 0.0734375 0.065625
1 0.6390625 0.2921875 0.0640625 0.0625
1 0.51875 0.36171875 0.0625 0.0640625
1 0.39921875 0.425 0.0671875 0.0625
1 0.734375 0.3453125 0.05625 0.05625
1 0.6421875 0.42421875 0.0640625 0.059375
1 0.5171875 0.4890625 0.071875 0.071875
1 0.17265625 0.43125 0.0734375 0.0671875
1 0.0625 0.5046875 0.0796875 0.078125
1 0.1703125 0.5640625 0.071875 0.0671875
1 0.29140625 0.63046875 0.0796875 0.0796875
1 0.3984375 0.5640625 0.0765625 0.06875
1 0.7296875 0.49296875 0.0515625 0.0546875
1 0.6390625 0.55390625 0.059375 0.0609375
1 0.8484375 0.55625 0.0625 0.0640625
1 0.9640625 0.62109375 0.0671875 0.059375
1 0.73359375 0.61875 0.059375 0.059375
1 0.84296875 0.6890625 0.0703125 0.075
1 0.96953125 0.75390625 0.0609375 0.0578125
1 0.5171875 0.63046875 0.065625 0.0578125
1 0.4125 0.70078125 0.0625 0.053125
1 0.05859375 0.640625 0.0734375 0.0609375
1 0.16875 0.7015625 0.071875 0.0578125
1 0.0609375 0.77421875 0.075 0.06875
1 0.1703125 0.83359375 0.08125 0.0734375
1 0.2984375 0.7640625 0.0828125 0.084375
1 0.0609375 0.91171875 0.0640625 0.06875
1 0.17421875 0.9640625 0.065625 0.0640625
1 0.2984375 0.8703125 0.0546875 0.05625
1 0.4109375 0.83125 0.046875 0.05625
1 0.41640625 0.96953125 0.0640625 0.0609375
1 0.528125 0.89921875 0.05625 0.05625
1 0.6359375 0.9546875 0.0546875 0.0546875
1 0.52734375 0.7640625 0.0609375 0.0609375
1 0.6453125 0.8203125 0.059375 0.053125
1 0.73359375 0.89375 0.0671875 0.05625
1 0.72890625 0.7578125 0.0640625 0.0640625
1 0.8453125 0.83125 0.075 0.075
1 0.9671875 0.89765625 0.065625 0.0625