1 0.03046875 0.0328125 0.06015625 0.065625
1 0.2515625 0.02109375 0.090625 0.0421875
1 0.37890625 0.0640625 0.0859375 0.0734375
1 0.1375 0.0890625 0.08046875 0.0671875
1 0.4921875 0.015625 0.05625 0.03125
1 0.73828125 0.01875 0.0671875 0.03671875
1 0.84921875 0.06328125 0.0703125 0.071875
1 0.7359375 0.13515625 0.090625 0.08359375
1 0.8546875 0.2015625 0.07578125 0.07578125
1 0.9703125 0.13671875 0.05859375 0.071875
1 0.6203125 0.2078125 0.09375 0.0953125
1 0.02890625 0.15 0.05703125 0.07890625
1 0.24765625 0.19140625 0.090625 0.08046875
1 0.37578125 0.21796875 0.0859375 0.07890625
1 0.1234375 0.234375 0.0921875 0.07890625
1 0.0296875 0.30625 0.05859375 0.065625
1 0.25703125 0.30546875 0.0734375 0.07578125
1 0.13359375 0.36875 0.06171875 0.05859375
1 0.38125 0.3625 0.0703125 0.06171875
1 0.496875 0.284375 0.0890625 0.0890625
1 0.73984375 0.27890625 0.06875 0.0703125
1 0.96328125 0.2640625 0.0734375 0.109375
1 0.86015625 0.33203125 0.07578125 0.08359375
1 0.6171875 0.34140625 0.07890625 0.08046875
1 0.0265625 0.44375 0.053125 0.09375
1 0.25703125 0.425 0.08046875 0.07578125
1 0.484375 0.428125 0.071875 0.0890625
1 0.7421875 0.4171875 0.08203125 0.0921875
1 0.8484375 0.4765625 0.1125 0.10390625
1 0.96328125 0.41328125 0.0734375 0.109375
1 0.62578125 0.4859375 0.10390625 0.09765625
1 0.4890625 0.56796875 0.10234375 0.0953125
1 0.25625 0.5765625 0.090625 0.08046875
1 0.025 0.5640625 0.05 0.08046875
1 0.14375 0.6484375 0.0734375 0.07890625
1 0.73359375 0.55859375 0.08203125 0.071875
1 0.9703125 0.56640625 0.05859375 0.0859375
1 0.853125 0.63515625 0.0859375 0.0890625
1 0.96328125 0.69765625 0.0734375 0.10078125
1 0.7296875 0.6984375 0.0890625 0.09375
1 0.61484375 0.63125 0.08359375 0.07734375
1 0.484375 0.7109375 0.10078125 0.09375
1 0.61875 0.771875 0.07578125 0.07578125
1 0.85703125 0.7765625 0.090625 0.08203125
1 0.02734375 0.7125 0.0546875 0.08125
1 0.14140625 0.79375 0.0734375 0.0671875
1 0.03203125 0.85859375 0.0640625 0.07890625
1 0.13515625 0.93359375 0.08203125 0.08203125
1 0.03515625 0.9765625 0.0703125 0.046875
1 0.2625 0.98046875 0.08203125 0.03828125
1 0.2546875 0.86015625 0.08359375 0.0703125
1 0.378125 0.78359375 0.08359375 0.08046875
1 0.3875 0.93515625 0.0703125 0.0734375
1 0.49609375 0.85078125 0.05703125 0.05703125
1 0.5015625 0.97890625 0.05703125 0.0421875
1 0.61640625 0.91796875 0.08046875 0.071875
1 0.7421875 0.8453125 0.07578125 0.08359375
1 0.75078125 0.97734375 0.071875 0.0453125
1 0.86171875 0.9171875 0.07578125 0.0875
1 0.978125 0.9796875 0.04375 0.040625
1 0.97890625 0.8359375 0.0421875 0.09375