1 0.10078125 0.09140625 0.09140625 0.09765625
1 0.33359375 0.10078125 0.0828125 0.08125
1 0.57734375 0.09765625 0.0828125 0.09140625
1 0.81015625 0.075 0.06640625 0.07109375
1 0.92578125 0.14375 0.0734375 0.06953125
1 0.2125 0.15078125 0.07109375 0.0734375
1 0.090625 0.225 0.08125 0.09140625
1 0.459375 0.15546875 0.0828125 0.078125
1 0.7015625 0.15234375 0.078125 0.0796875
1 0.81484375 0.2203125 0.078125 0.08828125
1 0.93828125 0.28125 0.0734375 0.08828125
1 0.20625 0.28671875 0.0734375 0.09140625
1 0.45078125 0.296875 0.078125 0.08671875
1 0.7015625 0.290625 0.0734375 0.0765625
1 0.58125 0.36015625 0.09296875 0.1
1 0.80625 0.35390625 0.06640625 0.0796875
1 0.09765625 0.3703125 0.06171875 0.075
1 0.2109375 0.421875 0.07109375 0.06953125
1 0.3328125 0.36328125 0.07109375 0.0796875
1 0.09296875 0.50390625 0.07109375 0.08125
1 0.34453125 0.50078125 0.075 0.078125
1 0.4578125 0.43515625 0.07109375 0.0796875
1 0.70234375 0.43828125 0.075 0.075
1 0.92890625 0.428125 0.06640625 0.0578125
1 0.81875 0.490625 0.075 0.06640625
1 0.934375 0.5609375 0.06328125 0.0734375
1 0.58359375 0.5015625 0.0734375 0.0828125
1 0.21171875 0.5765625 0.0796875 0.0734375
1 0.09921875 0.64140625 0.06640625 0.0796875
1 0.340625 0.65078125 0.06953125 0.0828125
1 0.4578125 0.5734375 0.084375 0.0828125
1 0.21953125 0.71328125 0.0796875 0.0765625
1 0.70546875 0.57421875 0.0765625 0.0796875
1 0.5796875 0.6421875 0.084375 0.09296875
1 0.81640625 0.63984375 0.0796875 0.08671875
1 0.9328125 0.7046875 0.06796875 0.06953125
1 0.71484375 0.72109375 0.078125 0.09296875
1 0.465625 0.71484375 0.08125 0.09140625
1 0.10390625 0.77578125 0.078125 0.0765625
1 0.2296875 0.865625 0.0796875 0.078125
1 0.1078125 0.9359375 0.1015625 0.09140625
1 0.21875 0.97734375 0.075 0.04453125
1 0.35390625 0.9265625 0.08984375 0.084375
1 0.4609375 0.85625 0.09140625 0.08828125
1 0.465625 0.9765625 0.07109375 0.046875
1 0.58984375 0.9234375 0.09765625 0.1078125
1 0.590625 0.78671875 0.0828125 0.09609375
1 0.71953125 0.97578125 0.0765625 0.0484375
1 0.70703125 0.85078125 0.0828125 0.0796875
1 0.81953125 0.775 0.06640625 0.0796875
1 0.825 0.909375 0.06484375 0.075
1 0.9359375 0.84609375 0.075 0.0828125
1 0.93671875 0.97578125 0.0828125 0.0484375