1 0.93046875 0.00859375 0.0796875 0.0171875
1 0.7734375 0.05546875 0.07109375 0.0609375
1 0.92734375 0.12734375 0.07109375 0.0640625
1 0.66640625 0.1265625 0.0625 0.06796875
1 0.52578125 0.0453125 0.07109375 0.075
1 0.2578125 0.03046875 0.0625 0.0609375
1 0.4046875 0.12109375 0.0734375 0.0765625
1 0.025 0.0421875 0.05 0.06640625
1 0.15 0.1234375 0.0765625 0.07890625
1 0.0234375 0.18828125 0.04609375 0.0625
1 0.25390625 0.1828125 0.07109375 0.06640625
1 0.14765625 0.2703125 0.0765625 0.075
1 0.0171875 0.3390625 0.03359375 0.075
1 0.53125 0.19609375 0.075 0.0734375
1 0.78125 0.20234375 0.07109375 0.07109375
1 0.9375 0.2875 0.08046875 0.07109375
1 0.40390625 0.275 0.07890625 0.0765625
1 0.2453125 0.3484375 0.07890625 0.0875
1 0.1296875 0.43046875 0.0640625 0.06953125
1 0.01796875 0.49453125 0.0359375 0.08203125
1 0.51796875 0.3453125 0.06953125 0.07109375
1 0.78125 0.34609375 0.0640625 0.0640625
1 0.64296875 0.42109375 0.075 0.075
1 0.9140625 0.44296875 0.06953125 0.06796875
1 0.76796875 0.51640625 0.0859375 0.09453125
1 0.90625 0.59921875 0.0765625 0.08203125
1 0.2515625 0.48671875 0.0765625 0.08203125
1 0.5203125 0.50625 0.06796875 0.075
1 0.63515625 0.58828125 0.0734375 0.07109375
1 0.775 0.6640625 0.0859375 0.08046875
1 0.9046875 0.75546875 0.06953125 0.0734375
1 0.38203125 0.58984375 0.0765625 0.07109375
1 0.1234375 0.56875 0.06640625 0.0640625
1 0.01484375 0.6453125 0.0296875 0.075
1 0.25 0.6453125 0.0875 0.0765625
1 0.12109375 0.73125 0.08046875 0.07890625
1 0.51171875 0.6609375 0.08203125 0.06953125
1 0.38125 0.72421875 0.08046875 0.075
1 0.64453125 0.73984375 0.07890625 0.08359375
1 0.5046875 0.8015625 0.08046875 0.075
1 0.01015625 0.79453125 0.01953125 0.07890625
1 0.125 0.87421875 0.06953125 0.0765625
1 0.01171875 0.95 0.0234375 0.07109375
1 0.9046875 0.89765625 0.05859375 0.06640625
1 0.79140625 0.96484375 0.08203125 0.06953125
1 0.50859375 0.95859375 0.07109375 0.06953125
1 0.38125 0.89140625 0.075 0.06640625
1 0.24453125 0.9625 0.07109375 0.06796875
1 0.115625 0.990625 0.06875 0.01875