1 0.10234375 0.02265625 0.0546875 0.04375
1 0.22265625 0.07890625 0.0671875 0.0625
1 0.10625 0.14296875 0.059375 0.059375
1 0.3328125 0.13203125 0.053125 0.0578125
1 0.46875 0.06484375 0.053125 0.0546875
1 0.2203125 0.21328125 0.0484375 0.046875
1 0.103125 0.27734375 0.0625 0.0625
1 0.45 0.19921875 0.06875 0.059375
1 0.33828125 0.271875 0.0546875 0.0640625
1 0.55703125 0.0171875 0.0453125 0.034375
1 0.33671875 0.0125 0.046875 0.025
1 0.6828125 0.07109375 0.0578125 0.046875
1 0.90234375 0.059375 0.05625 0.0546875
1 0.80390625 0.12734375 0.0625 0.0578125
1 0.565625 0.13515625 0.059375 0.0515625
1 0.68359375 0.20234375 0.059375 0.0625
1 0.90625 0.20078125 0.0578125 0.0515625
1 0.81171875 0.25859375 0.0546875 0.0515625
1 0.56328125 0.265625 0.04375 0.0515625
1 0.4546875 0.3328125 0.065625 0.0625
1 0.225 0.34140625 0.0625 0.059375
1 0.103125 0.41171875 0.0625 0.0625
1 0.22265625 0.48359375 0.05 0.0546875
1 0.34140625 0.41015625 0.0515625 0.0484375
1 0.1078125 0.553125 0.0484375 0.0515625
1 0.4546875 0.471875 0.0609375 0.0671875
1 0.56953125 0.4 0.0515625 0.0453125
1 0.67421875 0.33984375 0.0421875 0.040625
1 0.9109375 0.32734375 0.053125 0.059375
1 0.81171875 0.3984375 0.059375 0.0640625
1 0.10625 0.68203125 0.053125 0.0484375
1 0.22734375 0.6140625 0.0515625 0.0546875
1 0.23125 0.7390625 0.0546875 0.05
1 0.1125 0.81328125 0.046875 0.05
1 0.22265625 0.87578125 0.0546875 0.05625
1 0.12109375 0.959375 0.0609375 0.0578125
1 0.3421875 0.54296875 0.05 0.0546875
1 0.575 0.540625 0.046875 0.0515625
1 0.82109375 0.53828125 0.0546875 0.05625
1 0.91953125 0.46640625 0.0453125 0.04375
1 0.91328125 0.60625 0.0390625 0.0375
1 0.69609375 0.603125 0.0484375 0.0515625
1 0.45859375 0.60703125 0.0640625 0.0703125
1 0.3484375 0.6796875 0.05625 0.05625
1 0.3484375 0.81640625 0.065625 0.05625
1 0.35625 0.9453125 0.065625 0.053125
1 0.4640625 0.88125 0.075 0.0578125
1 0.57890625 0.93671875 0.0625 0.059375
1 0.4578125 0.7375 0.065625 0.0625
1 0.57578125 0.6734375 0.0609375 0.0578125
1 0.58046875 0.803125 0.0546875 0.0484375
1 0.6984375 0.871875 0.0515625 0.0578125
1 0.69765625 0.7453125 0.0578125 0.059375
1 0.82734375 0.7921875 0.0546875 0.0546875
1 0.82578125 0.9421875 0.0609375 0.065625
1 0.91875 0.85625 0.05 0.0453125
1 0.82109375 0.6703125 0.0625 0.053125