1 0.1296875 0.0796875 0.065625 0.0703125
1 0.24296875 0.04375 0.0515625 0.05625
1 0.228125 0.16640625 0.0625 0.059375
1 0.10625 0.3328125 0.0640625 0.0609375
1 0.34296875 0.25078125 0.0625 0.071875
1 0.2484375 0.31015625 0.0640625 0.0609375
1 0.4734375 0.171875 0.059375 0.0546875
1 0.46953125 0.0296875 0.0640625 0.0546875
1 0.57421875 0.10859375 0.0609375 0.0609375
1 0.6921875 0.03359375 0.05625 0.0578125
1 0.81796875 0.10390625 0.065625 0.0640625
1 0.91015625 0.1671875 0.0484375 0.0546875
1 0.68515625 0.16328125 0.05625 0.053125
1 0.57421875 0.240625 0.059375 0.05625
1 0.5671875 0.3734375 0.053125 0.0546875
1 0.91796875 0.30703125 0.065625 0.0671875
1 0.821875 0.36484375 0.0671875 0.06875
1 0.03125 0.4640625 0.059375 0.0609375
1 0.14375 0.52265625 0.0484375 0.0484375
1 0.0390625 0.57734375 0.053125 0.0546875
1 0.26171875 0.57265625 0.0484375 0.0484375
1 0.14609375 0.6390625 0.04375 0.0484375
1 0.02421875 0.7078125 0.0484375 0.046875
1 0.1484375 0.78125 0.0515625 0.05625
1 0.26015625 0.6984375 0.0453125 0.0453125
1 0.02734375 0.85 0.053125 0.0515625
1 0.14921875 0.9140625 0.053125 0.05625
1 0.034375 0.975 0.053125 0.05
1 0.25703125 0.84140625 0.05 0.05
1 0.25703125 0.96796875 0.0546875 0.05625
1 0.46484375 0.4578125 0.0625 0.0625
1 0.584375 0.50859375 0.0546875 0.0546875
1 0.4703125 0.54921875 0.065625 0.0625
1 0.5890625 0.640625 0.059375 0.059375
1 0.70859375 0.56484375 0.0578125 0.05625
1 0.803125 0.50703125 0.0640625 0.0625
1 0.925 0.56953125 0.0640625 0.059375
1 0.80625 0.63828125 0.0546875 0.0515625
1 0.709375 0.69609375 0.0546875 0.0515625
1 0.375 0.63125 0.059375 0.059375
1 0.36875 0.75625 0.0609375 0.0546875
1 0.475 0.69609375 0.05 0.05
1 0.475 0.81796875 0.05625 0.0625
1 0.5953125 0.75390625 0.0640625 0.0625
1 0.484375 0.95703125 0.065625 0.059375
1 0.6078125 0.90234375 0.05625 0.05625
1 0.71328125 0.825 0.0609375 0.0640625
1 0.8125 0.75859375 0.059375 0.059375
1 0.92578125 0.70234375 0.0671875 0.059375
1 0.92734375 0.83359375 0.053125 0.0484375
1 0.71875 0.95390625 0.0671875 0.065625
1 0.825 0.89296875 0.0625 0.0625
1 0.9328125 0.959375 0.0640625 0.0703125