1 0.028125 0.01796875 0.05625 0.0359375
1 0.17421875 0.07421875 0.07265625 0.06171875
1 0.0265625 0.14765625 0.05234375 0.065625
1 0.28359375 0.00703125 0.0609375 0.0140625
1 0.28359375 0.14765625 0.06328125 0.06875
1 0.4265625 0.06484375 0.07265625 0.0765625
1 0.7 0.0484375 0.06328125 0.06328125
1 0.55 0.1421875 0.07421875 0.078125
1 0.8078125 0.00546875 0.05625 0.0109375
1 0.94765625 0.0609375 0.07109375 0.0671875
1 0.809375 0.14375 0.078125 0.0796875
1 0.94609375 0.21015625 0.06328125 0.06328125
1 0.70390625 0.2046875 0.07265625 0.0671875
1 0.81171875 0.29375 0.078125 0.0765625
1 0.96328125 0.36484375 0.07109375 0.0765625
1 0.42109375 0.21796875 0.0765625 0.07421875
1 0.16640625 0.22421875 0.07265625 0.07265625
1 0.0234375 0.31015625 0.046875 0.0734375
1 0.55078125 0.2984375 0.0796875 0.078125
1 0.71171875 0.37265625 0.0796875 0.0890625
1 0.8296875 0.45625 0.065625 0.07109375
1 0.9625 0.521875 0.07421875 0.08359375
1 0.434375 0.3703125 0.07109375 0.07265625
1 0.16640625 0.37109375 0.065625 0.065625
1 0.30703125 0.44765625 0.0765625 0.0765625
1 0.0328125 0.46875 0.065625 0.06875
1 0.1796875 0.54375 0.0875 0.09609375
1 0.0390625 0.628125 0.078125 0.08359375
1 0.70546875 0.51328125 0.078125 0.08359375
1 0.43203125 0.53359375 0.06875 0.0765625
1 0.315625 0.6171875 0.07421875 0.07265625
1 0.17265625 0.69453125 0.0875 0.08203125
1 0.040625 0.7875 0.07109375 0.07421875
1 0.57265625 0.61875 0.078125 0.07265625
1 0.83671875 0.59765625 0.0671875 0.065625
1 0.96640625 0.6765625 0.0671875 0.0765625
1 0.70703125 0.67578125 0.0890625 0.078125
1 0.83828125 0.7625 0.08203125 0.0796875
1 0.440625 0.690625 0.08359375 0.07109375
1 0.5734375 0.75546875 0.08203125 0.0765625
1 0.30546875 0.771875 0.0796875 0.08515625
1 0.4484375 0.834375 0.08203125 0.0765625
1 0.97109375 0.82734375 0.0578125 0.0796875
1 0.834375 0.9078125 0.07109375 0.078125
1 0.96875 0.97421875 0.06171875 0.05078125
1 0.040625 0.93203125 0.06015625 0.0671875
1 0.15625 0.9828125 0.08359375 0.034375
1 0.44375 0.97890625 0.07265625 0.0421875
1 0.5734375 0.92578125 0.0765625 0.0671875
1 0.71171875 0.98125 0.0734375 0.0375