1 0.0390625 0.04453125 0.078125 0.0890625
1 0.14453125 0.01484375 0.09296875 0.0296875
1 0.259375 0.05703125 0.09140625 0.08125
1 0.3953125 0.01015625 0.08984375 0.0203125
1 0.50546875 0.0390625 0.078125 0.078125
1 0.3828125 0.109375 0.075 0.06953125
1 0.7671875 0.03046875 0.075 0.0609375
1 0.62109375 0.10234375 0.06328125 0.06484375
1 0.865625 0.1078125 0.06640625 0.06171875
1 0.74921875 0.16328125 0.0734375 0.0828125
1 0.4984375 0.16875 0.0765625 0.08828125
1 0.1375 0.1171875 0.06640625 0.06640625
1 0.028125 0.178125 0.05625 0.0796875
1 0.13515625 0.246875 0.08828125 0.0765625
1 0.2640625 0.18125 0.08828125 0.075
1 0.37578125 0.24296875 0.0765625 0.08828125
1 0.6203125 0.2421875 0.09140625 0.0828125
1 0.97578125 0.1671875 0.0484375 0.075
1 0.87109375 0.2390625 0.078125 0.0765625
1 0.74609375 0.30390625 0.078125 0.08125
1 0.98125 0.30234375 0.0375 0.0703125
1 0.02421875 0.3171875 0.0484375 0.06328125
1 0.1375 0.3890625 0.0734375 0.07109375
1 0.26171875 0.321875 0.08125 0.075
1 0.49296875 0.31171875 0.09140625 0.09609375
1 0.61796875 0.3734375 0.06953125 0.0828125
1 0.86875 0.38125 0.0734375 0.078125
1 0.3671875 0.38359375 0.0734375 0.06640625
1 0.27265625 0.46796875 0.06796875 0.06796875
1 0.03125 0.4734375 0.0625 0.09375
1 0.14140625 0.52265625 0.0796875 0.08671875
1 0.37578125 0.51484375 0.0734375 0.084375
1 0.5046875 0.45546875 0.0828125 0.084375
1 0.62265625 0.5203125 0.07109375 0.078125
1 0.75546875 0.4421875 0.0828125 0.08671875
1 0.97734375 0.44140625 0.04453125 0.075
1 0.028125 0.60390625 0.05625 0.07109375
1 0.2625 0.59453125 0.0828125 0.08671875
1 0.13515625 0.6671875 0.0765625 0.0796875
1 0.50390625 0.5875 0.09453125 0.08828125
1 0.75546875 0.5953125 0.08671875 0.08828125
1 0.9859375 0.58984375 0.028125 0.06328125
1 0.8703125 0.66796875 0.0828125 0.075
1 0.6328125 0.65625 0.0796875 0.0734375
1 0.390625 0.66953125 0.0734375 0.07109375
1 0.0296875 0.740625 0.059375 0.075
1 0.02734375 0.87890625 0.0546875 0.0765625
1 0.13671875 0.8078125 0.06953125 0.0734375
1 0.265625 0.7328125 0.08984375 0.0828125
1 0.26640625 0.87890625 0.0734375 0.078125
1 0.37890625 0.81171875 0.0796875 0.08125
1 0.38671875 0.95546875 0.07109375 0.0765625
1 0.51328125 0.87421875 0.0796875 0.0828125
1 0.50703125 0.72265625 0.0796875 0.09296875
1 0.628125 0.796875 0.08671875 0.08984375
1 0.63046875 0.95078125 0.08125 0.0828125
1 0.7546875 0.7359375 0.078125 0.075
1 0.75703125 0.8734375 0.09140625 0.08828125
1 0.88359375 0.80703125 0.0828125 0.09140625
1 0.88515625 0.9453125 0.08984375 0.0796875
1 0.14296875 0.95859375 0.0765625 0.0796875