1 0.13984375 0.07265625 0.0671875 0.0609375
1 0.0390625 0.12109375 0.075 0.0734375
1 0.25859375 0.11484375 0.075 0.0671875
1 0.13671875 0.18984375 0.075 0.0703125
1 0.36953125 0.0625 0.0703125 0.06875
1 0.48984375 0.121875 0.0796875 0.0765625
1 0.59296875 0.06328125 0.0859375 0.071875
1 0.82578125 0.05546875 0.075 0.071875
1 0.93828125 0.10390625 0.078125 0.075
1 0.71484375 0.11015625 0.0515625 0.053125
1 0.81640625 0.1828125 0.0734375 0.06875
1 0.93515625 0.246875 0.08125 0.078125
1 0.36484375 0.184375 0.0921875 0.0828125
1 0.2515625 0.246875 0.0890625 0.090625
1 0.03984375 0.2515625 0.0671875 0.0703125
1 0.14296875 0.31796875 0.0703125 0.078125
1 0.37109375 0.32421875 0.0609375 0.0734375
1 0.48125 0.2515625 0.078125 0.0640625
1 0.5953125 0.184375 0.0578125 0.065625
1 0.7 0.246875 0.0703125 0.0671875
1 0.81953125 0.30390625 0.078125 0.08125
1 0.9265625 0.36875 0.078125 0.071875
1 0.60234375 0.30078125 0.0625 0.0625
1 0.7109375 0.3734375 0.0703125 0.065625
1 0.48984375 0.38125 0.0734375 0.065625
1 0.04296875 0.3890625 0.0703125 0.0703125
1 0.26015625 0.38828125 0.078125 0.0734375
1 0.146875 0.44609375 0.06875 0.0625
1 0.37109375 0.446875 0.0671875 0.0640625
1 0.59453125 0.4390625 0.0765625 0.071875
1 0.8140625 0.43828125 0.0890625 0.078125
1 0.92890625 0.5 0.0828125 0.078125
1 0.70625 0.50390625 0.0734375 0.059375
1 0.8125 0.57578125 0.0859375 0.075
1 0.03046875 0.5203125 0.0609375 0.0625
1 0.14453125 0.578125 0.0796875 0.06875
1 0.26015625 0.515625 0.075 0.0734375
1 0.371875 0.5796875 0.06875 0.065625
1 0.26875 0.65390625 0.0828125 0.075
1 0.4828125 0.509375 0.05625 0.0578125
1 0.5984375 0.57734375 0.0625 0.0671875
1 0.47890625 0.64140625 0.0734375 0.0734375
1 0.7015625 0.6453125 0.075 0.065625
1 0.93203125 0.63359375 0.084375 0.0703125
1 0.04296875 0.65859375 0.0796875 0.075
1 0.04296875 0.7828125 0.0609375 0.0640625
1 0.1484375 0.853125 0.0703125 0.0703125
1 0.25859375 0.78515625 0.075 0.0765625
1 0.38359375 0.71796875 0.0734375 0.0703125
1 0.4921875 0.77578125 0.078125 0.0703125
1 0.6 0.69921875 0.0703125 0.06875
1 0.821875 0.70859375 0.078125 0.08125
1 0.940625 0.77421875 0.0765625 0.08125
1 0.6890625 0.7953125 0.075 0.0671875
1 0.82109375 0.8421875 0.0703125 0.071875
1 0.94375 0.909375 0.071875 0.075
1 0.05 0.91953125 0.071875 0.0765625
1 0.2625 0.91484375 0.0765625 0.08125
1 0.1515625 0.97734375 0.046875 0.0453125
1 0.37578125 0.8484375 0.0671875 0.0609375
1 0.38359375 0.9765625 0.053125 0.046875
1 0.490625 0.91015625 0.084375 0.071875
1 0.60625 0.97109375 0.065625 0.0578125
1 0.6109375 0.84375 0.0671875 0.0640625
1 0.70234375 0.909375 0.0796875 0.075
1 0.8234375 0.96796875 0.075 0.0640625