1 0.19296875 0.9609375 0.06171875 0.0578125
1 0.4359375 0.959375 0.059375 0.059375
1 0.06796875 0.8765625 0.0765625 0.0703125
1 0.6984375 0.9703125 0.06328125 0.059375
1 0.92421875 0.9671875 0.059375 0.06171875
1 0.80859375 0.8953125 0.06640625 0.0578125
1 0.93125 0.8234375 0.08046875 0.0765625
1 0.571875 0.8875 0.071875 0.0734375
1 0.321875 0.890625 0.0765625 0.0734375
1 0.196875 0.80703125 0.071875 0.06328125
1 0.07734375 0.7375 0.071875 0.06796875
1 0.45 0.803125 0.0703125 0.06328125
1 0.3140625 0.73984375 0.075 0.0703125
1 0.70078125 0.815625 0.059375 0.0546875
1 0.8203125 0.75859375 0.05625 0.059375
1 0.92578125 0.69296875 0.06640625 0.06640625
1 0.56796875 0.74453125 0.06484375 0.059375
1 0.69296875 0.6859375 0.071875 0.06796875
1 0.8171875 0.61015625 0.059375 0.06484375
1 0.93359375 0.55234375 0.08203125 0.08359375
1 0.075 0.60390625 0.0703125 0.08046875
1 0.19140625 0.6703125 0.06640625 0.075
1 0.42890625 0.6875 0.06328125 0.071875
1 0.30859375 0.60703125 0.08203125 0.078125
1 0.56484375 0.6171875 0.059375 0.06328125
1 0.4296875 0.540625 0.0734375 0.06640625
1 0.19140625 0.52890625 0.06640625 0.071875
1 0.0734375 0.45625 0.06796875 0.06796875
1 0.31171875 0.47109375 0.0703125 0.0734375
1 0.55390625 0.47578125 0.06796875 0.053125
1 0.6875 0.54453125 0.06640625 0.06640625
1 0.81484375 0.4828125 0.08203125 0.0734375
1 0.103125 0.33046875 0.0765625 0.071875
1 0.1140625 0.19453125 0.08046875 0.06640625
1 0.10546875 0.04375 0.0734375 0.0765625
1 0.22265625 0.12265625 0.0703125 0.06171875
1 0.2125 0.26953125 0.0703125 0.06484375
1 0.35390625 0.3296875 0.0765625 0.0765625
1 0.34765625 0.20234375 0.08203125 0.08359375
1 0.359375 0.05546875 0.08671875 0.08046875
1 0.4625 0.128125 0.0703125 0.0734375
1 0.46640625 0.25703125 0.071875 0.0703125
1 0.61171875 0.29921875 0.078125 0.0765625
1 0.6140625 0.1875 0.071875 0.059375
1 0.6109375 0.06328125 0.0734375 0.06640625
1 0.73046875 0.12109375 0.06328125 0.06484375
1 0.71484375 0.28828125 0.06484375 0.05625
1 0.840625 0.3484375 0.06484375 0.059375
1 0.96484375 0.29765625 0.0703125 0.06796875
1 0.8484375 0.19765625 0.06640625 0.06484375
1 0.96875 0.128125 0.0625 0.075
1 0.859375 0.06328125 0.075 0.0765625
1 0.96328125 0.02265625 0.0671875 0.0453125
1 0.4625 0.0078125 0.0515625 0.015625