1 0.065625 0.03125 0.059375 0.059375
1 0.178125 0.1 0.05625 0.053125
1 0.290625 0.03828125 0.075 0.0703125
1 0.40078125 0.1015625 0.0546875 0.0546875
1 0.52578125 0.034375 0.0578125 0.059375
1 0.0640625 0.17734375 0.0703125 0.0640625
1 0.9625 0.0328125 0.053125 0.0546875
1 0.73828125 0.034375 0.046875 0.0421875
1 0.64140625 0.08515625 0.0578125 0.06875
1 0.84765625 0.09375 0.0546875 0.05625
1 0.9671875 0.1734375 0.065625 0.0625
1 0.7421875 0.16015625 0.0609375 0.053125
1 0.85390625 0.22578125 0.0734375 0.0703125
1 0.525 0.1671875 0.065625 0.0671875
1 0.29609375 0.1640625 0.0703125 0.0671875
1 0.18203125 0.240625 0.065625 0.0578125
1 0.07265625 0.3046875 0.065625 0.0625
1 0.41328125 0.24453125 0.0640625 0.0578125
1 0.2890625 0.30234375 0.06875 0.0640625
1 0.64296875 0.2328125 0.0546875 0.05
1 0.965625 0.28828125 0.05625 0.0546875
1 0.75234375 0.28515625 0.0515625 0.0546875
1 0.84921875 0.3453125 0.0609375 0.0609375
1 0.96953125 0.41015625 0.05625 0.0578125
1 0.521875 0.29765625 0.059375 0.0546875
1 0.6359375 0.3515625 0.065625 0.0625
1 0.75 0.42109375 0.0546875 0.059375
1 0.85625 0.47421875 0.075 0.0765625
1 0.0703125 0.4265625 0.0640625 0.0734375
1 0.1765625 0.365625 0.0609375 0.06875
1 0.39453125 0.35 0.0578125 0.065625
1 0.284375 0.42421875 0.075 0.071875
1 0.51875 0.41484375 0.0546875 0.0578125
1 0.3953125 0.484375 0.0671875 0.0609375
1 0.1765625 0.4953125 0.0609375 0.065625
1 0.06875 0.56171875 0.0625 0.0625
1 0.28671875 0.5484375 0.0640625 0.0671875
1 0.50859375 0.54375 0.0625 0.0484375
1 0.63125 0.48125 0.0609375 0.0609375
1 0.96796875 0.54765625 0.0609375 0.0578125
1 0.74765625 0.5375 0.075 0.0671875
1 0.09609375 0.67734375 0.0703125 0.065625
1 0.10625 0.8015625 0.0734375 0.0609375
1 0.0984375 0.93984375 0.0671875 0.0703125
1 0.20546875 0.8671875 0.0640625 0.05625
1 0.19609375 0.7328125 0.0640625 0.059375
1 0.32578125 0.678125 0.0703125 0.0703125
1 0.31953125 0.79453125 0.075 0.0765625
1 0.33046875 0.92890625 0.0796875 0.0734375
1 0.425 0.8625 0.0640625 0.0671875
1 0.42890625 0.74453125 0.065625 0.0640625
1 0.56171875 0.70546875 0.071875 0.0703125
1 0.5640625 0.8078125 0.065625 0.0546875
1 0.5609375 0.921875 0.0671875 0.0609375
1 0.6703125 0.86875 0.0578125 0.059375
1 0.65625 0.715625 0.059375 0.0515625
1 0.77109375 0.6609375 0.059375 0.0546875
1 0.88515625 0.70703125 0.0640625 0.0625
1 0.778125 0.7984375 0.0609375 0.059375
1 0.89453125 0.8625 0.065625 0.06875
1 0.78828125 0.921875 0.06875 0.0703125
1 0.884375 0.96953125 0.0625 0.0609375
1 0.42578125 0.9828125 0.046875 0.034375
1 0.66171875 0.98828125 0.0421875 0.0234375