1 0.95078125 0.08984375 0.0765625 0.078125
1 0.821875 0.0265625 0.0796875 0.05234375
1 0.6765625 0.084375 0.0875 0.0765625
1 0.55234375 0.0171875 0.0796875 0.034375
1 0.29921875 0.01640625 0.08203125 0.0328125
1 0.02421875 0.01875 0.0484375 0.0375
1 0.1625 0.08359375 0.08203125 0.09296875
1 0.02578125 0.15234375 0.05078125 0.08359375
1 0.81484375 0.16015625 0.065625 0.0796875
1 0.55 0.1515625 0.0765625 0.090625
1 0.4234375 0.084375 0.06875 0.06875
1 0.2828125 0.15390625 0.06015625 0.0765625
1 0.1578125 0.24765625 0.065625 0.07109375
1 0.021875 0.30625 0.04375 0.078125
1 0.2828125 0.2984375 0.06875 0.0765625
1 0.409375 0.23671875 0.07109375 0.07421875
1 0.55078125 0.30546875 0.08203125 0.0875
1 0.67890625 0.23359375 0.07109375 0.06875
1 0.95 0.23984375 0.07421875 0.0671875
1 0.81484375 0.315625 0.07421875 0.090625
1 0.9484375 0.40078125 0.07109375 0.08203125
1 0.68125 0.384375 0.0796875 0.0796875
1 0.415625 0.3890625 0.06875 0.0765625
1 0.15625 0.38515625 0.0875 0.08359375
1 0.27734375 0.45546875 0.0765625 0.078125
1 0.80703125 0.471875 0.0984375 0.1
1 0.55078125 0.4703125 0.078125 0.090625
1 0.02734375 0.4609375 0.0546875 0.08515625
1 0.15546875 0.5546875 0.0890625 0.08515625
1 0.415625 0.54921875 0.0796875 0.08515625
1 0.67421875 0.5546875 0.0796875 0.08203125
1 0.94296875 0.55625 0.07265625 0.07421875
1 0.8078125 0.63125 0.0796875 0.08359375
1 0.54296875 0.62421875 0.06015625 0.07109375
1 0.6765625 0.69453125 0.08359375 0.0875
1 0.27578125 0.62265625 0.06015625 0.065625
1 0.02265625 0.6203125 0.0453125 0.0875
1 0.14375 0.7 0.06875 0.078125
1 0.41328125 0.7015625 0.0671875 0.07265625
1 0.93828125 0.70078125 0.06328125 0.06328125
1 0.80390625 0.7796875 0.06171875 0.07265625
1 0.0171875 0.765625 0.034375 0.07265625
1 0.27890625 0.7625 0.07265625 0.078125
1 0.14453125 0.85390625 0.0890625 0.1
1 0.5453125 0.7671875 0.065625 0.08515625
1 0.67265625 0.8484375 0.08359375 0.0984375
1 0.94375 0.8609375 0.07421875 0.08203125
1 0.4078125 0.85625 0.0765625 0.08515625
1 0.93515625 0.97890625 0.078125 0.0421875
1 0.809375 0.934375 0.090625 0.0875
1 0.678125 0.9828125 0.0796875 0.034375
1 0.5390625 0.92265625 0.07421875 0.0796875
1 0.40546875 0.9828125 0.065625 0.034375
1 0.28515625 0.92265625 0.07421875 0.07265625
1 0.14296875 0.9796875 0.08515625 0.03984375
1 0.0203125 0.91484375 0.03984375 0.08359375