1 0.8796875 0.95 0.090625 0.08046875
1 0.759375 0.90546875 0.0875 0.0875
1 0.765625 0.99375 0.078125 0.0125
1 0.98515625 0.89453125 0.0296875 0.05625
1 0.64765625 0.9625 0.0875 0.07421875
1 0.525 0.8890625 0.06796875 0.06796875
1 0.40390625 0.95859375 0.07734375 0.07265625
1 0.1515625 0.9703125 0.0625 0.059375
1 0.0328125 0.90703125 0.065625 0.084375
1 0.14921875 0.83984375 0.0609375 0.07109375
1 0.26171875 0.76328125 0.06953125 0.07109375
1 0.39765625 0.8265625 0.0625 0.065625
1 0.63359375 0.81875 0.084375 0.07578125
1 0.8828125 0.821875 0.06796875 0.07265625
1 0.75625 0.76015625 0.0625 0.06953125
1 0.98515625 0.75234375 0.0296875 0.0625
1 0.87578125 0.68203125 0.0890625 0.07578125
1 0.6359375 0.68203125 0.0890625 0.07734375
1 0.53125 0.7625 0.0578125 0.06796875
1 0.38828125 0.69609375 0.07265625 0.07265625
1 0.0390625 0.76328125 0.07734375 0.08046875
1 0.1484375 0.7 0.06953125 0.059375
1 0.2640625 0.6203125 0.065625 0.06953125
1 0.14765625 0.55546875 0.07734375 0.07421875
1 0.03828125 0.48828125 0.07578125 0.0828125
1 0.5140625 0.6203125 0.07578125 0.07890625
1 0.76328125 0.615625 0.07890625 0.0859375
1 0.9828125 0.60546875 0.034375 0.07265625
1 0.87890625 0.5359375 0.07265625 0.07734375
1 0.634375 0.54375 0.07421875 0.07421875
1 0.38671875 0.55625 0.07578125 0.07109375
1 0.26953125 0.4828125 0.0625 0.0625
1 0.51875 0.47578125 0.07265625 0.065625
1 0.75859375 0.48671875 0.07421875 0.07265625
1 0.9796875 0.4625 0.040625 0.065625
1 0.87421875 0.40234375 0.07109375 0.0578125
1 0.75546875 0.3375 0.0625 0.06796875
1 0.6359375 0.39921875 0.0828125 0.090625
1 0.38515625 0.39609375 0.07265625 0.07109375
1 0.140625 0.41796875 0.059375 0.065625
1 0.0296875 0.3484375 0.059375 0.07890625
1 0.2625 0.33671875 0.07265625 0.07890625
1 0.14296875 0.2765625 0.06796875 0.07109375
1 0.5125 0.33203125 0.07265625 0.07734375
1 0.97734375 0.3234375 0.04453125 0.07578125
1 0.8671875 0.25546875 0.07578125 0.07421875
1 0.75390625 0.1875 0.07578125 0.07109375
1 0.6328125 0.25546875 0.084375 0.07109375
1 0.5046875 0.19296875 0.07421875 0.07109375
1 0.26875 0.196875 0.06953125 0.07578125
1 0.03515625 0.2046875 0.0703125 0.078125
1 0.98671875 0.17578125 0.0265625 0.0640625
1 0.88046875 0.1203125 0.07890625 0.07421875
1 0.98359375 0.04609375 0.0328125 0.05625
1 0.75390625 0.04921875 0.0828125 0.07109375
1 0.6265625 0.12734375 0.0828125 0.07578125
1 0.5078125 0.0609375 0.05078125 0.0609375
1 0.37578125 0.13046875 0.0625 0.06953125
1 0.259375 0.05625 0.0828125 0.07109375
1 0.14296875 0.12890625 0.0640625 0.0609375
1 0.028125 0.06796875 0.05625 0.06953125