1 0.9265625 0.97421875 0.10703125 0.0515625
1 0.66640625 0.98671875 0.08515625 0.02578125
1 0.121875 0.984375 0.1 0.03125
1 0.0296875 0.95 0.059375 0.09609375
1 0.39921875 0.98359375 0.0859375 0.0328125
1 0.28359375 0.94375 0.08515625 0.08828125
1 0.8109375 0.9265625 0.071875 0.0703125
1 0.66328125 0.84765625 0.09609375 0.09375
1 0.5390625 0.9375 0.0796875 0.090625
1 0.39375 0.85078125 0.0625 0.07734375
1 0.91875 0.84296875 0.0734375 0.06796875
1 0.8109375 0.76953125 0.0796875 0.08125
1 0.9296875 0.68984375 0.0703125 0.0734375
1 0.78984375 0.615625 0.08125 0.07734375
1 0.5375 0.78125 0.0828125 0.0734375
1 0.26328125 0.7859375 0.103125 0.0921875
1 0.12421875 0.85703125 0.0796875 0.08671875
1 0.01953125 0.8109375 0.0390625 0.0796875
1 0.1234375 0.70234375 0.0734375 0.08515625
1 0.0140625 0.628125 0.02734375 0.0796875
1 0.66015625 0.553125 0.0796875 0.0828125
1 0.5203125 0.628125 0.07734375 0.071875
1 0.38359375 0.55546875 0.07734375 0.0734375
1 0.2515625 0.628125 0.071875 0.0734375
1 0.925 0.5453125 0.090625 0.07734375
1 0.796875 0.46015625 0.0796875 0.0828125
1 0.91953125 0.38828125 0.08671875 0.0703125
1 0.7890625 0.3046875 0.07734375 0.0828125
1 0.6734375 0.38125 0.0703125 0.0703125
1 0.52109375 0.47109375 0.071875 0.0734375
1 0.384375 0.3828125 0.07734375 0.08828125
1 0.24453125 0.48125 0.0828125 0.08828125
1 0.1171875 0.4015625 0.08671875 0.08828125
1 0.009375 0.32265625 0.01875 0.08828125
1 0.24296875 0.31015625 0.0796875 0.08828125
1 0.10859375 0.24375 0.0734375 0.0828125
1 0.92265625 0.22890625 0.0734375 0.07734375
1 0.66484375 0.23671875 0.07734375 0.08125
1 0.5140625 0.3015625 0.0734375 0.0734375
1 0.37421875 0.2390625 0.0796875 0.1015625
1 0.9171875 0.0765625 0.07734375 0.0828125
1 0.79765625 0.146875 0.08515625 0.0828125
1 0.65859375 0.08046875 0.0796875 0.0796875
1 0.7765625 0.015625 0.08125 0.03125
1 0.51484375 0.1625 0.07578125 0.08125
1 0.50546875 0.0234375 0.08125 0.04609375
1 0.3796875 0.090625 0.07734375 0.07578125
1 0.2390625 0.16640625 0.0734375 0.08671875
1 0.1125 0.0953125 0.0703125 0.0796875
1 0.25078125 0.03125 0.0625 0.0625