1 0.7765625 0.97109375 0.078125 0.05703125
1 0.53203125 0.96796875 0.08515625 0.0640625
1 0.28125 0.97578125 0.08359375 0.0484375
1 0.03203125 0.978125 0.0640625 0.04375
1 0.90390625 0.9046875 0.08671875 0.08671875
1 0.653125 0.90390625 0.0796875 0.0796875
1 0.78671875 0.83828125 0.065625 0.078125
1 0.53359375 0.83671875 0.06953125 0.0625
1 0.4 0.9171875 0.0625 0.065625
1 0.15625 0.9203125 0.07109375 0.07109375
1 0.03125 0.85078125 0.0625 0.06953125
1 0.271875 0.84140625 0.06953125 0.075
1 0.1515625 0.7671875 0.08671875 0.0796875
1 0.0265625 0.70390625 0.053125 0.0765625
1 0.40625 0.7640625 0.06953125 0.0765625
1 0.26875 0.68984375 0.075 0.06953125
1 0.90078125 0.7625 0.0953125 0.08671875
1 0.6546875 0.7609375 0.078125 0.08125
1 0.89296875 0.61015625 0.06796875 0.07109375
1 0.146875 0.625 0.078125 0.08671875
1 0.0296875 0.5515625 0.059375 0.08125
1 0.52265625 0.6859375 0.075 0.078125
1 0.39765625 0.62265625 0.075 0.078125
1 0.65703125 0.61484375 0.08515625 0.08515625
1 0.778125 0.55234375 0.08359375 0.078125
1 0.275 0.5484375 0.065625 0.07109375
1 0.53125 0.540625 0.075 0.08359375
1 0.8984375 0.4640625 0.08125 0.0765625
1 0.77578125 0.40390625 0.08359375 0.07265625
1 0.653125 0.471875 0.0796875 0.078125
1 0.40546875 0.47734375 0.065625 0.06953125
1 0.8984375 0.3265625 0.0609375 0.0796875
1 0.7796875 0.25625 0.065625 0.06953125
1 0.52890625 0.4109375 0.065625 0.0640625
1 0.1515625 0.47734375 0.078125 0.06953125
1 0.27421875 0.3984375 0.07265625 0.075
1 0.02265625 0.41484375 0.0453125 0.065625
1 0.1421875 0.33828125 0.06953125 0.06953125
1 0.028125 0.26796875 0.05546875 0.0953125
1 0.028125 0.1203125 0.05546875 0.075
1 0.39765625 0.3390625 0.06796875 0.0765625
1 0.65 0.3265625 0.06796875 0.0796875
1 0.51484375 0.2578125 0.06953125 0.078125
1 0.27421875 0.26015625 0.09921875 0.10234375
1 0.140625 0.18515625 0.08125 0.08671875
1 0.89296875 0.17421875 0.08515625 0.08359375
1 0.6453125 0.17890625 0.07265625 0.07265625
1 0.77265625 0.10234375 0.090625 0.078125
1 0.64375 0.03359375 0.06796875 0.0625
1 0.521875 0.115625 0.0765625 0.07109375
1 0.4046875 0.18125 0.05234375 0.05703125
1 0.1421875 0.03984375 0.05703125 0.05703125
1 0.27265625 0.10234375 0.0625 0.06953125
1 0.396875 0.03203125 0.05703125 0.0609375