1 0.0828125 0.08515625 0.0703125 0.0703125
1 0.2015625 0.02265625 0.0625 0.0453125
1 0.078125 0.2234375 0.0609375 0.0671875
1 0.20390625 0.15546875 0.08125 0.0734375
1 0.31953125 0.09296875 0.0625 0.0578125
1 0.42890625 0.02421875 0.0671875 0.0484375
1 0.64296875 0.02109375 0.0515625 0.040625
1 0.55546875 0.08828125 0.065625 0.059375
1 0.43671875 0.1625 0.071875 0.0703125
1 0.32109375 0.23046875 0.0546875 0.05625
1 0.20078125 0.28046875 0.0515625 0.0453125
1 0.8859375 0.01796875 0.046875 0.0359375
1 0.98671875 0.08046875 0.0265625 0.0578125
1 0.77421875 0.078125 0.0546875 0.0484375
1 0.88515625 0.1484375 0.0515625 0.053125
1 0.65546875 0.146875 0.059375 0.05625
1 0.771875 0.21953125 0.0578125 0.053125
1 0.5609375 0.2171875 0.0578125 0.0546875
1 0.8921875 0.27734375 0.0671875 0.059375
1 0.7765625 0.33828125 0.0625 0.05625
1 0.8890625 0.39921875 0.05625 0.0515625
1 0.43515625 0.29453125 0.0703125 0.0625
1 0.07734375 0.3359375 0.071875 0.0671875
1 0.31015625 0.34375 0.0625 0.0515625
1 0.5546875 0.3453125 0.0578125 0.059375
1 0.66640625 0.40078125 0.065625 0.065625
1 0.20625 0.4078125 0.0625 0.0640625
1 0.08828125 0.47890625 0.0734375 0.065625
1 0.4296875 0.4125 0.0734375 0.0703125
1 0.315625 0.4765625 0.0671875 0.06875
1 0.2 0.53984375 0.075 0.0703125
1 0.553125 0.47265625 0.0734375 0.0734375
1 0.6625 0.525 0.0609375 0.065625
1 0.7796875 0.4625 0.0640625 0.0625
1 0.88984375 0.525 0.065625 0.071875
1 0.0234375 0.6765625 0.046875 0.0546875
1 0.1125 0.72890625 0.053125 0.0546875
1 0.23046875 0.66640625 0.0609375 0.059375
1 0.46953125 0.66171875 0.059375 0.0546875
1 0.33203125 0.7234375 0.0703125 0.0625
1 0.703125 0.68046875 0.071875 0.075
1 0.5703125 0.7109375 0.065625 0.0640625
1 0.925 0.6546875 0.0625 0.0671875
1 0.81171875 0.71796875 0.059375 0.059375
1 0.9265625 0.77734375 0.0703125 0.0671875
1 0.8125 0.8421875 0.05625 0.059375
1 0.94609375 0.91171875 0.0703125 0.0734375
1 0.8109375 0.95703125 0.065625 0.0671875
1 0.684375 0.92421875 0.046875 0.046875
1 0.5828125 0.96796875 0.0734375 0.0640625
1 0.7140625 0.7703125 0.065625 0.0640625
1 0.5734375 0.82734375 0.065625 0.0703125
1 0.475 0.7953125 0.071875 0.0734375
1 0.340625 0.8515625 0.0625 0.065625
1 0.23984375 0.79921875 0.06875 0.0625
1 0.1171875 0.85625 0.0625 0.0640625
1 0.23984375 0.90546875 0.0671875 0.0625
1 0.34140625 0.9796875 0.053125 0.040625
1 0.128125 0.971875 0.0578125 0.05625
1 0.0203125 0.91015625 0.040625 0.05
1 0.01484375 0.784375 0.0296875 0.046875