1 0.9515625 0.0265625 0.071875 0.053125
1 0.6984375 0.025 0.08984375 0.04921875
1 0.8203125 0.09296875 0.06171875 0.06328125
1 0.4296875 0.01171875 0.06328125 0.02265625
1 0.5578125 0.07890625 0.07890625 0.07421875
1 0.4296875 0.1578125 0.07421875 0.06328125
1 0.69296875 0.165625 0.084375 0.084375
1 0.95546875 0.17109375 0.0578125 0.06171875
1 0.82421875 0.24140625 0.07421875 0.06328125
1 0.55390625 0.2359375 0.06171875 0.06171875
1 0.19140625 0.021875 0.071875 0.04375
1 0.053125 0.08125 0.084375 0.0703125
1 0.1828125 0.159375 0.0671875 0.04921875
1 0.0578125 0.228125 0.07421875 0.084375
1 0.9453125 0.3203125 0.06328125 0.0546875
1 0.6921875 0.3109375 0.0828125 0.07421875
1 0.28671875 0.234375 0.071875 0.0703125
1 0.42265625 0.3125 0.0703125 0.071875
1 0.55703125 0.38359375 0.07578125 0.0703125
1 0.1796875 0.29375 0.06328125 0.06328125
1 0.28359375 0.3828125 0.071875 0.0671875
1 0.42421875 0.45625 0.08125 0.08125
1 0.8125 0.390625 0.0828125 0.07578125
1 0.93671875 0.4734375 0.08984375 0.08828125
1 0.81484375 0.540625 0.08125 0.07578125
1 0.67890625 0.615625 0.08984375 0.08984375
1 0.5578125 0.540625 0.0859375 0.07734375
1 0.18515625 0.46015625 0.0578125 0.06171875
1 0.28671875 0.52890625 0.0671875 0.06875
1 0.05078125 0.53203125 0.0703125 0.071875
1 0.18046875 0.60234375 0.0671875 0.0671875
1 0.05703125 0.68125 0.07890625 0.084375
1 0.42421875 0.615625 0.07421875 0.06484375
1 0.5421875 0.69453125 0.0703125 0.06015625
1 0.94140625 0.6265625 0.0828125 0.06875
1 0.8171875 0.6953125 0.08125 0.06484375
1 0.93828125 0.77734375 0.084375 0.07734375
1 0.81484375 0.84453125 0.09140625 0.0828125
1 0.67109375 0.765625 0.09296875 0.0953125
1 0.93828125 0.93203125 0.071875 0.07734375
1 0.8125 0.9765625 0.075 0.046875
1 0.67109375 0.8859375 0.06171875 0.06328125
1 0.54375 0.84140625 0.053125 0.06328125
1 0.5375 0.98125 0.071875 0.03671875
1 0.41171875 0.91796875 0.06328125 0.06328125
1 0.29140625 0.97421875 0.06171875 0.05078125
1 0.4125 0.765625 0.06875 0.06875
1 0.2796875 0.82890625 0.0671875 0.06015625
1 0.18046875 0.91171875 0.07578125 0.06328125
1 0.1859375 0.75859375 0.071875 0.071875
1 0.0546875 0.84140625 0.084375 0.084375