1 0.75546875 0.0359375 0.0828125 0.07109375
1 0.88203125 0.10390625 0.07421875 0.07265625
1 0.984375 0.184375 0.03046875 0.07109375
1 0.9890625 0.0359375 0.021875 0.06796875
1 0.50703125 0.02890625 0.07109375 0.0578125
1 0.74609375 0.17265625 0.06640625 0.0640625
1 0.62890625 0.10859375 0.0578125 0.05625
1 0.38203125 0.11171875 0.078125 0.08125
1 0.24765625 0.03046875 0.078125 0.0609375
1 0.03046875 0.03203125 0.0609375 0.0640625
1 0.146875 0.090625 0.078125 0.07265625
1 0.034375 0.178125 0.06875 0.078125
1 0.50390625 0.17578125 0.0625 0.0609375
1 0.24609375 0.17890625 0.06796875 0.0625
1 0.1359375 0.2390625 0.0625 0.0625
1 0.38125 0.24921875 0.07109375 0.07421875
1 0.26953125 0.3078125 0.059375 0.05625
1 0.02578125 0.29609375 0.05078125 0.06640625
1 0.1359375 0.3734375 0.078125 0.07265625
1 0.63046875 0.23828125 0.06796875 0.0625
1 0.8765625 0.24375 0.07265625 0.0640625
1 0.98203125 0.3109375 0.0359375 0.0765625
1 0.8796875 0.37734375 0.07265625 0.07265625
1 0.75625 0.31015625 0.06953125 0.06796875
1 0.5125 0.30625 0.06953125 0.059375
1 0.63671875 0.384375 0.0765625 0.07109375
1 0.39453125 0.37890625 0.0765625 0.08125
1 0.26328125 0.44296875 0.078125 0.08671875
1 0.0234375 0.43671875 0.046875 0.0765625
1 0.13046875 0.509375 0.084375 0.07421875
1 0.025 0.5828125 0.05 0.0875
1 0.98359375 0.44921875 0.03203125 0.078125
1 0.75703125 0.453125 0.0765625 0.06953125
1 0.87734375 0.528125 0.07109375 0.07265625
1 0.5109375 0.44296875 0.0609375 0.07421875
1 0.39453125 0.51875 0.06796875 0.06953125
1 0.26796875 0.58203125 0.07265625 0.0796875
1 0.63359375 0.5171875 0.0625 0.0625
1 0.51015625 0.58046875 0.08125 0.0765625
1 0.98671875 0.6 0.0265625 0.065625
1 0.96796875 0.72421875 0.0640625 0.0765625
1 0.7328125 0.7296875 0.09140625 0.0765625
1 0.8609375 0.79296875 0.096875 0.08828125
1 0.49375 0.715625 0.07421875 0.08125
1 0.24296875 0.71640625 0.08125 0.07265625
1 0.00859375 0.7203125 0.0171875 0.078125
1 0.11015625 0.778125 0.06796875 0.07109375
1 0.01484375 0.840625 0.0296875 0.06875
1 0.971875 0.86640625 0.05625 0.06796875
1 0.86015625 0.93671875 0.06640625 0.06640625
1 0.74140625 0.853125 0.06796875 0.06796875
1 0.61875 0.934375 0.06640625 0.06640625
1 0.37109375 0.790625 0.0640625 0.0640625
1 0.4859375 0.86015625 0.07109375 0.078125
1 0.4890625 0.9765625 0.0875 0.046875
1 0.36953125 0.93125 0.07109375 0.07265625
1 0.24453125 0.98203125 0.07265625 0.0359375
1 0.23671875 0.85625 0.06953125 0.07265625
1 0.11796875 0.91328125 0.0765625 0.0796875
1 0.96875 0.98359375 0.0625 0.03203125