1 0.0796875 0.053125 0.0625 0.06953125
1 0.2015625 0.015625 0.0671875 0.03125
1 0.328125 0.04375 0.07421875 0.08515625
1 0.45859375 0.10703125 0.0640625 0.065625
1 0.57421875 0.02734375 0.0578125 0.0546875
1 0.7125 0.09609375 0.0625 0.0609375
1 0.83203125 0.025 0.07578125 0.05
1 0.975 0.09375 0.05 0.0625
1 0.0796875 0.21875 0.065625 0.0515625
1 0.20078125 0.26484375 0.0640625 0.06953125
1 0.33515625 0.2078125 0.08671875 0.07578125
1 0.5828125 0.1796875 0.06953125 0.0671875
1 0.840625 0.171875 0.078125 0.06953125
1 0.96953125 0.2484375 0.0609375 0.07421875
1 0.0859375 0.36328125 0.07109375 0.0640625
1 0.203125 0.41796875 0.07421875 0.0671875
1 0.34140625 0.35546875 0.07109375 0.07421875
1 0.459375 0.2609375 0.0671875 0.0625
1 0.58515625 0.33046875 0.078125 0.07578125
1 0.7203125 0.25703125 0.07421875 0.06953125
1 0.8296875 0.35546875 0.0796875 0.06953125
1 0.0796875 0.4921875 0.05546875 0.05
1 0.090625 0.62734375 0.0609375 0.0515625
1 0.2109375 0.5625 0.078125 0.065625
1 0.34140625 0.48359375 0.07578125 0.07421875
1 0.46796875 0.409375 0.07109375 0.0625
1 0.590625 0.47421875 0.065625 0.0625
1 0.840625 0.46484375 0.0609375 0.0609375
1 0.72265625 0.540625 0.05859375 0.0609375
1 0.95859375 0.5484375 0.07265625 0.08125
1 0.84921875 0.61953125 0.07265625 0.0640625
1 0.96640625 0.678125 0.065625 0.07109375
1 0.228125 0.69140625 0.065625 0.0625
1 0.090625 0.7796875 0.0671875 0.06953125
1 0.3390625 0.63359375 0.05703125 0.065625
1 0.590625 0.59765625 0.05703125 0.0609375
1 0.46640625 0.68515625 0.0671875 0.07265625
1 0.73359375 0.6796875 0.05546875 0.0609375
1 0.6015625 0.76484375 0.0671875 0.06953125
1 0.871875 0.7578125 0.05703125 0.05703125
1 0.20703125 0.8515625 0.05703125 0.05859375
1 0.08046875 0.928125 0.0640625 0.065625
1 0.209375 0.97734375 0.05859375 0.0453125
1 0.3421875 0.92890625 0.0671875 0.07265625
1 0.47265625 0.84375 0.0671875 0.0640625
1 0.47734375 0.98125 0.0640625 0.0375
1 0.6015625 0.92421875 0.0671875 0.07578125
1 0.7234375 0.846875 0.065625 0.07109375
1 0.85703125 0.9171875 0.06953125 0.07265625
1 0.97265625 0.871875 0.0546875 0.071875
1 0.97265625 0.98515625 0.0546875 0.0296875