1 0.08515625 0.04453125 0.0609375 0.0640625
1 0.20703125 0.103125 0.0625 0.0703125
1 0.321875 0.0484375 0.075 0.0671875
1 0.4375 0.10625 0.0703125 0.075
1 0.57265625 0.03671875 0.0734375 0.0640625
1 0.66875 0.09921875 0.0734375 0.0734375
1 0.89921875 0.10390625 0.0765625 0.0765625
1 0.78125 0.1640625 0.08125 0.0703125
1 0.890625 0.23515625 0.0546875 0.0546875
1 0.084375 0.17265625 0.0796875 0.065625
1 0.315625 0.1796875 0.0765625 0.075
1 0.43671875 0.2296875 0.0703125 0.0734375
1 0.5546875 0.165625 0.0734375 0.071875
1 0.6625 0.2296875 0.0734375 0.0734375
1 0.7875 0.3015625 0.0703125 0.059375
1 0.97890625 0.18125 0.0421875 0.0671875
1 0.21171875 0.246875 0.0546875 0.0578125
1 0.0859375 0.31171875 0.0703125 0.0625
1 0.32734375 0.3015625 0.059375 0.0625
1 0.55703125 0.3 0.0734375 0.0625
1 0.66953125 0.36484375 0.0625 0.059375
1 0.89296875 0.35546875 0.06875 0.0765625
1 0.784375 0.43203125 0.0578125 0.0640625
1 0.21328125 0.36953125 0.0671875 0.0625
1 0.09453125 0.43984375 0.0546875 0.0640625
1 0.3234375 0.425 0.0609375 0.0640625
1 0.44453125 0.36875 0.06875 0.071875
1 0.5515625 0.43125 0.0734375 0.0734375
1 0.89375 0.49453125 0.0609375 0.0703125
1 0.6765625 0.5046875 0.0703125 0.06875
1 0.78671875 0.56015625 0.065625 0.059375
1 0.43984375 0.49765625 0.065625 0.065625
1 0.21484375 0.49296875 0.0734375 0.0671875
1 0.09609375 0.56171875 0.0671875 0.0703125
1 0.33515625 0.55859375 0.0609375 0.0734375
1 0.21640625 0.628125 0.0640625 0.0703125
1 0.5515625 0.55859375 0.0734375 0.078125
1 0.903125 0.63046875 0.0640625 0.06875
1 0.67734375 0.6265625 0.071875 0.075
1 0.44296875 0.6296875 0.065625 0.0703125
1 0.33046875 0.696875 0.071875 0.071875
1 0.54921875 0.68046875 0.065625 0.0671875
1 0.7875 0.70078125 0.0578125 0.05625
1 0.66640625 0.75859375 0.0625 0.0609375
1 0.20703125 0.7625 0.06875 0.065625
1 0.09765625 0.82890625 0.0609375 0.075
1 0.33046875 0.83984375 0.0671875 0.0671875
1 0.4546875 0.75625 0.06875 0.0703125
1 0.56171875 0.8234375 0.071875 0.0625
1 0.7890625 0.82265625 0.071875 0.0828125
1 0.909375 0.8875 0.0640625 0.0671875
1 0.78671875 0.9453125 0.0625 0.0703125
1 0.67265625 0.88828125 0.05625 0.0546875
1 0.44921875 0.890625 0.0703125 0.0640625
1 0.56796875 0.9484375 0.0703125 0.0671875
1 0.22578125 0.9015625 0.0734375 0.0765625
1 0.3296875 0.95703125 0.0609375 0.0578125
1 0.09765625 0.96328125 0.06875 0.0703125