1 0.88515625 0.04140625 0.06171875 0.05859375
1 0.63984375 0.04296875 0.06015625 0.06015625
1 0.9859375 0.1265625 0.02734375 0.0703125
1 0.37578125 0.03125 0.06328125 0.06171875
1 0.1484375 0.034375 0.06015625 0.06171875
1 0.0265625 0.121875 0.053125 0.06875
1 0.26484375 0.10703125 0.0671875 0.05859375
1 0.14140625 0.1796875 0.08046875 0.07734375
1 0.503125 0.11484375 0.071875 0.07421875
1 0.75546875 0.11171875 0.07734375 0.07421875
1 0.88046875 0.19609375 0.071875 0.06328125
1 0.9828125 0.26640625 0.034375 0.06875
1 0.6265625 0.2 0.0703125 0.06328125
1 0.7625 0.2640625 0.07578125 0.0703125
1 0.3734375 0.1875 0.06015625 0.0546875
1 0.025 0.2484375 0.05 0.06015625
1 0.253125 0.24453125 0.05703125 0.06015625
1 0.146875 0.3109375 0.0671875 0.0671875
1 0.0234375 0.38203125 0.04609375 0.06328125
1 0.50703125 0.25859375 0.065625 0.06015625
1 0.38125 0.31796875 0.071875 0.06875
1 0.25625 0.39453125 0.06015625 0.065625
1 0.1390625 0.453125 0.0828125 0.084375
1 0.984375 0.39921875 0.03125 0.08046875
1 0.88671875 0.33359375 0.0671875 0.07578125
1 0.646875 0.31640625 0.06328125 0.071875
1 0.76796875 0.39765625 0.0828125 0.07890625
1 0.51015625 0.3875 0.06015625 0.06328125
1 0.64609375 0.4640625 0.07421875 0.0671875
1 0.88671875 0.47578125 0.0671875 0.071875
1 0.98515625 0.5484375 0.02890625 0.06875
1 0.765625 0.534375 0.0703125 0.07421875
1 0.52109375 0.52890625 0.06875 0.053125
1 0.38671875 0.46015625 0.0671875 0.0671875
1 0.025 0.53359375 0.05 0.06328125
1 0.25859375 0.52265625 0.0828125 0.07421875
1 0.96796875 0.675 0.06328125 0.071875
1 0.9625 0.81171875 0.075 0.0671875
1 0.96875 0.9625 0.0625 0.075
1 0.8546875 0.88515625 0.0703125 0.06171875
1 0.86484375 0.7375 0.0703125 0.065625
1 0.72265625 0.67734375 0.07734375 0.07734375
1 0.7296875 0.8046875 0.0828125 0.084375
1 0.7171875 0.953125 0.0875 0.08046875
1 0.61328125 0.8796875 0.0703125 0.07421875
1 0.609375 0.75 0.071875 0.0703125
1 0.46328125 0.70703125 0.07890625 0.07734375
1 0.46015625 0.81953125 0.071875 0.06015625
1 0.4640625 0.9453125 0.07421875 0.0671875
1 0.34375 0.88671875 0.06328125 0.065625
1 0.359375 0.71796875 0.065625 0.05703125
1 0.2328125 0.6578125 0.065625 0.06015625
1 0.10703125 0.70859375 0.0703125 0.06875
1 0.225 0.809375 0.0671875 0.065625
1 0.096875 0.8796875 0.071875 0.07578125
1 0.2140625 0.9453125 0.07578125 0.07734375
1 0.10859375 0.98203125 0.06875 0.0359375