1 0.93359375 0.09140625 0.0734375 0.071875
1 0.665625 0.08984375 0.0703125 0.0734375
1 0.77890625 0.1609375 0.071875 0.06640625
1 0.53046875 0.0203125 0.0765625 0.040625
1 0.50625 0.1609375 0.06484375 0.06640625
1 0.3921875 0.08671875 0.071875 0.07578125
1 0.0265625 0.0203125 0.053125 0.040625
1 0.15546875 0.07265625 0.0734375 0.0734375
1 0.9328125 0.24609375 0.071875 0.07578125
1 0.65625 0.2453125 0.08125 0.0734375
1 0.265625 0.15390625 0.08125 0.084375
1 0.76640625 0.028125 0.06796875 0.05546875
1 0.0125 0.15625 0.025 0.071875
1 0.13203125 0.228125 0.06328125 0.07734375
1 0.01875 0.3109375 0.0375 0.071875
1 0.39453125 0.23984375 0.0703125 0.0703125
1 0.2484375 0.31328125 0.0828125 0.08125
1 0.91015625 0.39921875 0.071875 0.07890625
1 0.65390625 0.39375 0.06484375 0.06796875
1 0.775 0.47421875 0.071875 0.0734375
1 0.38671875 0.3859375 0.071875 0.07890625
1 0.25703125 0.45859375 0.071875 0.0734375
1 0.12890625 0.5359375 0.07734375 0.08125
1 0.1296875 0.3765625 0.071875 0.0734375
1 0.01484375 0.44453125 0.0296875 0.0609375
1 0.0171875 0.60234375 0.034375 0.06796875
1 0.91015625 0.54921875 0.07890625 0.071875
1 0.6546875 0.5359375 0.08125 0.06640625
1 0.51640625 0.4703125 0.08125 0.06796875
1 0.38671875 0.5421875 0.06796875 0.071875
1 0.5140625 0.61875 0.0734375 0.0734375
1 0.25078125 0.615625 0.0734375 0.0828125
1 0.9109375 0.70390625 0.07734375 0.0734375
1 0.6484375 0.68984375 0.0703125 0.06328125
1 0.775 0.77734375 0.07578125 0.06328125
1 0.35625 0.6890625 0.071875 0.06328125
1 0.1234375 0.69140625 0.08984375 0.07734375
1 0.0171875 0.7546875 0.034375 0.0703125
1 0.9046875 0.85546875 0.08671875 0.08125
1 0.77265625 0.9234375 0.08125 0.06640625
1 0.63515625 0.85078125 0.07890625 0.0703125
1 0.5140625 0.91640625 0.08125 0.0703125
1 0.384375 0.8375 0.08671875 0.071875
1 0.25703125 0.7578125 0.07578125 0.0703125
1 0.1203125 0.83671875 0.071875 0.0734375
1 0.2515625 0.92734375 0.08984375 0.08828125
1 0.01640625 0.91171875 0.03203125 0.06796875
1 0.1234375 0.9734375 0.075 0.053125
1 0.38046875 0.9859375 0.0765625 0.028125
1 0.6359375 0.9828125 0.0703125 0.034375