1 0.0828125 0.06875 0.08203125 0.0875
1 0.20859375 0.00625 0.0640625 0.0125
1 0.21015625 0.13671875 0.07265625 0.0703125
1 0.3484375 0.0625 0.08515625 0.0703125
1 0.49140625 0.140625 0.0875 0.08203125
1 0.62421875 0.07265625 0.0703125 0.06875
1 0.76953125 0.15546875 0.08515625 0.0796875
1 0.634375 0.23125 0.06875 0.0671875
1 0.76328125 0.00859375 0.07265625 0.01640625
1 0.49453125 0.009375 0.0703125 0.01875
1 0.925 0.06953125 0.078125 0.07421875
1 0.93046875 0.215625 0.07421875 0.0671875
1 0.07734375 0.23515625 0.0703125 0.07421875
1 0.2171875 0.25 0.06875 0.06171875
1 0.35234375 0.2140625 0.0703125 0.07421875
1 0.76171875 0.290625 0.0671875 0.059375
1 0.9 0.3546875 0.078125 0.07421875
1 0.0828125 0.3875 0.08203125 0.07265625
1 0.34296875 0.36171875 0.09296875 0.0875
1 0.61953125 0.36953125 0.06171875 0.06484375
1 0.75 0.4421875 0.0765625 0.08359375
1 0.896875 0.5140625 0.06484375 0.0671875
1 0.084375 0.53046875 0.0765625 0.07421875
1 0.4765625 0.4546875 0.08359375 0.0875
1 0.6171875 0.51796875 0.0796875 0.08203125
1 0.7546875 0.59296875 0.0703125 0.0703125
1 0.9015625 0.6609375 0.07421875 0.07265625
1 0.34921875 0.5203125 0.0703125 0.0796875
1 0.48515625 0.60234375 0.0890625 0.09296875
1 0.62421875 0.68046875 0.078125 0.0796875
1 0.2234375 0.59453125 0.06484375 0.07421875
1 0.35234375 0.65 0.0765625 0.0703125
1 0.084375 0.67109375 0.07421875 0.06875
1 0.103125 0.83359375 0.0765625 0.06875
1 0.21875 0.8765625 0.0703125 0.07421875
1 0.3484375 0.83828125 0.0765625 0.0703125
1 0.109375 0.9671875 0.078125 0.06484375
1 0.31796875 0.98671875 0.0484375 0.02578125
1 0.4765625 0.925 0.0578125 0.05546875
1 0.63359375 0.82265625 0.0890625 0.0703125
1 0.63203125 0.95703125 0.0765625 0.06484375
1 0.7609375 0.89140625 0.08515625 0.08203125
1 0.9203125 0.81953125 0.11171875 0.08359375
1 0.928125 0.965625 0.0875 0.06875