1 0.0546875 0.05078125 0.07421875 0.0671875
1 0.1859375 0.09765625 0.0828125 0.07421875
1 0.05078125 0.18046875 0.0828125 0.078125
1 0.30859375 0.03984375 0.078125 0.07578125
1 0.4421875 0.10546875 0.08828125 0.08515625
1 0.55625 0.040625 0.0953125 0.0796875
1 0.81328125 0.03515625 0.0828125 0.0703125
1 0.93828125 0.0859375 0.08671875 0.0828125
1 0.69140625 0.0921875 0.05703125 0.05859375
1 0.80390625 0.17265625 0.08125 0.07578125
1 0.93515625 0.24375 0.08984375 0.08671875
1 0.30390625 0.175 0.10234375 0.09140625
1 0.178125 0.24375 0.0984375 0.1
1 0.0578125 0.32265625 0.078125 0.08671875
1 0.3109375 0.3296875 0.0671875 0.08125
1 0.4328125 0.24921875 0.08671875 0.07109375
1 0.55859375 0.175 0.0640625 0.07265625
1 0.675 0.24375 0.078125 0.07421875
1 0.80703125 0.30703125 0.08671875 0.08984375
1 0.92578125 0.37890625 0.08671875 0.0796875
1 0.56640625 0.30390625 0.06953125 0.06953125
1 0.68671875 0.384375 0.078125 0.07265625
1 0.4421875 0.39296875 0.08125 0.07265625
1 0.1875 0.40078125 0.08671875 0.08125
1 0.0625 0.46484375 0.07578125 0.06953125
1 0.3109375 0.465625 0.07421875 0.07109375
1 0.5578125 0.45703125 0.08515625 0.0796875
1 0.80078125 0.45625 0.0984375 0.08671875
1 0.928125 0.52421875 0.09140625 0.08671875
1 0.68203125 0.52890625 0.08125 0.065625
1 0.79921875 0.6078125 0.0953125 0.0828125
1 0.059375 0.6109375 0.08828125 0.07578125
1 0.1875 0.54140625 0.0828125 0.08125
1 0.31171875 0.6125 0.07578125 0.07265625
1 0.196875 0.69453125 0.09140625 0.0828125
1 0.434375 0.534375 0.0625 0.0640625
1 0.5625 0.61015625 0.06953125 0.07421875
1 0.4296875 0.68046875 0.08125 0.08125
1 0.6765625 0.68515625 0.0828125 0.07265625
1 0.93203125 0.671875 0.09375 0.078125
1 0.0640625 0.91484375 0.078125 0.078125
1 0.1859375 0.83984375 0.0828125 0.08515625
1 0.32421875 0.765625 0.08125 0.078125
1 0.44453125 0.8296875 0.08671875 0.078125
1 0.5640625 0.74453125 0.078125 0.07578125
1 0.809375 0.75546875 0.08671875 0.08984375
1 0.94140625 0.828125 0.08515625 0.08984375
1 0.6625 0.8515625 0.0828125 0.07421875
1 0.80859375 0.903125 0.078125 0.0796875
1 0.94453125 0.96796875 0.0796875 0.0640625
1 0.1890625 0.96875 0.08515625 0.0625
1 0.315625 0.91015625 0.07421875 0.0671875
1 0.44296875 0.96875 0.09375 0.0625
1 0.57578125 0.9046875 0.07421875 0.07109375
1 0.67734375 0.96796875 0.08828125 0.0640625