1 0.13359375 0.053125 0.0734375 0.06484375
1 0.25078125 0.11015625 0.06953125 0.07109375
1 0.3765625 0.03984375 0.07109375 0.07109375
1 0.0234375 0.12578125 0.046875 0.0578125
1 0.01953125 0.00546875 0.0390625 0.0109375
1 0.13671875 0.19296875 0.078125 0.078125
1 0.38046875 0.19296875 0.084375 0.08125
1 0.49921875 0.1125 0.0828125 0.07109375
1 0.61484375 0.04375 0.0796875 0.07109375
1 0.6203125 0.1859375 0.09140625 0.0796875
1 0.734375 0.103125 0.075 0.0796875
1 0.846875 0.03671875 0.0796875 0.0734375
1 0.96640625 0.1046875 0.06640625 0.06953125
1 0.85234375 0.165625 0.06015625 0.0578125
1 0.96953125 0.24140625 0.0609375 0.0640625
1 0.25859375 0.265625 0.06484375 0.06953125
1 0.02578125 0.26015625 0.0515625 0.06484375
1 0.1375 0.33046875 0.0828125 0.0796875
1 0.38359375 0.328125 0.0734375 0.08125
1 0.5015625 0.253125 0.0796875 0.0765625
1 0.62265625 0.325 0.07109375 0.075
1 0.73984375 0.246875 0.06953125 0.0765625
1 0.8515625 0.3171875 0.06171875 0.06640625
1 0.02734375 0.4 0.0546875 0.06015625
1 0.14296875 0.475 0.078125 0.06484375
1 0.73359375 0.3921875 0.06015625 0.06484375
1 0.2609375 0.38984375 0.0734375 0.07109375
1 0.38671875 0.471875 0.084375 0.06953125
1 0.50234375 0.39765625 0.0828125 0.0734375
1 0.62265625 0.4703125 0.07109375 0.06953125
1 0.859375 0.4625 0.06484375 0.07109375
1 0.02890625 0.55078125 0.0578125 0.0578125
1 0.26328125 0.54375 0.06171875 0.06171875
1 0.5109375 0.5375 0.075 0.06640625
1 0.7421875 0.5359375 0.06171875 0.06171875
1 0.14765625 0.615625 0.06796875 0.0734375
1 0.0296875 0.68828125 0.059375 0.0703125
1 0.38359375 0.60859375 0.0734375 0.06953125
1 0.62890625 0.60703125 0.0578125 0.0734375
1 0.85625 0.603125 0.05625 0.07109375
1 0.971875 0.52890625 0.05625 0.06484375
1 0.9734375 0.66796875 0.053125 0.06015625
1 0.74296875 0.66796875 0.07109375 0.06640625
1 0.27109375 0.68359375 0.075 0.06640625
1 0.14609375 0.73515625 0.0578125 0.06328125
1 0.03125 0.80234375 0.0625 0.0734375
1 0.50859375 0.6875 0.06328125 0.06328125
1 0.6265625 0.72421875 0.06015625 0.06328125
1 0.85703125 0.7328125 0.06953125 0.07109375
1 0.9734375 0.78515625 0.053125 0.078125
1 0.7421875 0.79453125 0.0796875 0.075
1 0.5109375 0.790625 0.0765625 0.075
1 0.390625 0.7328125 0.06328125 0.06796875
1 0.26328125 0.796875 0.0828125 0.07109375
1 0.1390625 0.8578125 0.09140625 0.0828125
1 0.03359375 0.93671875 0.06640625 0.0796875
1 0.8625 0.8671875 0.06953125 0.06953125
1 0.97890625 0.9265625 0.04140625 0.06015625
1 0.2671875 0.93828125 0.06796875 0.06171875
1 0.13671875 0.9875 0.06484375 0.025
1 0.390625 0.86328125 0.06171875 0.06171875
1 0.4 0.98828125 0.06015625 0.0234375
1 0.50859375 0.93203125 0.06328125 0.06015625
1 0.62578125 0.86328125 0.06171875 0.06015625
1 0.75234375 0.93515625 0.0578125 0.06484375
1 0.62265625 0.98125 0.0609375 0.0375
1 0.8625 0.98671875 0.06640625 0.0265625