1 0.9359375 0.0375 0.0765625 0.075
1 0.79609375 0.09921875 0.09140625 0.075
1 0.66953125 0.03203125 0.07890625 0.0640625
1 0.5328125 0.09765625 0.08828125 0.075
1 0.39375 0.16796875 0.06796875 0.0734375
1 0.39375 0.02734375 0.06953125 0.0546875
1 0.25390625 0.09765625 0.0734375 0.08046875
1 0.11796875 0.03125 0.07890625 0.0625
1 0.115625 0.16796875 0.0625 0.0625
1 0.2546875 0.25078125 0.07109375 0.0734375
1 0.6609375 0.18203125 0.0640625 0.065625
1 0.52109375 0.25546875 0.0734375 0.075
1 0.92578125 0.17578125 0.0734375 0.075
1 0.7921875 0.25859375 0.0734375 0.0640625
1 0.925 0.33671875 0.065625 0.06796875
1 0.65859375 0.340625 0.06953125 0.06953125
1 0.11875 0.3296875 0.0625 0.07109375
1 0.3921875 0.3234375 0.065625 0.0734375
1 0.2515625 0.40234375 0.0640625 0.07109375
1 0.11015625 0.4796875 0.0640625 0.0640625
1 0.39140625 0.490625 0.06953125 0.06796875
1 0.25546875 0.56171875 0.06796875 0.06953125
1 0.7859375 0.41640625 0.0734375 0.065625
1 0.659375 0.5015625 0.0640625 0.06015625
1 0.52734375 0.56875 0.06796875 0.0765625
1 0.91953125 0.50078125 0.0625 0.07109375
1 0.79296875 0.5703125 0.07109375 0.06796875
1 0.93046875 0.64765625 0.08203125 0.07890625
1 0.3875 0.646875 0.0640625 0.0625
1 0.6640625 0.6453125 0.06953125 0.06015625
1 0.91171875 0.78125 0.065625 0.06796875
1 0.79296875 0.7171875 0.053125 0.0515625
1 0.64453125 0.7875 0.06796875 0.06796875
1 0.52578125 0.71875 0.0765625 0.0640625
1 0.9140625 0.92890625 0.0734375 0.065625
1 0.7828125 0.990625 0.0640625 0.01796875
1 0.76953125 0.84921875 0.06953125 0.06796875
1 0.64375 0.92890625 0.0765625 0.065625
1 0.5140625 0.85 0.0734375 0.06796875
1 0.384375 0.79296875 0.065625 0.06015625
1 0.253125 0.71796875 0.06796875 0.065625
1 0.121875 0.76953125 0.065625 0.06015625
1 0.25078125 0.8546875 0.06015625 0.0546875
1 0.3921875 0.9328125 0.06015625 0.05859375
1 0.50703125 0.98671875 0.0640625 0.0265625
1 0.1203125 0.91953125 0.06015625 0.05703125