1 0.12421875 0.084375 0.06875 0.0734375
1 0.23046875 0.01875 0.0546875 0.0375
1 0.23125 0.14140625 0.0609375 0.059375
1 0.34765625 0.07890625 0.071875 0.059375
1 0.46796875 0.14453125 0.0734375 0.06875
1 0.5796875 0.0875 0.059375 0.0578125
1 0.7015625 0.15703125 0.071875 0.0671875
1 0.58828125 0.22109375 0.0578125 0.05625
1 0.69609375 0.02109375 0.0609375 0.040625
1 0.4703125 0.02109375 0.059375 0.0421875
1 0.83203125 0.08515625 0.065625 0.0625
1 0.9359375 0.13046875 0.05625 0.05625
1 0.83671875 0.2078125 0.0625 0.05625
1 0.11953125 0.22421875 0.059375 0.0625
1 0.2375 0.23671875 0.0578125 0.0515625
1 0.35078125 0.20625 0.059375 0.0625
1 0.6953125 0.27109375 0.05625 0.05
1 0.93046875 0.2671875 0.0609375 0.053125
1 0.8109375 0.325 0.065625 0.0625
1 0.91875 0.39140625 0.0640625 0.059375
1 0.12421875 0.35234375 0.06875 0.0609375
1 0.34296875 0.33046875 0.078125 0.0734375
1 0.57578125 0.3375 0.0515625 0.0546875
1 0.68515625 0.3984375 0.0640625 0.0703125
1 0.80859375 0.45859375 0.0546875 0.05625
1 0.92734375 0.521875 0.065625 0.0625
1 0.12578125 0.47265625 0.0640625 0.0625
1 0.45546875 0.40859375 0.0703125 0.0734375
1 0.5734375 0.46171875 0.0671875 0.06875
1 0.6890625 0.525 0.059375 0.059375
1 0.8125 0.58203125 0.0625 0.0609375
1 0.3484375 0.4640625 0.059375 0.0671875
1 0.4625 0.5328125 0.075 0.078125
1 0.5796875 0.5984375 0.065625 0.0671875
1 0.2421875 0.5265625 0.0546875 0.0625
1 0.35078125 0.57265625 0.0640625 0.059375
1 0.12578125 0.590625 0.0625 0.0578125
1 0.14140625 0.72734375 0.0640625 0.0578125
1 0.23828125 0.76328125 0.059375 0.0625
1 0.34765625 0.73125 0.0640625 0.059375
1 0.14765625 0.84375 0.065625 0.0625
1 0.015625 0.78359375 0.03125 0.0546875
1 0.2390625 0.9 0.06875 0.0625
1 0.32265625 0.86484375 0.040625 0.0390625
1 0.015625 0.909375 0.03125 0.046875
1 0.14375 0.978125 0.05625 0.04375
1 0.3453125 0.9875 0.0390625 0.025
1 0.48828125 0.89765625 0.065625 0.0578125
1 0.45546875 0.80390625 0.0484375 0.046875
1 0.5875 0.71796875 0.075 0.059375
1 0.5859375 0.83125 0.0640625 0.0546875
1 0.59453125 0.96875 0.0703125 0.0625
1 0.70546875 0.90390625 0.0796875 0.0640625
1 0.69453125 0.77578125 0.071875 0.06875
1 0.828125 0.715625 0.09375 0.0703125
1 0.9359375 0.76953125 0.065625 0.0671875
1 0.83515625 0.84453125 0.0734375 0.0703125
1 0.94296875 0.890625 0.0703125 0.0765625
1 0.8234375 0.96484375 0.065625 0.0703125
1 0.01015625 0.16171875 0.0203125 0.04375
1 0.009375 0.284375 0.01875 0.03125
1 0.01484375 0.4078125 0.0296875 0.053125
1 0.0125 0.52421875 0.025 0.046875