1 0.0640625 0.02265625 0.059375 0.0453125
1 0.1859375 0.0796875 0.0640625 0.0609375
1 0.06875 0.14609375 0.065625 0.0640625
1 0.29296875 0.021875 0.05625 0.04375
1 0.41640625 0.0796875 0.0640625 0.059375
1 0.29921875 0.1515625 0.0703125 0.065625
1 0.18203125 0.215625 0.075 0.0625
1 0.06796875 0.2890625 0.059375 0.0640625
1 0.53046875 0.0125 0.0359375 0.025
1 0.64921875 0.0734375 0.0609375 0.0578125
1 0.5265625 0.1390625 0.0625 0.0640625
1 0.41953125 0.2140625 0.0703125 0.065625
1 0.303125 0.27734375 0.0625 0.059375
1 0.18671875 0.34375 0.06875 0.0546875
1 0.74375 0.015625 0.0421875 0.0296875
1 0.86171875 0.0703125 0.075 0.0640625
1 0.7390625 0.13203125 0.0609375 0.05625
1 0.86328125 0.2015625 0.06875 0.0609375
1 0.9671875 0.13828125 0.065625 0.0609375
1 0.64453125 0.2046875 0.0578125 0.053125
1 0.5375 0.28515625 0.05625 0.0671875
1 0.42890625 0.35703125 0.06875 0.0703125
1 0.30390625 0.4125 0.0625 0.0609375
1 0.18671875 0.4703125 0.071875 0.0640625
1 0.73984375 0.26796875 0.059375 0.0625
1 0.97578125 0.26328125 0.0484375 0.0609375
1 0.8640625 0.334375 0.0515625 0.0515625
1 0.6421875 0.3359375 0.053125 0.05
1 0.7421875 0.403125 0.065625 0.059375
1 0.54375 0.4125 0.065625 0.059375
1 0.4234375 0.48203125 0.065625 0.0640625
1 0.07109375 0.540625 0.0609375 0.05625
1 0.19453125 0.60625 0.0625 0.059375
1 0.3109375 0.5515625 0.0703125 0.0625
1 0.63984375 0.4734375 0.046875 0.0515625
1 0.86640625 0.46796875 0.0578125 0.05625
1 0.97578125 0.40390625 0.0484375 0.0578125
1 0.74921875 0.546875 0.0671875 0.071875
1 0.971875 0.53828125 0.05625 0.0625
1 0.86796875 0.60234375 0.0609375 0.0671875
1 0.97265625 0.66875 0.0546875 0.075
1 0.53359375 0.55703125 0.0703125 0.0625
1 0.42890625 0.60859375 0.071875 0.0734375
1 0.646875 0.6078125 0.0625 0.065625
1 0.54453125 0.68046875 0.06875 0.0625
1 0.74765625 0.678125 0.0671875 0.0640625
1 0.871875 0.73203125 0.06875 0.065625
1 0.9796875 0.80703125 0.040625 0.0703125
1 0.075 0.68203125 0.0546875 0.059375
1 0.19140625 0.7453125 0.0578125 0.0546875
1 0.30859375 0.68125 0.0625 0.0578125
1 0.42421875 0.7484375 0.0625 0.059375
1 0.30390625 0.8171875 0.05625 0.0546875
1 0.18828125 0.884375 0.059375 0.053125
1 0.071875 0.94296875 0.0671875 0.059375
1 0.3125 0.95 0.05 0.0453125
1 0.43359375 0.89453125 0.08125 0.0828125
1 0.54609375 0.953125 0.05625 0.0578125
1 0.54765625 0.81875 0.075 0.0578125
1 0.63828125 0.7359375 0.0546875 0.05625
1 0.75234375 0.8203125 0.0671875 0.0703125
1 0.64140625 0.8875 0.0515625 0.0515625
1 0.75703125 0.946875 0.0546875 0.0515625
1 0.8765625 0.875 0.0640625 0.0671875
1 0.98359375 0.94453125 0.0328125 0.059375