1 0.1140625 0.03984375 0.065625 0.0546875
1 0.23359375 0.09140625 0.0515625 0.0546875
1 0.340625 0.0234375 0.0578125 0.046875
1 0.5734375 0.03046875 0.046875 0.0484375
1 0.66875 0.08046875 0.053125 0.059375
1 0.56640625 0.1484375 0.065625 0.06875
1 0.36796875 0.14296875 0.0546875 0.0546875
1 0.453125 0.19921875 0.06875 0.071875
1 0.77421875 0.02265625 0.059375 0.0453125
1 0.89921875 0.0875 0.0515625 0.05625
1 0.78671875 0.140625 0.0515625 0.05
1 0.68671875 0.21015625 0.046875 0.0515625
1 0.91953125 0.21015625 0.0546875 0.0578125
1 0.7921875 0.25078125 0.05 0.053125
1 0.32578125 0.2984375 0.0609375 0.0640625
1 0.44296875 0.36171875 0.0671875 0.0703125
1 0.56953125 0.284375 0.05625 0.0609375
1 0.1171875 0.3109375 0.059375 0.0546875
1 0.01953125 0.11015625 0.0390625 0.059375
1 0.0171875 0.24140625 0.034375 0.046875
1 0.68359375 0.3359375 0.0625 0.05625
1 0.92109375 0.4484375 0.0625 0.0640625
1 0.80234375 0.3984375 0.05 0.046875
1 0.80234375 0.47421875 0.0546875 0.059375
1 0.91484375 0.53125 0.0609375 0.0546875
1 0.56640625 0.41640625 0.059375 0.0671875
1 0.24375 0.384375 0.05625 0.0625
1 0.33828125 0.42578125 0.046875 0.053125
1 0.10859375 0.446875 0.0546875 0.0546875
1 0.11171875 0.5796875 0.053125 0.059375
1 0.2375 0.53828125 0.0609375 0.0625
1 0.33828125 0.5859375 0.0546875 0.0609375
1 0.45546875 0.5078125 0.0609375 0.0734375
1 0.57109375 0.58671875 0.0671875 0.0671875
1 0.690625 0.51875 0.0546875 0.0625
1 0.9171875 0.65 0.0625 0.0625
1 0.68828125 0.64140625 0.0578125 0.0578125
1 0.796875 0.71484375 0.0515625 0.0546875
1 0.46171875 0.653125 0.0609375 0.0625
1 0.2375 0.65859375 0.0546875 0.059375
1 0.02265625 0.646875 0.0453125 0.0578125
1 0.01640625 0.371875 0.0328125 0.0640625
1 0.015625 0.51953125 0.03125 0.053125
1 0.10703125 0.71328125 0.059375 0.0578125
1 0.33515625 0.72109375 0.0578125 0.059375
1 0.45859375 0.78046875 0.0578125 0.0609375
1 0.5734375 0.71875 0.05625 0.0625
1 0.690625 0.77578125 0.0546875 0.0546875
1 0.91328125 0.77109375 0.0609375 0.059375
1 0.8 0.8515625 0.0578125 0.0625
1 0.91875 0.9109375 0.0609375 0.0640625
1 0.5703125 0.85625 0.0609375 0.0640625
1 0.6984375 0.92109375 0.0578125 0.0640625
1 0.80234375 0.9796875 0.0546875 0.040625
1 0.0265625 0.78046875 0.053125 0.0640625
1 0.11171875 0.8453125 0.05625 0.0578125
1 0.02421875 0.91875 0.0484375 0.0484375
1 0.11953125 0.96953125 0.0640625 0.0609375
1 0.2421875 0.92109375 0.059375 0.053125
1 0.34609375 0.97265625 0.0578125 0.0546875
1 0.3546875 0.84296875 0.05 0.0515625
1 0.4609375 0.9140625 0.0671875 0.0625
1 0.578125 0.978125 0.053125 0.04375