1 0.10859375 0.090625 0.0859375 0.0921875
1 0.328125 0.09921875 0.078125 0.0765625
1 0.55703125 0.096875 0.078125 0.0859375
1 0.77578125 0.075 0.0625 0.0671875
1 0.88515625 0.13984375 0.06875 0.065625
1 0.2140625 0.146875 0.0671875 0.06875
1 0.09921875 0.21640625 0.0765625 0.0859375
1 0.44609375 0.15078125 0.078125 0.0734375
1 0.67421875 0.14765625 0.0734375 0.075
1 0.78046875 0.21171875 0.0734375 0.0828125
1 0.896875 0.26953125 0.06875 0.0828125
1 0.2078125 0.27421875 0.06875 0.0859375
1 0.43828125 0.28359375 0.0734375 0.08125
1 0.67421875 0.278125 0.06875 0.071875
1 0.5609375 0.34375 0.0875 0.09375
1 0.77265625 0.3375 0.0625 0.075
1 0.10625 0.353125 0.0578125 0.0703125
1 0.2125 0.4015625 0.0671875 0.065625
1 0.32734375 0.34609375 0.0671875 0.075
1 0.1015625 0.47890625 0.0671875 0.0765625
1 0.33828125 0.47578125 0.0703125 0.0734375
1 0.44453125 0.4140625 0.0671875 0.075
1 0.675 0.4171875 0.0703125 0.0703125
1 0.8875 0.40703125 0.0625 0.0546875
1 0.784375 0.46640625 0.0703125 0.0625
1 0.89296875 0.53203125 0.059375 0.06875
1 0.56328125 0.4765625 0.06875 0.078125
1 0.21328125 0.546875 0.075 0.06875
1 0.10703125 0.6078125 0.0625 0.075
1 0.334375 0.6171875 0.065625 0.078125
1 0.44453125 0.54375 0.0796875 0.078125
1 0.2203125 0.67578125 0.075 0.071875
1 0.67734375 0.54453125 0.071875 0.075
1 0.559375 0.60859375 0.0796875 0.0875
1 0.78203125 0.60625 0.075 0.08125
1 0.89140625 0.6671875 0.0640625 0.065625
1 0.68671875 0.6828125 0.0734375 0.0875
1 0.45234375 0.67734375 0.0765625 0.0859375
1 0.11171875 0.734375 0.0734375 0.071875
1 0.23046875 0.81875 0.075 0.0734375
1 0.115625 0.88515625 0.0953125 0.0859375
1 0.2203125 0.94296875 0.0703125 0.078125
1 0.346875 0.8765625 0.084375 0.0796875
1 0.44765625 0.81015625 0.0859375 0.0828125
1 0.45234375 0.940625 0.0671875 0.0765625
1 0.56875 0.8734375 0.0921875 0.1015625
1 0.56953125 0.74453125 0.078125 0.090625
1 0.690625 0.9375 0.071875 0.0734375
1 0.67890625 0.8046875 0.078125 0.075
1 0.78515625 0.73359375 0.0625 0.075
1 0.78984375 0.86015625 0.0609375 0.0703125
1 0.89453125 0.80078125 0.0703125 0.078125
1 0.8953125 0.93984375 0.078125 0.078125