1 0.04609375 0.02578125 0.0640625 0.0515625
1 0.14921875 0.0796875 0.0625 0.05
1 0.36796875 0.0828125 0.078125 0.08125
1 0.2640625 0.153125 0.0703125 0.06875
1 0.05546875 0.1421875 0.0640625 0.0640625
1 0.1421875 0.19296875 0.0703125 0.065625
1 0.49296875 0.02734375 0.0625 0.0546875
1 0.48828125 0.14921875 0.0703125 0.06875
1 0.60078125 0.084375 0.0546875 0.071875
1 0.715625 0.02421875 0.065625 0.0484375
1 0.82421875 0.084375 0.0640625 0.0578125
1 0.946875 0.028125 0.059375 0.05625
1 0.94140625 0.14765625 0.0734375 0.06875
1 0.71640625 0.1515625 0.0828125 0.09375
1 0.8234375 0.22265625 0.0609375 0.0734375
1 0.9453125 0.28046875 0.0921875 0.0859375
1 0.72421875 0.28046875 0.08125 0.0859375
1 0.82734375 0.36953125 0.06875 0.078125
1 0.3765625 0.22421875 0.090625 0.0859375
1 0.0375 0.28359375 0.075 0.075
1 0.2578125 0.2859375 0.078125 0.0859375
1 0.48671875 0.28046875 0.0828125 0.078125
1 0.60234375 0.35234375 0.08125 0.078125
1 0.14296875 0.35546875 0.078125 0.0828125
1 0.0484375 0.4203125 0.0875 0.08125
1 0.26796875 0.4109375 0.0796875 0.0734375
1 0.49453125 0.41953125 0.0671875 0.0671875
1 0.94609375 0.4125 0.065625 0.0640625
1 0.73046875 0.41875 0.0703125 0.0734375
1 0.8328125 0.47578125 0.059375 0.065625
1 0.38359375 0.48125 0.05625 0.06875
1 0.609375 0.48046875 0.08125 0.0703125
1 0.1515625 0.48515625 0.071875 0.0671875
1 0.94765625 0.53984375 0.06875 0.0703125
1 0.75234375 0.54609375 0.075 0.0796875
1 0.49765625 0.54140625 0.0625 0.0625
1 0.26328125 0.55078125 0.065625 0.06875
1 0.04375 0.55390625 0.06875 0.075
1 0.14296875 0.61171875 0.0671875 0.0671875
1 0.38828125 0.6171875 0.0625 0.059375
1 0.2625 0.6796875 0.075 0.078125
1 0.60859375 0.61796875 0.0578125 0.0546875
1 0.83203125 0.61640625 0.040625 0.0515625
1 0.95859375 0.6640625 0.05625 0.065625
1 0.7265625 0.68046875 0.059375 0.065625
1 0.85 0.7453125 0.0546875 0.0578125
1 0.50703125 0.6921875 0.065625 0.065625
1 0.62421875 0.7390625 0.04375 0.0515625
1 0.95 0.79765625 0.0546875 0.065625
1 0.0578125 0.68125 0.0578125 0.0578125
1 0.14921875 0.7578125 0.0625 0.059375
1 0.3828125 0.7546875 0.0609375 0.0625
1 0.4953125 0.82109375 0.05625 0.059375
1 0.8578125 0.87421875 0.0609375 0.0640625
1 0.94921875 0.934375 0.065625 0.065625
1 0.73125 0.93125 0.0578125 0.0640625
1 0.26875 0.82109375 0.0546875 0.059375
1 0.05390625 0.81796875 0.0546875 0.059375
1 0.15 0.87734375 0.065625 0.0640625
1 0.0546875 0.95078125 0.06875 0.071875
1 0.27265625 0.9546875 0.0859375 0.075
1 0.378125 0.8828125 0.0609375 0.0640625
1 0.49921875 0.95078125 0.06875 0.0671875