1 0.2125 0.015625 0.08984375 0.03046875
1 0.74921875 0.00703125 0.06640625 0.0140625
1 0.49375 0.01328125 0.075 0.0265625
1 0.11328125 0.08359375 0.07578125 0.07578125
1 0.22421875 0.14921875 0.0703125 0.084375
1 0.3640625 0.06015625 0.08828125 0.08671875
1 0.615625 0.06328125 0.07890625 0.08125
1 0.8875 0.06015625 0.06796875 0.07734375
1 0.99375 0.12421875 0.0125 0.07578125
1 0.7515625 0.1421875 0.08125 0.07734375
1 0.88203125 0.20859375 0.071875 0.071875
1 0.4953125 0.1359375 0.06640625 0.07734375
1 0.35703125 0.2203125 0.0828125 0.08125
1 0.096875 0.2296875 0.07734375 0.0953125
1 0.2328125 0.2984375 0.08984375 0.08671875
1 0.60859375 0.21171875 0.071875 0.084375
1 0.74921875 0.28125 0.06796875 0.07578125
1 0.884375 0.3609375 0.06796875 0.08125
1 0.99140625 0.275 0.0171875 0.071875
1 0.98828125 0.4359375 0.0234375 0.08125
1 0.49921875 0.27890625 0.06640625 0.0703125
1 0.61796875 0.3734375 0.071875 0.08828125
1 0.3578125 0.37734375 0.0828125 0.084375
1 0.75703125 0.4359375 0.0734375 0.08125
1 0.49375 0.4453125 0.08828125 0.08671875
1 0.103125 0.3765625 0.0828125 0.071875
1 0.23125 0.44140625 0.08671875 0.08671875
1 0.3578125 0.52734375 0.08125 0.0828125
1 0.87734375 0.51640625 0.084375 0.084375
1 0.6171875 0.5078125 0.08125 0.08671875
1 0.99453125 0.59453125 0.0109375 0.09140625
1 0.75546875 0.58984375 0.0703125 0.07890625
1 0.890625 0.665625 0.0828125 0.0828125
1 0.0078125 0.4515625 0.015625 0.078125
1 0.10546875 0.53671875 0.07734375 0.08125
1 0.23125 0.59921875 0.07890625 0.07890625
1 0.49765625 0.58984375 0.09921875 0.084375
1 0.62109375 0.66328125 0.0828125 0.08984375
1 0.1015625 0.69296875 0.07890625 0.0734375
1 0.36484375 0.6671875 0.08125 0.0953125
1 0.75625 0.74453125 0.071875 0.0734375
1 0.8953125 0.8234375 0.08125 0.07578125
1 0.99453125 0.89375 0.0109375 0.06796875
1 0.8984375 0.959375 0.06640625 0.06640625
1 0.76328125 0.89765625 0.084375 0.08984375
1 0.49921875 0.7484375 0.06640625 0.07578125
1 0.6296875 0.81171875 0.06640625 0.06328125
1 0.6296875 0.9734375 0.05 0.053125
1 0.5 0.89921875 0.05 0.05546875
1 0.36796875 0.828125 0.0609375 0.0703125
1 0.234375 0.75390625 0.071875 0.07890625
1 0.1125 0.84140625 0.0703125 0.07734375
1 0.11796875 0.97734375 0.059375 0.0453125
1 0.2328125 0.90625 0.0609375 0.0703125
1 0.365625 0.97109375 0.07734375 0.0578125