1 0.9734375 0.05390625 0.05234375 0.06328125
1 0.7203125 0.05390625 0.0671875 0.06875
1 0.86171875 0.1265625 0.07109375 0.06328125
1 0.97734375 0.2109375 0.0453125 0.0578125
1 0.590625 0.1328125 0.05625 0.06328125
1 0.45546875 0.05078125 0.0671875 0.07109375
1 0.19765625 0.04296875 0.0671875 0.0671875
1 0.0671875 0.11875 0.0796875 0.0765625
1 0.3296875 0.1234375 0.08515625 0.07265625
1 0.19296875 0.18828125 0.06875 0.06875
1 0.85703125 0.28984375 0.090625 0.0796875
1 0.96875 0.36796875 0.06171875 0.06328125
1 0.71640625 0.34453125 0.078125 0.08203125
1 0.58515625 0.30703125 0.07421875 0.078125
1 0.32890625 0.2796875 0.0875 0.07265625
1 0.065625 0.27265625 0.078125 0.09296875
1 0.1921875 0.35390625 0.078125 0.0765625
1 0.85625 0.43671875 0.0890625 0.0890625
1 0.96484375 0.51796875 0.0703125 0.0953125
1 0.71640625 0.51796875 0.08359375 0.0875
1 0.85234375 0.5984375 0.0875 0.08203125
1 0.45546875 0.50078125 0.07421875 0.08203125
1 0.578125 0.590625 0.1 0.0890625
1 0.31875 0.42734375 0.08515625 0.07265625
1 0.07734375 0.43984375 0.10390625 0.08359375
1 0.20078125 0.51328125 0.0796875 0.078125
1 0.06796875 0.57890625 0.09296875 0.1
1 0.32109375 0.5796875 0.0671875 0.0796875
1 0.45 0.66015625 0.06875 0.0765625
1 0.2 0.6625 0.08515625 0.0875
1 0.971875 0.68359375 0.05625 0.0875
1 0.8484375 0.74453125 0.0765625 0.0671875
1 0.71328125 0.6765625 0.090625 0.0796875
1 0.9671875 0.81640625 0.065625 0.0765625
1 0.84375 0.8703125 0.078125 0.07421875
1 0.71171875 0.809375 0.08359375 0.0765625
1 0.5765625 0.73984375 0.08203125 0.0765625
1 0.3265625 0.74765625 0.0796875 0.078125
1 0.19765625 0.815625 0.07265625 0.07109375
1 0.0671875 0.74296875 0.09609375 0.0875
1 0.42890625 0.80625 0.078125 0.07109375
1 0.57109375 0.87421875 0.090625 0.08359375
1 0.71640625 0.94296875 0.1015625 0.09453125
1 0.96796875 0.95703125 0.06328125 0.06328125
1 0.56640625 0.990625 0.09296875 0.01796875
1 0.43671875 0.94375 0.06328125 0.065625
1 0.30234375 0.99140625 0.0765625 0.0171875
1 0.3109375 0.8671875 0.06875 0.07109375
1 0.1921875 0.93671875 0.090625 0.08203125
1 0.06875 0.98671875 0.090625 0.0265625
1 0.06015625 0.87734375 0.08203125 0.08203125