1 0.05546875 0.01875 0.0546875 0.0375
1 0.1484375 0.0734375 0.053125 0.0578125
1 0.05625 0.1234375 0.0578125 0.059375
1 0.28125 0.01953125 0.04375 0.0390625
1 0.265625 0.13984375 0.0578125 0.059375
1 0.38515625 0.0703125 0.0703125 0.065625
1 0.51015625 0.021875 0.04375 0.0421875
1 0.609375 0.071875 0.0625 0.059375
1 0.5046875 0.13984375 0.0734375 0.071875
1 0.75234375 0.015625 0.0390625 0.03125
1 0.8375 0.06484375 0.053125 0.0546875
1 0.96953125 0.0171875 0.046875 0.034375
1 0.971875 0.13515625 0.05625 0.065625
1 0.74921875 0.1453125 0.0625 0.0609375
1 0.846875 0.20546875 0.059375 0.05625
1 0.97109375 0.2640625 0.0578125 0.065625
1 0.6125 0.2046875 0.0609375 0.059375
1 0.38125 0.19921875 0.059375 0.0609375
1 0.15390625 0.2125 0.0625 0.0609375
1 0.06484375 0.27109375 0.06875 0.0640625
1 0.2875 0.275 0.0625 0.0546875
1 0.16328125 0.346875 0.071875 0.0625
1 0.38515625 0.33125 0.0734375 0.065625
1 0.5140625 0.27734375 0.0828125 0.071875
1 0.74375 0.26875 0.0828125 0.0859375
1 0.84609375 0.33125 0.05625 0.0625
1 0.9703125 0.40078125 0.059375 0.0625
1 0.62421875 0.33125 0.0640625 0.0546875
1 0.75 0.41171875 0.0734375 0.075
1 0.86328125 0.46328125 0.0609375 0.0578125
1 0.51953125 0.4109375 0.0640625 0.0625
1 0.2921875 0.41640625 0.06875 0.0640625
1 0.05859375 0.41796875 0.0640625 0.0625
1 0.1703125 0.4828125 0.0625 0.0515625
1 0.06640625 0.5328125 0.0625 0.0609375
1 0.403125 0.46953125 0.0609375 0.05625
1 0.2921875 0.54296875 0.05625 0.059375
1 0.63828125 0.4609375 0.0640625 0.0671875
1 0.7515625 0.53515625 0.0515625 0.0609375
1 0.98125 0.5328125 0.0375 0.05
1 0.85625 0.60078125 0.0625 0.0625
1 0.97109375 0.65625 0.0578125 0.0625
1 0.5234375 0.5390625 0.06875 0.0640625
1 0.6328125 0.60625 0.0671875 0.071875
1 0.40546875 0.6015625 0.05 0.059375
1 0.5203125 0.66953125 0.059375 0.0671875
1 0.1765625 0.61796875 0.05625 0.059375
1 0.06015625 0.6734375 0.0625 0.0578125
1 0.28984375 0.6703125 0.06875 0.0640625
1 0.40859375 0.7328125 0.071875 0.0734375
1 0.753125 0.6640625 0.0578125 0.0625
1 0.8671875 0.734375 0.0625 0.0640625
1 0.9734375 0.790625 0.053125 0.065625
1 0.9796875 0.91875 0.040625 0.0609375
1 0.87421875 0.8609375 0.071875 0.0796875
1 0.75078125 0.79609375 0.065625 0.06875
1 0.63984375 0.740625 0.065625 0.0640625
1 0.52734375 0.80078125 0.0546875 0.059375
1 0.6421875 0.8734375 0.0609375 0.0609375
1 0.753125 0.93125 0.0703125 0.0734375
1 0.06171875 0.815625 0.0625 0.0578125
1 0.28984375 0.80859375 0.059375 0.0546875
1 0.1796875 0.88125 0.0671875 0.065625
1 0.06328125 0.94453125 0.059375 0.0578125
1 0.29609375 0.93359375 0.0625 0.0625
1 0.4109375 0.8625 0.0734375 0.065625
1 0.52265625 0.92890625 0.0703125 0.0625
1 0.63671875 0.9796875 0.0640625 0.040625
1 0.871875 0.98125 0.0609375 0.0375