1 0.08046875 0.07890625 0.0515625 0.053125
1 0.17109375 0.01953125 0.053125 0.0390625
1 0.296875 0.0625 0.05625 0.059375
1 0.17421875 0.134375 0.059375 0.0578125
1 0.415625 0.02109375 0.0625 0.0421875
1 0.50234375 0.08203125 0.06875 0.065625
1 0.5140625 0.20390625 0.0578125 0.065625
1 0.62890625 0.1203125 0.0609375 0.0671875
1 0.75234375 0.065625 0.06875 0.06875
1 0.97578125 0.06796875 0.0484375 0.0578125
1 0.8625 0.12578125 0.0625 0.0609375
1 0.97578125 0.196875 0.0484375 0.0765625
1 0.75625 0.1875 0.05625 0.053125
1 0.07421875 0.22421875 0.0625 0.0625
1 0.2890625 0.1984375 0.075 0.0734375
1 0.18125 0.28125 0.059375 0.059375
1 0.415625 0.28046875 0.08125 0.075
1 0.49453125 0.32265625 0.0515625 0.053125
1 0.865625 0.2546875 0.075 0.08125
1 0.9828125 0.3203125 0.034375 0.0640625
1 0.759375 0.325 0.071875 0.075
1 0.86640625 0.3875 0.0671875 0.0625
1 0.634375 0.39296875 0.0625 0.05625
1 0.7578125 0.45 0.059375 0.0640625
1 0.08203125 0.3453125 0.065625 0.0703125
1 0.1765625 0.415625 0.0625 0.0625
1 0.403125 0.4078125 0.065625 0.0625
1 0.2890625 0.46640625 0.06875 0.0578125
1 0.07421875 0.47265625 0.071875 0.0578125
1 0.515625 0.4625 0.0796875 0.071875
1 0.97890625 0.4578125 0.0421875 0.0625
1 0.86484375 0.51953125 0.0578125 0.0546875
1 0.18359375 0.53359375 0.05625 0.059375
1 0.41796875 0.52578125 0.05625 0.05625
1 0.3 0.60234375 0.0671875 0.0671875
1 0.078125 0.60625 0.0640625 0.0671875
1 0.52109375 0.5953125 0.0734375 0.075
1 0.63359375 0.528125 0.06875 0.06875
1 0.7546875 0.58515625 0.0671875 0.0671875
1 0.98203125 0.5875 0.0359375 0.0734375
1 0.86171875 0.646875 0.0515625 0.0515625
1 0.63046875 0.64765625 0.06875 0.0625
1 0.4171875 0.65703125 0.0625 0.0625
1 0.17890625 0.6578125 0.0734375 0.0703125
1 0.075 0.72734375 0.0671875 0.0625
1 0.28984375 0.72109375 0.065625 0.0625
1 0.525 0.71328125 0.059375 0.05625
1 0.9734375 0.7078125 0.053125 0.0515625
1 0.7625 0.70625 0.065625 0.0625
1 0.4171875 0.77578125 0.0640625 0.05625
1 0.63203125 0.77734375 0.0703125 0.0578125
1 0.17265625 0.78515625 0.0703125 0.065625
1 0.06796875 0.8671875 0.059375 0.0625
1 0.878125 0.76484375 0.06875 0.0625
1 0.97578125 0.83828125 0.0484375 0.0609375
1 0.75859375 0.840625 0.0671875 0.0625
1 0.878125 0.9046875 0.071875 0.0734375
1 0.98359375 0.9703125 0.0328125 0.059375
1 0.76875 0.98125 0.0578125 0.0375
1 0.64453125 0.90234375 0.0609375 0.065625
1 0.53046875 0.853125 0.0546875 0.0578125
1 0.41640625 0.91171875 0.0640625 0.06875
1 0.52734375 0.97578125 0.0546875 0.0484375
1 0.2984375 0.8625 0.0640625 0.065625
1 0.18203125 0.92109375 0.0640625 0.065625
1 0.29609375 0.9796875 0.065625 0.040625
1 0.08125 0.984375 0.0671875 0.03125