1 0.98671875 0.021875 0.0265625 0.04296875
1 0.8796875 0.07890625 0.06171875 0.06640625
1 0.74765625 0.01953125 0.06796875 0.03828125
1 0.51015625 0.01796875 0.0671875 0.0359375
1 0.628125 0.07578125 0.0546875 0.053125
1 0.74921875 0.15078125 0.05703125 0.06171875
1 0.503125 0.140625 0.06328125 0.06640625
1 0.3875 0.0796875 0.06171875 0.06328125
1 0.26640625 0.0125 0.053125 0.025
1 0.2625 0.13359375 0.06484375 0.06796875
1 0.15859375 0.065625 0.05703125 0.06484375
1 0.0265625 0.0109375 0.053125 0.021875
1 0.02734375 0.134375 0.0546875 0.06484375
1 0.984375 0.16015625 0.03125 0.0765625
1 0.87265625 0.22890625 0.071875 0.0734375
1 0.74609375 0.29609375 0.053125 0.0546875
1 0.62578125 0.234375 0.06015625 0.0546875
1 0.38359375 0.209375 0.06640625 0.06484375
1 0.14765625 0.2140625 0.053125 0.0515625
1 0.0265625 0.27734375 0.053125 0.05859375
1 0.25546875 0.28515625 0.05859375 0.0546875
1 0.1546875 0.3546875 0.0515625 0.053125
1 0.02890625 0.425 0.0578125 0.06875
1 0.38046875 0.35703125 0.06796875 0.0703125
1 0.62421875 0.35390625 0.06484375 0.06796875
1 0.98359375 0.3015625 0.0328125 0.059375
1 0.87578125 0.3671875 0.0703125 0.075
1 0.9828125 0.44140625 0.034375 0.0640625
1 0.7484375 0.4359375 0.06484375 0.06640625
1 0.865625 0.51640625 0.05703125 0.06328125
1 0.5015625 0.4375 0.06171875 0.05859375
1 0.73984375 0.584375 0.06171875 0.05859375
1 0.62265625 0.50703125 0.0703125 0.0734375
1 0.384375 0.49609375 0.06328125 0.06640625
1 0.26484375 0.4234375 0.05 0.0546875
1 0.15 0.4984375 0.0515625 0.05703125
1 0.02265625 0.5671875 0.0453125 0.05859375
1 0.24921875 0.56796875 0.0546875 0.053125
1 0.146875 0.6359375 0.0515625 0.053125
1 0.02265625 0.69921875 0.0453125 0.0515625
1 0.50390625 0.575 0.06171875 0.05703125
1 0.621875 0.6515625 0.06796875 0.06328125
1 0.9828125 0.58671875 0.034375 0.0546875
1 0.86953125 0.6546875 0.06484375 0.06171875
1 0.98359375 0.73203125 0.0328125 0.0578125
1 0.7375 0.72421875 0.06015625 0.06796875
1 0.8578125 0.8 0.0546875 0.05859375
1 0.37890625 0.64296875 0.06015625 0.05859375
1 0.25 0.70859375 0.05703125 0.0546875
1 0.14453125 0.78203125 0.05703125 0.0546875
1 0.49921875 0.71796875 0.05859375 0.05859375
1 0.6140625 0.79296875 0.0734375 0.06640625
1 0.7359375 0.87109375 0.071875 0.0703125
1 0.97734375 0.871875 0.0453125 0.06015625
1 0.8640625 0.946875 0.06328125 0.06796875
1 0.73203125 0.9875 0.05703125 0.025
1 0.61640625 0.940625 0.06484375 0.06015625
1 0.4921875 0.86015625 0.06640625 0.06015625
1 0.4984375 0.9828125 0.071875 0.034375
1 0.3671875 0.9359375 0.06796875 0.06796875
1 0.3765625 0.79453125 0.071875 0.06328125
1 0.25234375 0.84921875 0.06328125 0.06484375
1 0.240625 0.98515625 0.05859375 0.0296875
1 0.146875 0.93046875 0.06328125 0.071875
1 0.02578125 0.98125 0.0515625 0.0375
1 0.02578125 0.85390625 0.0515625 0.071875