1 0.10625 0.1265625 0.090625 0.078125
1 0.2078125 0.05703125 0.0609375 0.065625
1 0.43359375 0.05390625 0.06875 0.0703125
1 0.3265625 0.1125 0.071875 0.0625
1 0.65 0.03828125 0.0828125 0.0609375
1 0.88359375 0.034375 0.0765625 0.0609375
1 0.7875 0.11015625 0.084375 0.078125
1 0.8828125 0.16484375 0.0828125 0.08125
1 0.55390625 0.1140625 0.071875 0.0734375
1 0.65078125 0.16953125 0.071875 0.075
1 0.20390625 0.184375 0.0609375 0.059375
1 0.32890625 0.25078125 0.08125 0.0796875
1 0.434375 0.175 0.0671875 0.0765625
1 0.55703125 0.2484375 0.053125 0.065625
1 0.1125 0.2546875 0.0625 0.0578125
1 0.20390625 0.3171875 0.0671875 0.06875
1 0.103125 0.384375 0.059375 0.0625
1 0.221875 0.44765625 0.06875 0.065625
1 0.43515625 0.30703125 0.0703125 0.0625
1 0.66796875 0.303125 0.0875 0.078125
1 0.78515625 0.24296875 0.0671875 0.0734375
1 0.896875 0.2828125 0.078125 0.0671875
1 0.7859375 0.37421875 0.0625 0.071875
1 0.9046875 0.43671875 0.075 0.0671875
1 0.33125 0.5 0.0671875 0.0703125
1 0.45 0.43671875 0.065625 0.0609375
1 0.565625 0.4984375 0.065625 0.0625
1 0.67734375 0.43671875 0.0609375 0.0625
1 0.10703125 0.50703125 0.0765625 0.065625
1 0.215625 0.57890625 0.0671875 0.0703125
1 0.11171875 0.63984375 0.0734375 0.059375
1 0.22265625 0.7109375 0.065625 0.0703125
1 0.3203125 0.64609375 0.059375 0.059375
1 0.44921875 0.56953125 0.0609375 0.0625
1 0.56484375 0.64453125 0.065625 0.075
1 0.68359375 0.5609375 0.0703125 0.075
1 0.915625 0.5640625 0.0671875 0.0625
1 0.79140625 0.62890625 0.0734375 0.075
1 0.9078125 0.6953125 0.0640625 0.075
1 0.68515625 0.70625 0.0671875 0.075
1 0.7984375 0.7625 0.0625 0.0703125
1 0.9140625 0.821875 0.0484375 0.05625
1 0.109375 0.775 0.0625 0.065625
1 0.32734375 0.76796875 0.065625 0.06875
1 0.45546875 0.71328125 0.0625 0.0625
1 0.5734375 0.76640625 0.0671875 0.0859375
1 0.1140625 0.90390625 0.065625 0.0703125
1 0.21484375 0.84453125 0.071875 0.0703125
1 0.3328125 0.90078125 0.0671875 0.0671875
1 0.23359375 0.97109375 0.06875 0.0578125
1 0.4546875 0.83125 0.0640625 0.06875
1 0.46328125 0.9640625 0.06875 0.06875
1 0.56875 0.8921875 0.065625 0.0640625
1 0.68828125 0.828125 0.0625 0.0734375
1 0.7953125 0.88828125 0.059375 0.0671875
1 0.678125 0.9484375 0.053125 0.065625
1 0.91171875 0.9546875 0.084375 0.0734375