1 0.0578125 0.15859375 0.0734375 0.075
1 0.1828125 0.0828125 0.0765625 0.08046875
1 0.0609375 0.02421875 0.065625 0.0484375
1 0.3171875 0.021875 0.07890625 0.04375
1 0.321875 0.153125 0.08359375 0.0734375
1 0.44140625 0.0703125 0.0765625 0.0703125
1 0.56875 0.021875 0.071875 0.04375
1 0.684375 0.06875 0.07890625 0.06796875
1 0.9609375 0.071875 0.06796875 0.0734375
1 0.815625 0.15234375 0.07890625 0.0890625
1 0.95859375 0.21875 0.071875 0.08046875
1 0.1890625 0.22578125 0.06328125 0.0765625
1 0.44296875 0.21796875 0.0734375 0.0875
1 0.56484375 0.153125 0.06640625 0.06640625
1 0.7 0.21953125 0.0578125 0.0734375
1 0.8203125 0.309375 0.06328125 0.06796875
1 0.96328125 0.3671875 0.06484375 0.075
1 0.7 0.35859375 0.06640625 0.0734375
1 0.57890625 0.29921875 0.06796875 0.071875
1 0.4421875 0.365625 0.07890625 0.08359375
1 0.31875 0.29609375 0.06796875 0.06640625
1 0.05859375 0.30234375 0.071875 0.06484375
1 0.1890625 0.375 0.071875 0.0875
1 0.06015625 0.45703125 0.06796875 0.07890625
1 0.3171875 0.44140625 0.0765625 0.0765625
1 0.57265625 0.44609375 0.06640625 0.0734375
1 0.821875 0.4421875 0.08359375 0.08046875
1 0.70546875 0.509375 0.0734375 0.075
1 0.19609375 0.525 0.09453125 0.09609375
1 0.4421875 0.5234375 0.075 0.0875
1 0.95859375 0.515625 0.0765625 0.08203125
1 0.82265625 0.6046875 0.0859375 0.08203125
1 0.57265625 0.6 0.0765625 0.08203125
1 0.3234375 0.6046875 0.0765625 0.07890625
1 0.065625 0.60703125 0.0703125 0.071875
1 0.1953125 0.678125 0.0765625 0.08046875
1 0.45 0.671875 0.0578125 0.06796875
1 0.321875 0.73984375 0.08046875 0.08359375
1 0.70703125 0.6703125 0.0578125 0.06328125
1 0.96328125 0.66796875 0.06796875 0.08359375
1 0.83359375 0.74453125 0.06640625 0.075
1 0.57421875 0.746875 0.06484375 0.0703125
1 0.0703125 0.7453125 0.0609375 0.0609375
1 0.19921875 0.821875 0.059375 0.0703125
1 0.96953125 0.8078125 0.0609375 0.0703125
1 0.70390625 0.8046875 0.0703125 0.075
1 0.8328125 0.8921875 0.0859375 0.09609375
1 0.44765625 0.809375 0.06328125 0.08203125
1 0.325 0.8875 0.08046875 0.09453125
1 0.06484375 0.89921875 0.071875 0.07890625
1 0.5796875 0.8953125 0.0734375 0.08203125
1 0.19375 0.9640625 0.0875 0.071875
1 0.45390625 0.95859375 0.071875 0.0765625
1 0.69765625 0.95859375 0.071875 0.0703125
1 0.96640625 0.95078125 0.06640625 0.08046875