1 0.0609375 0.00859375 0.090625 0.0171875
1 0.43828125 0.02734375 0.0890625 0.05390625
1 0.18671875 0.0421875 0.08359375 0.0703125
1 0.928125 0.0265625 0.0734375 0.05234375
1 0.81015625 0.08984375 0.09453125 0.0875
1 0.934375 0.159375 0.07890625 0.07890625
1 0.68984375 0.16640625 0.09765625 0.1
1 0.05859375 0.10703125 0.090625 0.08203125
1 0.3015625 0.1484375 0.09453125 0.08359375
1 0.43515625 0.1765625 0.0890625 0.08203125
1 0.171875 0.19296875 0.09609375 0.08203125
1 0.059375 0.26796875 0.09296875 0.06796875
1 0.3109375 0.2671875 0.0765625 0.07890625
1 0.1828125 0.33359375 0.06484375 0.0609375
1 0.440625 0.3265625 0.0734375 0.06484375
1 0.5609375 0.2453125 0.09296875 0.09296875
1 0.81484375 0.23984375 0.071875 0.0734375
1 0.93984375 0.2953125 0.07890625 0.0875
1 0.68671875 0.3046875 0.08203125 0.08359375
1 0.05703125 0.4125 0.0875 0.09765625
1 0.3109375 0.3921875 0.08359375 0.07890625
1 0.5484375 0.3953125 0.075 0.09296875
1 0.8171875 0.38359375 0.0859375 0.09609375
1 0.92734375 0.44609375 0.1171875 0.10859375
1 0.69609375 0.45546875 0.10859375 0.1015625
1 0.553125 0.54140625 0.10703125 0.1
1 0.31015625 0.55 0.09453125 0.08359375
1 0.059375 0.53671875 0.075 0.08359375
1 0.19296875 0.625 0.0765625 0.08203125
1 0.8078125 0.53125 0.0859375 0.075
1 0.9328125 0.6109375 0.0890625 0.09296875
1 0.80390625 0.67734375 0.09296875 0.09765625
1 0.684375 0.60703125 0.0875 0.08046875
1 0.5484375 0.68984375 0.1046875 0.09765625
1 0.6890625 0.753125 0.07890625 0.07890625
1 0.93671875 0.75859375 0.09453125 0.0859375
1 0.06015625 0.69296875 0.08203125 0.08359375
1 0.19140625 0.7765625 0.0765625 0.0703125
1 0.0703125 0.84453125 0.08203125 0.08203125
1 0.184375 0.921875 0.0859375 0.0859375
1 0.07265625 0.97109375 0.0890625 0.0578125
1 0.31640625 0.975 0.0859375 0.05
1 0.309375 0.8453125 0.0875 0.0734375
1 0.43828125 0.765625 0.0875 0.08359375
1 0.44765625 0.92421875 0.0734375 0.0765625
1 0.56015625 0.8359375 0.059375 0.059375
1 0.56640625 0.9734375 0.059375 0.05234375
1 0.6859375 0.90546875 0.08359375 0.075
1 0.8171875 0.83046875 0.07890625 0.0875
1 0.82578125 0.971875 0.075 0.05625
1 0.94140625 0.9046875 0.07890625 0.090625