1 0.084375 0.16484375 0.0625 0.05625
1 0.1953125 0.1125 0.06875 0.0625
1 0.3078125 0.1609375 0.0734375 0.075
1 0.0875 0.29609375 0.071875 0.0703125
1 0.1890625 0.23046875 0.0765625 0.06875
1 0.42265625 0.10625 0.0828125 0.084375
1 0.6515625 0.109375 0.071875 0.0703125
1 0.53359375 0.15859375 0.0734375 0.071875
1 0.86875 0.09453125 0.0703125 0.059375
1 0.98046875 0.1546875 0.0390625 0.0625
1 0.65 0.221875 0.0625 0.0609375
1 0.7578125 0.17578125 0.0734375 0.0671875
1 0.8765625 0.21875 0.0640625 0.071875
1 0.421875 0.22578125 0.078125 0.078125
1 0.3125 0.31171875 0.075 0.0703125
1 0.1921875 0.371875 0.075 0.0765625
1 0.084375 0.43046875 0.06875 0.065625
1 0.42265625 0.35625 0.06875 0.075
1 0.53203125 0.29453125 0.0734375 0.0734375
1 0.659375 0.34921875 0.0546875 0.0609375
1 0.76015625 0.29140625 0.0671875 0.0671875
1 0.97890625 0.28984375 0.0421875 0.0671875
1 0.87578125 0.36171875 0.0625 0.0640625
1 0.98359375 0.4125 0.0328125 0.0546875
1 0.76015625 0.43046875 0.0671875 0.0703125
1 0.53046875 0.42109375 0.0640625 0.065625
1 0.1859375 0.48828125 0.0671875 0.075
1 0.42265625 0.484375 0.078125 0.0734375
1 0.07578125 0.559375 0.0765625 0.0625
1 0.65234375 0.4890625 0.0796875 0.065625
1 0.3140625 0.5640625 0.0734375 0.0734375
1 0.5390625 0.5625 0.075 0.075
1 0.7734375 0.55078125 0.0625 0.0703125
1 0.8765625 0.484375 0.071875 0.0734375
1 0.1921875 0.63203125 0.0671875 0.0671875
1 0.0828125 0.70234375 0.071875 0.0671875
1 0.41171875 0.60625 0.0671875 0.065625
1 0.6484375 0.62734375 0.065625 0.0625
1 0.875 0.621875 0.0703125 0.0703125
1 0.31875 0.69375 0.06875 0.065625
1 0.20234375 0.76015625 0.08125 0.0796875
1 0.08671875 0.83671875 0.0734375 0.0734375
1 0.08984375 0.96640625 0.0734375 0.0671875
1 0.2046875 0.89765625 0.0640625 0.0671875
1 0.3140625 0.9703125 0.0640625 0.059375
1 0.31640625 0.82578125 0.0734375 0.075
1 0.43046875 0.878125 0.075 0.0796875
1 0.43203125 0.76640625 0.084375 0.078125
1 0.5390625 0.6859375 0.075 0.0828125
1 0.6484375 0.75703125 0.0828125 0.075
1 0.53828125 0.81796875 0.0796875 0.078125
1 0.6546875 0.88359375 0.08125 0.08125
1 0.77421875 0.9609375 0.071875 0.0734375
1 0.87890625 0.8859375 0.090625 0.084375
1 0.540625 0.9515625 0.065625 0.075
1 0.98671875 0.55234375 0.0265625 0.0578125
1 0.9859375 0.6859375 0.028125 0.0625