1 0.09765625 0.89765625 0.0859375 0.07890625
1 0.18828125 0.971875 0.0609375 0.05625
1 0.33125 0.9015625 0.08046875 0.07578125
1 0.465625 0.9703125 0.06875 0.05703125
1 0.5953125 0.921875 0.07421875 0.07421875
1 0.84765625 0.925 0.09140625 0.0671875
1 0.9703125 0.8625 0.059375 0.06875
1 0.19296875 0.82578125 0.0875 0.07421875
1 0.34375 0.759375 0.09453125 0.09296875
1 0.465625 0.8421875 0.07734375 0.06875
1 0.59375 0.7796875 0.09140625 0.0890625
1 0.103125 0.75546875 0.084375 0.07578125
1 0.084375 0.6265625 0.0875 0.0890625
1 0.3296875 0.62421875 0.09453125 0.1
1 0.21171875 0.55546875 0.09453125 0.08046875
1 0.0859375 0.47734375 0.07421875 0.07421875
1 0.48203125 0.56796875 0.0875 0.09140625
1 0.59453125 0.63984375 0.08046875 0.084375
1 0.85234375 0.6203125 0.06015625 0.06015625
1 0.7234375 0.55234375 0.06171875 0.07421875
1 0.59140625 0.4859375 0.07890625 0.0828125
1 0.85234375 0.47578125 0.06015625 0.07734375
1 0.33515625 0.490625 0.07734375 0.0875
1 0.48359375 0.415625 0.07890625 0.1015625
1 0.21875 0.4046875 0.0890625 0.07421875
1 0.7296875 0.41875 0.09765625 0.0890625
1 0.0921875 0.3296875 0.065625 0.07578125
1 0.00859375 0.25703125 0.0171875 0.06328125
1 0.2296875 0.26640625 0.07890625 0.07578125
1 0.3390625 0.3421875 0.065625 0.071875
1 0.48515625 0.2765625 0.0828125 0.07734375
1 0.60859375 0.3453125 0.07734375 0.065625
1 0.85234375 0.32265625 0.071875 0.06015625
1 0.9796875 0.259375 0.040625 0.0625
1 0.73828125 0.27421875 0.07890625 0.065625
1 0.859375 0.19609375 0.07734375 0.0671875
1 0.9796875 0.1171875 0.040625 0.06875
1 0.7421875 0.11875 0.07421875 0.07578125
1 0.61328125 0.20078125 0.0671875 0.06875
1 0.33984375 0.19609375 0.0671875 0.06328125
1 0.109375 0.1796875 0.065625 0.07421875
1 0.2328125 0.11875 0.065625 0.06171875
1 0.48125 0.1328125 0.0875 0.07890625
1 0.6125 0.05390625 0.07421875 0.08046875
1 0.86171875 0.0328125 0.0703125 0.065625
1 0.35078125 0.04375 0.0703125 0.071875
1 0.1015625 0.0421875 0.0703125 0.065625
1 0.48203125 0.01796875 0.09765625 0.0359375