1 0.096875 0.990625 0.0703125 0.01796875
1 0.35546875 0.990625 0.09765625 0.01796875
1 0.08671875 0.8890625 0.0796875 0.08671875
1 0.209375 0.95 0.08671875 0.0828125
1 0.87265625 0.9921875 0.0796875 0.015625
1 0.47578125 0.9515625 0.06640625 0.06484375
1 0.7421875 0.95390625 0.071875 0.07578125
1 0.9828125 0.95546875 0.034375 0.08125
1 0.8640625 0.87578125 0.0796875 0.071875
1 0.97734375 0.8125 0.0453125 0.090625
1 0.61015625 0.88515625 0.0921875 0.0796875
1 0.7484375 0.80859375 0.06875 0.06640625
1 0.35390625 0.8875 0.09765625 0.090625
1 0.21875 0.79765625 0.0796875 0.0796875
1 0.08671875 0.73046875 0.08671875 0.090625
1 0.484375 0.80234375 0.0703125 0.071875
1 0.60859375 0.7359375 0.0828125 0.08515625
1 0.871875 0.7359375 0.08125 0.08515625
1 0.98359375 0.65625 0.0328125 0.11015625
1 0.74765625 0.66171875 0.071875 0.06875
1 0.8796875 0.5859375 0.08125 0.08515625
1 0.35546875 0.73125 0.07578125 0.08125
1 0.478125 0.653125 0.08125 0.07734375
1 0.61015625 0.58125 0.08515625 0.08515625
1 0.2203125 0.64375 0.071875 0.08125
1 0.0859375 0.58046875 0.0703125 0.07734375
1 0.3546875 0.57109375 0.0953125 0.1046875
1 0.215625 0.4921875 0.0828125 0.08125
1 0.359375 0.42109375 0.08828125 0.08671875
1 0.48359375 0.50234375 0.07578125 0.07734375
1 0.61640625 0.4296875 0.08671875 0.08828125
1 0.75625 0.5046875 0.08828125 0.0828125
1 0.884375 0.42578125 0.06484375 0.07734375
1 0.9875 0.35234375 0.025 0.0828125
1 0.221875 0.340625 0.0796875 0.07578125
1 0.0921875 0.2671875 0.08671875 0.07734375
1 0.47890625 0.346875 0.08125 0.0796875
1 0.7453125 0.34921875 0.08828125 0.07734375
1 0.890625 0.27265625 0.07734375 0.0828125
1 0.61015625 0.275 0.09921875 0.09765625
1 0.98515625 0.19765625 0.0296875 0.0703125
1 0.75390625 0.20234375 0.0953125 0.08515625
1 0.9015625 0.13828125 0.0828125 0.06875
1 0.9859375 0.05390625 0.028125 0.0828125
1 0.3640625 0.271875 0.090625 0.090625
1 0.09921875 0.11640625 0.08671875 0.090625
1 0.21875 0.19296875 0.08515625 0.0953125
1 0.3609375 0.11875 0.09375 0.11015625
1 0.22109375 0.0390625 0.07421875 0.07734375
1 0.4921875 0.0390625 0.08828125 0.07734375
1 0.48359375 0.1953125 0.0828125 0.0921875
1 0.6171875 0.1171875 0.0921875 0.08515625
1 0.75234375 0.046875 0.07734375 0.07734375