1 0.89609375 0.940625 0.075 0.08515625
1 0.771875 0.9859375 0.078125 0.028125
1 0.63828125 0.94453125 0.07265625 0.07109375
1 0.51640625 0.9890625 0.0703125 0.021875
1 0.3828125 0.96015625 0.0796875 0.06953125
1 0.14140625 0.96015625 0.0765625 0.06796875
1 0.25546875 0.88125 0.08671875 0.08671875
1 0.0234375 0.875 0.046875 0.08671875
1 0.134375 0.803125 0.090625 0.0921875
1 0.5078125 0.865625 0.0796875 0.08125
1 0.98671875 0.86015625 0.02578125 0.078125
1 0.771875 0.87265625 0.08359375 0.08125
1 0.8859375 0.78125 0.08828125 0.08515625
1 0.6359375 0.79375 0.08359375 0.075
1 0.38203125 0.7984375 0.08671875 0.08359375
1 0.24765625 0.725 0.0953125 0.08359375
1 0.02421875 0.73515625 0.0484375 0.07109375
1 0.13359375 0.65 0.0765625 0.07109375
1 0.50546875 0.71953125 0.08125 0.08671875
1 0.7703125 0.71953125 0.09375 0.08671875
1 0.990625 0.7078125 0.01875 0.075
1 0.890625 0.63984375 0.0796875 0.075
1 0.76875 0.58125 0.078125 0.075
1 0.64296875 0.64375 0.07265625 0.065625
1 0.37734375 0.659375 0.06796875 0.075
1 0.25546875 0.58125 0.06953125 0.07265625
1 0.02421875 0.5875 0.0484375 0.06796875
1 0.1296875 0.52578125 0.090625 0.0796875
1 0.50234375 0.5765625 0.06953125 0.06796875
1 0.98984375 0.54375 0.0203125 0.065625
1 0.8890625 0.5140625 0.06796875 0.06796875
1 0.6453125 0.5125 0.06953125 0.075
1 0.37265625 0.5078125 0.05546875 0.06953125
1 0.50546875 0.4390625 0.0609375 0.06796875
1 0.253125 0.44375 0.06953125 0.065625
1 0.02265625 0.4359375 0.0453125 0.06953125
1 0.121875 0.3890625 0.0796875 0.08515625
1 0.3765625 0.3734375 0.06953125 0.0796875
1 0.98203125 0.428125 0.0359375 0.078125
1 0.7625 0.4328125 0.06953125 0.078125
1 0.88515625 0.359375 0.065625 0.0640625
1 0.646875 0.3703125 0.05703125 0.065625
1 0.5078125 0.29765625 0.06953125 0.075
1 0.25625 0.2953125 0.0609375 0.065625
1 0.01640625 0.296875 0.0328125 0.065625
1 0.121875 0.2328125 0.07265625 0.08359375
1 0.7671875 0.2875 0.05546875 0.05234375
1 0.9921875 0.2765625 0.015625 0.05390625
1 0.89609375 0.2203125 0.0484375 0.05703125
1 0.990625 0.1359375 0.01875 0.0640625
1 0.7890625 0.15 0.08125 0.06796875
1 0.890625 0.08359375 0.05390625 0.05546875
1 0.76328125 0.021875 0.0609375 0.04375
1 0.634375 0.07109375 0.05703125 0.0609375
1 0.6296875 0.2171875 0.05390625 0.05546875
1 0.5 0.1421875 0.0625 0.059375
1 0.509375 0.01953125 0.05625 0.0390625
1 0.375 0.2203125 0.05546875 0.065625
1 0.2515625 0.1484375 0.0625 0.0640625
1 0.371875 0.07265625 0.07265625 0.0796875
1 0.25078125 0.01484375 0.0609375 0.0296875
1 0.121875 0.09140625 0.07265625 0.08671875
1 0.0203125 0.15703125 0.03984375 0.07109375
1 0.01640625 0.021875 0.0328125 0.04375