1 0.85 0.94921875 0.08359375 0.0875
1 0.96328125 0.8765625 0.07265625 0.0796875
1 0.7203125 0.89296875 0.090625 0.1015625
1 0.58203125 0.95546875 0.0984375 0.0890625
1 0.31171875 0.965625 0.09609375 0.06875
1 0.04921875 0.9578125 0.08359375 0.08359375
1 0.1765625 0.8921875 0.0671875 0.06875
1 0.434375 0.884375 0.0765625 0.078125
1 0.8203125 0.78828125 0.0765625 0.0765625
1 0.96640625 0.721875 0.0671875 0.07265625
1 0.7078125 0.721875 0.07109375 0.08515625
1 0.56640625 0.81171875 0.0890625 0.0875
1 0.31171875 0.809375 0.0796875 0.08203125
1 0.0375 0.81171875 0.06875 0.078125
1 0.17421875 0.72890625 0.08203125 0.078125
1 0.04296875 0.66171875 0.07265625 0.07265625
1 0.43359375 0.73515625 0.0671875 0.078125
1 0.5734375 0.65 0.08359375 0.08203125
1 0.83671875 0.640625 0.078125 0.09609375
1 0.69921875 0.57109375 0.090625 0.0875
1 0.31875 0.659375 0.07265625 0.08515625
1 0.17734375 0.58828125 0.06875 0.0765625
1 0.040625 0.5078125 0.06875 0.08203125
1 0.4296875 0.590625 0.0671875 0.07109375
1 0.31015625 0.4953125 0.07265625 0.0890625
1 0.57265625 0.490625 0.08359375 0.08515625
1 0.16875 0.43203125 0.07421875 0.08203125
1 0.43515625 0.42265625 0.0890625 0.0875
1 0.8296875 0.4921875 0.08359375 0.07265625
1 0.70078125 0.4265625 0.0875 0.0875
1 0.57265625 0.33984375 0.08203125 0.08359375
1 0.04765625 0.35078125 0.08515625 0.08515625
1 0.3109375 0.359375 0.08203125 0.0875
1 0.17109375 0.2765625 0.07109375 0.0796875
1 0.03828125 0.2 0.0765625 0.08359375
1 0.95625 0.415625 0.0765625 0.078125
1 0.828125 0.3296875 0.078125 0.08203125
1 0.96015625 0.2515625 0.0796875 0.08203125
1 0.70078125 0.2671875 0.0796875 0.0796875
1 0.43203125 0.2765625 0.1 0.08515625
1 0.30625 0.2015625 0.08359375 0.090625
1 0.83203125 0.171875 0.0796875 0.07421875
1 0.565625 0.1984375 0.08203125 0.09609375
1 0.1703125 0.1203125 0.07265625 0.07421875
1 0.0359375 0.03984375 0.071875 0.0765625
1 0.4296875 0.11640625 0.0671875 0.0765625
1 0.2984375 0.0515625 0.0671875 0.06328125
1 0.56328125 0.0359375 0.0609375 0.071875
1 0.69765625 0.1109375 0.07265625 0.0796875
1 0.96171875 0.09765625 0.0765625 0.08203125
1 0.82109375 0.03125 0.07109375 0.06171875