1 0.11328125 0.9328125 0.1 0.0859375
1 0.22421875 0.9875 0.0671875 0.025
1 0.471875 0.9875 0.075 0.025
1 0.35546875 0.9484375 0.07890625 0.06875
1 0.8625 0.95078125 0.09296875 0.0859375
1 0.96015625 0.89140625 0.07890625 0.0890625
1 0.60546875 0.946875 0.07890625 0.08046875
1 0.7125 0.8859375 0.07890625 0.0828125
1 0.22109375 0.86953125 0.0671875 0.065625
1 0.35859375 0.79609375 0.0890625 0.0875
1 0.47421875 0.8796875 0.07421875 0.084375
1 0.609375 0.79921875 0.05859375 0.071875
1 0.1203125 0.7921875 0.06875 0.06328125
1 0.22109375 0.7234375 0.07421875 0.07578125
1 0.11015625 0.64921875 0.065625 0.06875
1 0.240625 0.5796875 0.07578125 0.071875
1 0.475 0.734375 0.07734375 0.06875
1 0.73125 0.7390625 0.09609375 0.0859375
1 0.86015625 0.8046875 0.07421875 0.08046875
1 0.96953125 0.7625 0.0609375 0.075
1 0.8609375 0.6609375 0.06875 0.07890625
1 0.975 0.5921875 0.05 0.07421875
1 0.3609375 0.52265625 0.07421875 0.07734375
1 0.49140625 0.5921875 0.071875 0.0671875
1 0.61875 0.52421875 0.071875 0.06875
1 0.74140625 0.5921875 0.0671875 0.06875
1 0.1140625 0.51484375 0.084375 0.071875
1 0.23359375 0.4359375 0.07421875 0.07734375
1 0.11953125 0.36875 0.08046875 0.065625
1 0.24140625 0.290625 0.071875 0.07734375
1 0.3484375 0.36171875 0.065625 0.065625
1 0.490625 0.44609375 0.0671875 0.06875
1 0.61796875 0.36328125 0.071875 0.0828125
1 0.7484375 0.45546875 0.07734375 0.0828125
1 0.9828125 0.4515625 0.034375 0.06875
1 0.8671875 0.38046875 0.08046875 0.0828125
1 0.97890625 0.30859375 0.0421875 0.0828125
1 0.75 0.2953125 0.07421875 0.0828125
1 0.87421875 0.23359375 0.06875 0.07734375
1 0.98671875 0.16953125 0.0265625 0.0609375
1 0.1171875 0.2203125 0.06875 0.071875
1 0.35625 0.22734375 0.071875 0.07578125
1 0.49765625 0.2875 0.06875 0.06875
1 0.62734375 0.2296875 0.07421875 0.09453125
1 0.121875 0.078125 0.071875 0.07734375
1 0.2328125 0.14375 0.07890625 0.07734375
1 0.3625 0.08125 0.07421875 0.07421875
1 0.25234375 0.01796875 0.07578125 0.0359375
1 0.496875 0.1578125 0.0703125 0.07578125
1 0.50546875 0.025 0.07578125 0.05
1 0.621875 0.09140625 0.071875 0.0703125
1 0.753125 0.16171875 0.06875 0.08046875
1 0.87109375 0.0953125 0.065625 0.07421875
1 0.7421875 0.0328125 0.05859375 0.065625
1 0.97578125 0.03203125 0.0484375 0.06328125