1 0.178125 0.10546875 0.0609375 0.0625
1 0.2984375 0.0375 0.0578125 0.053125
1 0.41015625 0.0984375 0.0515625 0.0578125
1 0.184375 0.24140625 0.05625 0.053125
1 0.30078125 0.16953125 0.053125 0.0484375
1 0.525 0.03359375 0.0609375 0.0515625
1 0.08359375 0.178125 0.059375 0.053125
1 0.41328125 0.23671875 0.053125 0.046875
1 0.5265625 0.16171875 0.0515625 0.05625
1 0.63359375 0.09609375 0.05 0.0578125
1 0.75625 0.03671875 0.05 0.05625
1 0.88515625 0.09296875 0.0578125 0.0484375
1 0.9828125 0.040625 0.034375 0.0484375
1 0.98671875 0.16015625 0.0265625 0.0484375
1 0.75859375 0.16796875 0.0703125 0.065625
1 0.8796875 0.23125 0.059375 0.053125
1 0.63828125 0.23515625 0.0578125 0.0515625
1 0.52890625 0.296875 0.0609375 0.059375
1 0.30703125 0.31171875 0.06875 0.065625
1 0.41328125 0.37109375 0.0578125 0.059375
1 0.640625 0.36328125 0.05625 0.059375
1 0.76015625 0.30078125 0.059375 0.0625
1 0.87421875 0.3640625 0.0453125 0.053125
1 0.09296875 0.44921875 0.05 0.05625
1 0.17734375 0.50234375 0.05625 0.0625
1 0.3015625 0.44921875 0.0515625 0.05625
1 0.5328125 0.4375 0.0515625 0.0515625
1 0.76484375 0.4328125 0.0578125 0.0625
1 0.87578125 0.4984375 0.0421875 0.0484375
1 0.3 0.575 0.0546875 0.059375
1 0.41171875 0.509375 0.0609375 0.059375
1 0.6484375 0.5109375 0.059375 0.0546875
1 0.7703125 0.5703125 0.059375 0.0671875
1 0.875 0.62890625 0.0484375 0.0484375
1 0.98203125 0.7046875 0.0359375 0.046875
1 0.53046875 0.57578125 0.0578125 0.0578125
1 0.4203125 0.6328125 0.0609375 0.053125
1 0.65 0.63828125 0.0578125 0.0546875
1 0.77109375 0.7015625 0.059375 0.0640625
1 0.09453125 0.71171875 0.059375 0.0515625
1 0.18515625 0.7828125 0.059375 0.065625
1 0.303125 0.7046875 0.065625 0.0640625
1 0.42265625 0.76640625 0.05 0.059375
1 0.53515625 0.69765625 0.059375 0.0625
1 0.65234375 0.77421875 0.059375 0.0578125
1 0.76953125 0.834375 0.0703125 0.065625
1 0.88203125 0.896875 0.0625 0.0640625
1 0.09140625 0.84453125 0.0625 0.053125
1 0.18203125 0.91484375 0.0625 0.0546875
1 0.09609375 0.975 0.0546875 0.05
1 0.30390625 0.97109375 0.059375 0.0578125
1 0.30546875 0.840625 0.06875 0.0609375
1 0.4203125 0.90234375 0.0703125 0.059375
1 0.5359375 0.83203125 0.075 0.0640625
1 0.6484375 0.9140625 0.075 0.059375
1 0.54296875 0.96875 0.065625 0.059375
1 0.98359375 0.29765625 0.0328125 0.05
1 0.9890625 0.43359375 0.021875 0.053125