1 0.05234375 0.9734375 0.071875 0.053125
1 0.1640625 0.9140625 0.0734375 0.0703125
1 0.04609375 0.84453125 0.06796875 0.06484375
1 0.2765625 0.9765625 0.06640625 0.046875
1 0.2890625 0.846875 0.071875 0.06640625
1 0.16640625 0.771875 0.0796875 0.0734375
1 0.40859375 0.9265625 0.08359375 0.06796875
1 0.521875 0.9828125 0.078125 0.034375
1 0.5234375 0.84921875 0.08359375 0.075
1 0.66484375 0.934375 0.0765625 0.06796875
1 0.78515625 0.98203125 0.0859375 0.0359375
1 0.90078125 0.92578125 0.075 0.0734375
1 0.7859375 0.85703125 0.078125 0.08515625
1 0.90703125 0.775 0.078125 0.0796875
1 0.0484375 0.70546875 0.08203125 0.075
1 0.2859375 0.70234375 0.06796875 0.075
1 0.40546875 0.76640625 0.075 0.071875
1 0.67578125 0.81015625 0.06328125 0.0703125
1 0.7828125 0.721875 0.078125 0.0796875
1 0.53046875 0.71171875 0.06796875 0.071875
1 0.6609375 0.64609375 0.05859375 0.06328125
1 0.9109375 0.6375 0.0765625 0.0734375
1 0.16640625 0.6328125 0.0734375 0.06015625
1 0.04296875 0.559375 0.0796875 0.071875
1 0.41484375 0.6375 0.0734375 0.06640625
1 0.53515625 0.559375 0.06328125 0.0703125
1 0.7890625 0.5703125 0.06640625 0.06640625
1 0.90859375 0.5109375 0.06328125 0.06640625
1 0.67421875 0.50703125 0.0703125 0.06015625
1 0.4171875 0.49453125 0.06640625 0.06015625
1 0.17109375 0.49296875 0.0703125 0.06484375
1 0.05390625 0.41640625 0.0734375 0.0734375
1 0.2921875 0.4421875 0.08203125 0.078125
1 0.1734375 0.35859375 0.08203125 0.075
1 0.4125 0.36953125 0.08515625 0.08828125
1 0.546875 0.43203125 0.0734375 0.0796875
1 0.78359375 0.4328125 0.0796875 0.08203125
1 0.89921875 0.39296875 0.06796875 0.071875
1 0.05546875 0.28359375 0.0796875 0.0796875
1 0.29140625 0.3 0.075 0.08203125
1 0.175 0.22109375 0.08203125 0.078125
1 0.05703125 0.1375 0.075 0.08359375
1 0.54140625 0.3078125 0.075 0.08828125
1 0.66484375 0.37109375 0.0796875 0.08828125
1 0.7875 0.28515625 0.075 0.0796875
1 0.9140625 0.26484375 0.075 0.0796875
1 0.41015625 0.2203125 0.075 0.08671875
1 0.30234375 0.13828125 0.075 0.0765625
1 0.17890625 0.08203125 0.0796875 0.0734375
1 0.41796875 0.08359375 0.071875 0.08515625
1 0.54296875 0.16328125 0.075 0.09296875
1 0.67734375 0.10546875 0.0765625 0.08203125
1 0.80234375 0.15078125 0.08203125 0.08203125
1 0.9078125 0.08671875 0.08203125 0.08515625