1 0.1328125 0.09453125 0.0859375 0.0765625
1 0.246875 0.13671875 0.0828125 0.0828125
1 0.24140625 0.0296875 0.0734375 0.059375
1 0.0234375 0.146875 0.046875 0.053125
1 0.353125 0.0796875 0.0828125 0.075
1 0.475 0.02734375 0.065625 0.0546875
1 0.46875 0.1515625 0.0640625 0.0640625
1 0.5828125 0.0859375 0.0734375 0.06875
1 0.70234375 0.02578125 0.0859375 0.0515625
1 0.821875 0.0703125 0.059375 0.065625
1 0.93671875 0.13515625 0.0671875 0.0796875
1 0.93828125 0.02578125 0.0609375 0.0515625
1 0.82421875 0.1984375 0.0578125 0.0671875
1 0.71796875 0.27109375 0.065625 0.0671875
1 0.5890625 0.2109375 0.059375 0.0625
1 0.365625 0.21875 0.0796875 0.071875
1 0.1296875 0.215625 0.0640625 0.06875
1 0.24921875 0.27421875 0.059375 0.065625
1 0.0234375 0.28203125 0.046875 0.059375
1 0.13671875 0.34765625 0.084375 0.071875
1 0.36328125 0.34765625 0.084375 0.0734375
1 0.4625 0.271875 0.0546875 0.0640625
1 0.59765625 0.334375 0.06875 0.06875
1 0.9359375 0.271875 0.0875 0.0765625
1 0.825 0.33125 0.065625 0.05625
1 0.715625 0.40625 0.0625 0.065625
1 0.82578125 0.46796875 0.0734375 0.0703125
1 0.9328125 0.53125 0.078125 0.078125
1 0.47890625 0.40625 0.071875 0.075
1 0.24296875 0.4109375 0.075 0.08125
1 0.02578125 0.4203125 0.0515625 0.06875
1 0.13359375 0.4859375 0.06875 0.0734375
1 0.36484375 0.47890625 0.0703125 0.0703125
1 0.59921875 0.4671875 0.071875 0.0671875
1 0.71015625 0.53671875 0.059375 0.059375
1 0.47421875 0.54296875 0.06875 0.0625
1 0.24765625 0.5328125 0.0703125 0.06875
1 0.03046875 0.55625 0.05625 0.0625
1 0.1375 0.6125 0.0671875 0.0546875
1 0.25 0.67421875 0.059375 0.0640625
1 0.36328125 0.615625 0.078125 0.0859375
1 0.60078125 0.61875 0.06875 0.0671875
1 0.8328125 0.59765625 0.05625 0.0625
1 0.94453125 0.6640625 0.0703125 0.075
1 0.7171875 0.675 0.06875 0.075
1 0.83046875 0.73203125 0.0640625 0.0671875
1 0.48046875 0.6796875 0.06875 0.0734375
1 0.03125 0.68828125 0.0609375 0.071875
1 0.14453125 0.7515625 0.071875 0.0703125
1 0.2515625 0.81640625 0.071875 0.0671875
1 0.36640625 0.7515625 0.0796875 0.0671875
1 0.4875 0.8109375 0.0703125 0.0671875
1 0.7109375 0.80703125 0.065625 0.071875
1 0.94140625 0.8015625 0.0828125 0.0734375
1 0.021875 0.828125 0.04375 0.0609375
1 0.13203125 0.8796875 0.075 0.0703125
1 0.025 0.95078125 0.05 0.053125
1 0.2515625 0.946875 0.078125 0.0671875
1 0.37265625 0.8734375 0.078125 0.071875
1 0.48515625 0.9359375 0.0484375 0.0578125
1 0.61015625 0.8703125 0.059375 0.065625
1 0.7203125 0.940625 0.078125 0.0671875
1 0.83046875 0.871875 0.0609375 0.0578125
1 0.95 0.93046875 0.075 0.065625