1 0.1171875 0.9484375 0.071875 0.0609375
1 0.36875 0.95078125 0.071875 0.06796875
1 0.87421875 0.94765625 0.071875 0.06484375
1 0.61796875 0.94375 0.075 0.06796875
1 0.75625 0.87421875 0.07890625 0.0734375
1 0.01171875 0.871875 0.02265625 0.06796875
1 0.24140625 0.8703125 0.0703125 0.06796875
1 0.11328125 0.8 0.06640625 0.07890625
1 0.48515625 0.88671875 0.0703125 0.08203125
1 0.375 0.79296875 0.0734375 0.06640625
1 0.24140625 0.73671875 0.06796875 0.0734375
1 0.734375 0.728125 0.0765625 0.08046875
1 0.88125 0.80625 0.075 0.0859375
1 0.8828125 0.6546875 0.06796875 0.0734375
1 0.490625 0.73359375 0.06484375 0.071875
1 0.009375 0.71875 0.01875 0.078125
1 0.1125 0.65625 0.06328125 0.0703125
1 0.01015625 0.57421875 0.0203125 0.0828125
1 0.63515625 0.65546875 0.06640625 0.0703125
1 0.371875 0.64765625 0.06640625 0.06484375
1 0.246875 0.58515625 0.0703125 0.075
1 0.4953125 0.590625 0.06484375 0.071875
1 0.74453125 0.58125 0.071875 0.06796875
1 0.8828125 0.521875 0.06796875 0.071875
1 0.75703125 0.44140625 0.0765625 0.071875
1 0.62734375 0.5046875 0.06640625 0.06640625
1 0.37734375 0.50234375 0.075 0.0703125
1 0.11015625 0.5125 0.0765625 0.06796875
1 0.0125 0.4234375 0.02421875 0.0765625
1 0.109375 0.35703125 0.0703125 0.0609375
1 0.2421875 0.43125 0.075 0.07890625
1 0.490625 0.43359375 0.0703125 0.0765625
1 0.63125 0.3734375 0.06484375 0.0734375
1 0.8890625 0.375 0.0578125 0.0609375
1 0.75 0.284375 0.06484375 0.0765625
1 0.88046875 0.21953125 0.0609375 0.06484375
1 0.375 0.3703125 0.06328125 0.06328125
1 0.2421875 0.27734375 0.071875 0.0703125
1 0.1171875 0.20625 0.0703125 0.06640625
1 0.490625 0.28515625 0.07890625 0.08203125
1 0.62734375 0.228125 0.06640625 0.0703125
1 0.8875 0.07890625 0.06484375 0.06640625
1 0.375 0.203125 0.06796875 0.06484375
1 0.50234375 0.13984375 0.06796875 0.0703125
1 0.23671875 0.128125 0.0734375 0.06328125
1 0.00859375 0.13125 0.0171875 0.06640625
1 0.12265625 0.065625 0.071875 0.075
1 0.23046875 0.015625 0.06640625 0.03125
1 0.38125 0.071875 0.0703125 0.071875
1 0.490625 0.03046875 0.07890625 0.0609375
1 0.6328125 0.06796875 0.06328125 0.07890625
1 0.75546875 0.02734375 0.08046875 0.05390625