1 0.01640625 0.978125 0.0328125 0.04375
1 0.13671875 0.91640625 0.06796875 0.0734375
1 0.28359375 0.98046875 0.07578125 0.0390625
1 0.546875 0.98125 0.07578125 0.03671875
1 0.41484375 0.91953125 0.0609375 0.059375
1 0.28125 0.83671875 0.0625 0.06796875
1 0.553125 0.84765625 0.0703125 0.0734375
1 0.68203125 0.91484375 0.06796875 0.0703125
1 0.815625 0.98828125 0.059375 0.0234375
1 0.8203125 0.85625 0.071875 0.07578125
1 0.93515625 0.93046875 0.0625 0.071875
1 0.01953125 0.8265625 0.0390625 0.08515625
1 0.14453125 0.75 0.0796875 0.08125
1 0.28515625 0.6765625 0.059375 0.0609375
1 0.41796875 0.74453125 0.06640625 0.0609375
1 0.68671875 0.771875 0.0734375 0.071875
1 0.94765625 0.76640625 0.059375 0.05703125
1 0.82734375 0.68828125 0.06484375 0.0609375
1 0.9390625 0.6109375 0.05703125 0.059375
1 0.6890625 0.60859375 0.07578125 0.07734375
1 0.41953125 0.61171875 0.071875 0.07578125
1 0.0203125 0.66875 0.040625 0.06484375
1 0.14140625 0.596875 0.07734375 0.0828125
1 0.02109375 0.5140625 0.0421875 0.071875
1 0.28203125 0.52109375 0.071875 0.0734375
1 0.15234375 0.43203125 0.0625 0.0703125
1 0.55546875 0.51953125 0.06796875 0.06484375
1 0.29140625 0.35703125 0.06796875 0.06484375
1 0.421875 0.44296875 0.07734375 0.08125
1 0.68515625 0.4546875 0.0703125 0.0734375
1 0.8171875 0.53515625 0.05546875 0.0609375
1 0.94453125 0.45234375 0.05703125 0.0625
1 0.83515625 0.37421875 0.0609375 0.059375
1 0.9484375 0.3 0.05703125 0.059375
1 0.55234375 0.3671875 0.06796875 0.0625
1 0.42265625 0.28203125 0.07578125 0.0703125
1 0.02109375 0.353125 0.0421875 0.0609375
1 0.1484375 0.27890625 0.071875 0.06796875
1 0.0203125 0.19296875 0.040625 0.06484375
1 0.29453125 0.20234375 0.06640625 0.07578125
1 0.16171875 0.11796875 0.0609375 0.06484375
1 0.690625 0.29140625 0.06640625 0.06484375
1 0.83359375 0.21953125 0.0625 0.0609375
1 0.95078125 0.13828125 0.0625 0.0609375
1 0.5578125 0.20859375 0.06484375 0.06484375
1 0.43046875 0.12578125 0.08125 0.0734375
1 0.29609375 0.03984375 0.0796875 0.07734375
1 0.0265625 0.0390625 0.053125 0.06640625
1 0.565625 0.0515625 0.0734375 0.06640625
1 0.69375 0.12421875 0.0796875 0.0703125
1 0.83125 0.06328125 0.0703125 0.071875