1 0.9171875 0.99296875 0.07265625 0.0140625
1 0.65546875 0.99296875 0.07265625 0.0140625
1 0.78828125 0.93828125 0.0796875 0.07421875
1 0.92109375 0.865625 0.08515625 0.07109375
1 0.53046875 0.95234375 0.07109375 0.07265625
1 0.6515625 0.8671875 0.0796875 0.07421875
1 0.78359375 0.7953125 0.07109375 0.0671875
1 0.915625 0.71953125 0.078125 0.06171875
1 0.2890625 0.96015625 0.06953125 0.0640625
1 0.1484375 0.88125 0.078125 0.06953125
1 0.03359375 0.953125 0.0671875 0.06953125
1 0.39609375 0.87734375 0.065625 0.06015625
1 0.51796875 0.78671875 0.0640625 0.0765625
1 0.640625 0.7046875 0.078125 0.0796875
1 0.7828125 0.6421875 0.07109375 0.06953125
1 0.915625 0.5765625 0.08125 0.07265625
1 0.28828125 0.80546875 0.0671875 0.07109375
1 0.02421875 0.8109375 0.04765625 0.06953125
1 0.146875 0.73046875 0.05859375 0.05859375
1 0.39921875 0.72890625 0.06015625 0.05703125
1 0.28515625 0.65234375 0.07421875 0.0671875
1 0.5109375 0.6421875 0.07421875 0.0671875
1 0.646875 0.56328125 0.07421875 0.07265625
1 0.90703125 0.421875 0.07109375 0.0671875
1 0.775 0.484375 0.0796875 0.07109375
1 0.4015625 0.57265625 0.053125 0.05859375
1 0.14453125 0.57890625 0.065625 0.0640625
1 0.02421875 0.6515625 0.04765625 0.065625
1 0.27734375 0.4890625 0.0765625 0.08125
1 0.02890625 0.50078125 0.0578125 0.0703125
1 0.14296875 0.4265625 0.06953125 0.0765625
1 0.02734375 0.35078125 0.0546875 0.08515625
1 0.521875 0.478125 0.0796875 0.07109375
1 0.640625 0.41953125 0.08125 0.08359375
1 0.39375 0.4203125 0.07109375 0.07421875
1 0.509375 0.3375 0.078125 0.07109375
1 0.27890625 0.340625 0.0765625 0.07265625
1 0.13828125 0.27890625 0.078125 0.07421875
1 0.01953125 0.19453125 0.0390625 0.0796875
1 0.91015625 0.2640625 0.065625 0.06171875
1 0.77734375 0.33671875 0.07109375 0.065625
1 0.64609375 0.2609375 0.07109375 0.0671875
1 0.7828125 0.1828125 0.0640625 0.06171875
1 0.9140625 0.10625 0.0671875 0.06015625
1 0.7734375 0.03203125 0.05703125 0.0515625
1 0.6359375 0.09453125 0.0921875 0.09375
1 0.50859375 0.03125 0.0640625 0.06171875
1 0.50625 0.18046875 0.08515625 0.065625
1 0.403125 0.275 0.06171875 0.0640625
1 0.27421875 0.17890625 0.0765625 0.0796875
1 0.4 0.103125 0.05859375 0.05859375
1 0.26875 0.03515625 0.06171875 0.05859375
1 0.1328125 0.1171875 0.07265625 0.0765625
1 0.015625 0.03984375 0.03125 0.0671875