1 0.05625 0.9046875 0.10625 0.1171875
1 0.19296875 0.8515625 0.09921875 0.10078125
1 0.3125 0.909375 0.06953125 0.065625
1 0.96328125 0.95859375 0.0734375 0.08203125
1 0.734375 0.95703125 0.07109375 0.06953125
1 0.5921875 0.91484375 0.0734375 0.0765625
1 0.48359375 0.853125 0.065625 0.075
1 0.32578125 0.76484375 0.0734375 0.07890625
1 0.20234375 0.67890625 0.08203125 0.084375
1 0.7328125 0.8359375 0.05703125 0.0640625
1 0.96953125 0.8359375 0.06015625 0.08203125
1 0.8625 0.7609375 0.0765625 0.06953125
1 0.9671875 0.703125 0.065625 0.0765625
1 0.60703125 0.77734375 0.0953125 0.0765625
1 0.45859375 0.70703125 0.08828125 0.08203125
1 0.73203125 0.70078125 0.08984375 0.075
1 0.85859375 0.6328125 0.0734375 0.07890625
1 0.6046875 0.63125 0.06796875 0.06796875
1 0.7390625 0.5484375 0.0765625 0.0765625
1 0.98046875 0.54453125 0.03828125 0.075
1 0.85859375 0.47734375 0.0765625 0.07109375
1 0.065625 0.6171875 0.08828125 0.0765625
1 0.32421875 0.61640625 0.08984375 0.09921875
1 0.196875 0.540625 0.09140625 0.08203125
1 0.06328125 0.46484375 0.07890625 0.08828125
1 0.4609375 0.5546875 0.0734375 0.08203125
1 0.32890625 0.4671875 0.08828125 0.0953125
1 0.6109375 0.471875 0.0765625 0.084375
1 0.97109375 0.39609375 0.0578125 0.0953125
1 0.7390625 0.3921875 0.1046875 0.1078125
1 0.8578125 0.325 0.08828125 0.08984375
1 0.9734375 0.228125 0.053125 0.1046875
1 0.46796875 0.3875 0.08203125 0.084375
1 0.6171875 0.309375 0.07890625 0.07890625
1 0.2 0.38515625 0.0734375 0.0734375
1 0.07578125 0.30234375 0.084375 0.084375
1 0.2078125 0.2265625 0.0859375 0.0859375
1 0.33515625 0.30625 0.0859375 0.07890625
1 0.46640625 0.23515625 0.08046875 0.08203125
1 0.73359375 0.24375 0.07890625 0.07890625
1 0.87265625 0.159375 0.07109375 0.06796875
1 0.97265625 0.0859375 0.0546875 0.0765625
1 0.6125 0.15625 0.08984375 0.096875
1 0.33984375 0.15078125 0.075 0.084375
1 0.07890625 0.13984375 0.09140625 0.07890625
1 0.20859375 0.06875 0.0953125 0.08203125
1 0.34375 0.01484375 0.075 0.0296875
1 0.4703125 0.0796875 0.07890625 0.08828125
1 0.76171875 0.06796875 0.08828125 0.09140625
1 0.8765625 0.02734375 0.0859375 0.0546875
1 0.590625 0.015625 0.07890625 0.03125