1 0.12890625 0.0734375 0.06875 0.0609375
1 0.2390625 0.12734375 0.065625 0.0671875
1 0.35703125 0.0609375 0.0671875 0.0671875
1 0.0234375 0.14140625 0.046875 0.0546875
1 0.0203125 0.0171875 0.040625 0.034375
1 0.13203125 0.2046875 0.0734375 0.0734375
1 0.3609375 0.2046875 0.0796875 0.0765625
1 0.47265625 0.12890625 0.078125 0.0671875
1 0.58125 0.06484375 0.075 0.0671875
1 0.58671875 0.1984375 0.0859375 0.075
1 0.69375 0.1203125 0.0703125 0.075
1 0.80078125 0.0578125 0.075 0.0703125
1 0.9171875 0.121875 0.0703125 0.065625
1 0.8046875 0.17890625 0.05625 0.0546875
1 0.91875 0.25234375 0.0625 0.059375
1 0.24609375 0.2734375 0.0609375 0.065625
1 0.02734375 0.26875 0.05 0.0609375
1 0.1328125 0.334375 0.078125 0.075
1 0.3640625 0.33203125 0.06875 0.0765625
1 0.475 0.26171875 0.075 0.071875
1 0.5890625 0.32890625 0.0671875 0.0703125
1 0.69921875 0.25546875 0.065625 0.071875
1 0.80390625 0.321875 0.0578125 0.0625
1 0.02734375 0.40078125 0.0546875 0.05625
1 0.1375 0.4703125 0.0734375 0.0609375
1 0.69296875 0.3921875 0.05625 0.0609375
1 0.2484375 0.38984375 0.06875 0.0671875
1 0.3671875 0.4671875 0.0796875 0.065625
1 0.47578125 0.39765625 0.078125 0.06875
1 0.5890625 0.465625 0.0671875 0.065625
1 0.81171875 0.45859375 0.0609375 0.0671875
1 0.02890625 0.5421875 0.0578125 0.0546875
1 0.25078125 0.53515625 0.0578125 0.0578125
1 0.48359375 0.52890625 0.0703125 0.0625
1 0.7015625 0.52734375 0.0578125 0.0578125
1 0.1421875 0.60234375 0.0640625 0.06875
1 0.0296875 0.671875 0.059375 0.065625
1 0.3640625 0.59609375 0.06875 0.065625
1 0.59453125 0.59453125 0.0546875 0.06875
1 0.80859375 0.590625 0.053125 0.0671875
1 0.921875 0.52109375 0.0609375 0.0609375
1 0.92421875 0.6515625 0.0609375 0.05625
1 0.70234375 0.6515625 0.0671875 0.0625
1 0.2578125 0.66640625 0.0703125 0.0625
1 0.140625 0.71484375 0.0546875 0.059375
1 0.03125 0.778125 0.0625 0.06875
1 0.48125 0.6703125 0.059375 0.059375
1 0.5921875 0.7046875 0.05625 0.059375
1 0.809375 0.7125 0.065625 0.0671875
1 0.925 0.7625 0.0625 0.0734375
1 0.7015625 0.77109375 0.075 0.0703125
1 0.48359375 0.7671875 0.071875 0.0703125
1 0.3703125 0.7125 0.059375 0.0640625
1 0.25078125 0.77265625 0.078125 0.0671875
1 0.13359375 0.83046875 0.0859375 0.078125
1 0.034375 0.9046875 0.0625 0.075
1 0.8140625 0.8390625 0.065625 0.065625
1 0.93203125 0.8953125 0.0546875 0.05625
1 0.2546875 0.90625 0.0640625 0.0578125
1 0.1328125 0.9703125 0.0609375 0.059375
1 0.3703125 0.83515625 0.0578125 0.0578125
1 0.38046875 0.97109375 0.05625 0.0578125
1 0.48125 0.9 0.059375 0.05625
1 0.59140625 0.83515625 0.0578125 0.05625
1 0.7109375 0.903125 0.0546875 0.0609375
1 0.590625 0.9609375 0.0578125 0.0625
1 0.81484375 0.96953125 0.0625 0.0609375