1 0.17265625 0.0609375 0.071875 0.075
1 0.06875 0.1234375 0.075 0.06875
1 0.284375 0.109375 0.078125 0.0875
1 0.40390625 0.053125 0.084375 0.08125
1 0.6359375 0.040625 0.0828125 0.071875
1 0.86171875 0.0515625 0.071875 0.0765625
1 0.7515625 0.11015625 0.0578125 0.059375
1 0.5296875 0.11640625 0.065625 0.0671875
1 0.9796875 0.115625 0.040625 0.065625
1 0.1984375 0.19921875 0.065625 0.065625
1 0.071875 0.25625 0.0609375 0.0625
1 0.29453125 0.25625 0.0609375 0.0734375
1 0.41640625 0.17890625 0.0765625 0.075
1 0.63515625 0.18125 0.06875 0.0703125
1 0.87109375 0.17890625 0.059375 0.0671875
1 0.97890625 0.234375 0.0421875 0.065625
1 0.753125 0.25 0.0703125 0.0671875
1 0.86640625 0.3078125 0.0625 0.0625
1 0.53046875 0.24453125 0.0578125 0.0671875
1 0.41015625 0.31796875 0.071875 0.0703125
1 0.184375 0.32578125 0.0671875 0.0828125
1 0.30234375 0.3859375 0.078125 0.075
1 0.62890625 0.31015625 0.0625 0.0734375
1 0.75078125 0.37109375 0.059375 0.065625
1 0.86796875 0.43984375 0.059375 0.0703125
1 0.97734375 0.365625 0.0453125 0.0625
1 0.97421875 0.50546875 0.0515625 0.0703125
1 0.53359375 0.36875 0.0578125 0.0609375
1 0.63671875 0.45078125 0.0625 0.0765625
1 0.4109375 0.4546875 0.071875 0.0734375
1 0.7578125 0.50546875 0.0640625 0.0703125
1 0.52890625 0.51328125 0.0765625 0.075
1 0.18984375 0.45390625 0.071875 0.0625
1 0.30078125 0.51015625 0.075 0.075
1 0.4109375 0.584375 0.0703125 0.071875
1 0.8625 0.575 0.0734375 0.0734375
1 0.6359375 0.56796875 0.0703125 0.075
1 0.9796875 0.64375 0.040625 0.0796875
1 0.75625 0.6390625 0.0609375 0.06875
1 0.8734375 0.7046875 0.071875 0.071875
1 0.08125 0.51953125 0.065625 0.0671875
1 0.19140625 0.59296875 0.0671875 0.0703125
1 0.07734375 0.6609375 0.0703125 0.0703125
1 0.30078125 0.646875 0.06875 0.06875
1 0.53203125 0.6390625 0.0859375 0.0734375
1 0.63984375 0.703125 0.071875 0.078125
1 0.18828125 0.72890625 0.06875 0.0640625
1 0.4171875 0.70625 0.0703125 0.0828125
1 0.75703125 0.7734375 0.0625 0.0640625
1 0.98203125 0.76953125 0.0359375 0.0578125
1 0.878125 0.8421875 0.0703125 0.065625
1 0.9796875 0.90390625 0.040625 0.059375
1 0.88046875 0.96015625 0.0578125 0.0578125
1 0.76328125 0.90625 0.0734375 0.078125
1 0.53359375 0.7765625 0.0578125 0.065625
1 0.646875 0.83203125 0.0578125 0.0546875
1 0.64765625 0.975 0.04375 0.05
1 0.534375 0.9078125 0.04375 0.0484375
1 0.41953125 0.84609375 0.053125 0.0609375
1 0.30390625 0.78125 0.0625 0.06875
1 0.075 0.79296875 0.06875 0.0703125
1 0.19765625 0.8578125 0.0609375 0.0671875
1 0.07578125 0.92734375 0.065625 0.0640625
1 0.20234375 0.978125 0.0515625 0.04375
1 0.30234375 0.9140625 0.053125 0.0609375
1 0.41875 0.97265625 0.0671875 0.0546875