1 0.1484375 0.95078125 0.09375 0.08359375
1 0.03671875 0.8734375 0.07265625 0.090625
1 0.14921875 0.8 0.0796875 0.08359375
1 0.28125 0.8828125 0.0765625 0.0765625
1 0.41328125 0.9515625 0.08125 0.0921875
1 0.42109375 0.80546875 0.08515625 0.08671875
1 0.5421875 0.8875 0.0765625 0.078125
1 0.66875 0.95234375 0.0796875 0.0765625
1 0.90234375 0.96640625 0.0765625 0.0671875
1 0.79140625 0.896875 0.0796875 0.06953125
1 0.9015625 0.81953125 0.08515625 0.065625
1 0.54375 0.740625 0.078125 0.06796875
1 0.675 0.81328125 0.07109375 0.0640625
1 0.7921875 0.7515625 0.08828125 0.07265625
1 0.9171875 0.671875 0.078125 0.09375
1 0.0375 0.721875 0.075 0.06953125
1 0.28671875 0.72421875 0.078125 0.07109375
1 0.1546875 0.6515625 0.090625 0.078125
1 0.0328125 0.578125 0.065625 0.0796875
1 0.14765625 0.5140625 0.075 0.07109375
1 0.28203125 0.59296875 0.08671875 0.090625
1 0.39921875 0.671875 0.078125 0.075
1 0.521875 0.5953125 0.08359375 0.08359375
1 0.65078125 0.675 0.0765625 0.08359375
1 0.79140625 0.6078125 0.0796875 0.08671875
1 0.9203125 0.53671875 0.08125 0.078125
1 0.03203125 0.4453125 0.0640625 0.06796875
1 0.15546875 0.3765625 0.078125 0.065625
1 0.278125 0.446875 0.06796875 0.07109375
1 0.40625 0.5203125 0.078125 0.078125
1 0.528125 0.45390625 0.08359375 0.075
1 0.403125 0.37734375 0.0765625 0.065625
1 0.64921875 0.5296875 0.08515625 0.078125
1 0.790625 0.46171875 0.075 0.0765625
1 0.91171875 0.39296875 0.07109375 0.075
1 0.6578125 0.3859375 0.0921875 0.08359375
1 0.04765625 0.1734375 0.065625 0.07265625
1 0.190625 0.24453125 0.07265625 0.0640625
1 0.440625 0.253125 0.0625 0.06953125
1 0.70078125 0.26015625 0.06953125 0.0625
1 0.94765625 0.25703125 0.078125 0.06796875
1 0.1875 0.1 0.078125 0.07109375
1 0.29609375 0.17109375 0.075 0.06796875
1 0.2953125 0.0375 0.0765625 0.075
1 0.44453125 0.1109375 0.08359375 0.078125
1 0.540625 0.1828125 0.07265625 0.0765625
1 0.8109375 0.18984375 0.06796875 0.07109375
1 0.946875 0.1171875 0.0765625 0.075
1 0.81953125 0.04140625 0.08125 0.0765625
1 0.69765625 0.1125 0.065625 0.0625
1 0.5546875 0.04375 0.07265625 0.0765625