1 0.0828125 0.896875 0.0828125 0.08671875
1 0.20234375 0.91953125 0.08828125 0.08984375
1 0.32578125 0.97734375 0.08828125 0.0453125
1 0.58828125 0.97890625 0.0796875 0.04140625
1 0.84453125 0.978125 0.0828125 0.04296875
1 0.96328125 0.92578125 0.07265625 0.07578125
1 0.72890625 0.9109375 0.08828125 0.096875
1 0.84140625 0.8578125 0.096875 0.08515625
1 0.58671875 0.84765625 0.10390625 0.078125
1 0.959375 0.784375 0.08125 0.0984375
1 0.7203125 0.77578125 0.08515625 0.08515625
1 0.3328125 0.8515625 0.10546875 0.08671875
1 0.090625 0.73359375 0.078125 0.0828125
1 0.20703125 0.77734375 0.096875 0.08984375
1 0.4703125 0.76640625 0.0984375 0.08984375
1 0.21640625 0.63125 0.07578125 0.0671875
1 0.3328125 0.70703125 0.0625 0.07421875
1 0.8375 0.7 0.08671875 0.08125
1 0.9625 0.61953125 0.07421875 0.1
1 0.596875 0.69375 0.0828125 0.0953125
1 0.7109375 0.62421875 0.08828125 0.0953125
1 0.83046875 0.5390625 0.07109375 0.06953125
1 0.9703125 0.4875 0.05859375 0.05546875
1 0.475 0.62265625 0.08671875 0.06953125
1 0.35 0.54765625 0.08515625 0.08125
1 0.59921875 0.55 0.08515625 0.07578125
1 0.009375 0.5296875 0.01875 0.07265625
1 0.1 0.4515625 0.0640625 0.07421875
1 0.21640625 0.48359375 0.07578125 0.078125
1 0.0140625 0.390625 0.02734375 0.07578125
1 0.46640625 0.49140625 0.08671875 0.0953125
1 0.61328125 0.440625 0.07421875 0.0953125
1 0.725 0.48984375 0.10234375 0.08671875
1 0.8390625 0.409375 0.08125 0.0796875
1 0.96875 0.33828125 0.0625 0.0953125
1 0.371875 0.42109375 0.08125 0.07421875
1 0.225 0.33359375 0.07578125 0.09140625
1 0.10390625 0.28828125 0.115625 0.08828125
1 0.475 0.3296875 0.07578125 0.07421875
1 0.3546875 0.26328125 0.07421875 0.06953125
1 0.71796875 0.325 0.07421875 0.07109375
1 0.96875 0.1984375 0.0625 0.08125
1 0.83984375 0.2546875 0.08984375 0.0984375
1 0.59921875 0.2453125 0.07265625 0.0796875
1 0.47109375 0.18828125 0.0828125 0.0796875
1 0.2171875 0.1703125 0.078125 0.07578125
1 0.346875 0.13125 0.08984375 0.0953125
1 0.096875 0.0421875 0.078125 0.0671875
1 0.225 0.0578125 0.0671875 0.08671875
1 0.34375 0.02578125 0.08125 0.0515625
1 0.48515625 0.05078125 0.07265625 0.08515625
1 0.59609375 0.01328125 0.07421875 0.02578125
1 0.7109375 0.065625 0.10546875 0.1
1 0.7328125 0.196875 0.07109375 0.07421875
1 0.83984375 0.12421875 0.08984375 0.08984375
1 0.971875 0.0640625 0.05625 0.078125
1 0.85625 0.0234375 0.1 0.046875