1 0.11484375 0.03984375 0.0703125 0.07890625
1 0.24296875 0.0078125 0.08359375 0.015625
1 0.37265625 0.04375 0.07890625 0.08359375
1 0.63046875 0.03828125 0.08203125 0.0765625
1 0.8890625 0.0421875 0.0859375 0.08359375
1 0.75703125 0.10859375 0.090625 0.07890625
1 0.8796875 0.18828125 0.0609375 0.0609375
1 0.01015625 0.11640625 0.0203125 0.0734375
1 0.2359375 0.12578125 0.0859375 0.08359375
1 0.371875 0.18203125 0.07890625 0.08203125
1 0.503125 0.11015625 0.08203125 0.08046875
1 0.62421875 0.18203125 0.08203125 0.08203125
1 0.7640625 0.2625 0.07890625 0.06640625
1 0.97734375 0.1265625 0.0453125 0.075
1 0.11953125 0.20078125 0.0609375 0.06484375
1 0.00859375 0.27265625 0.0171875 0.0703125
1 0.24921875 0.2625 0.06640625 0.0703125
1 0.50625 0.26015625 0.08203125 0.0703125
1 0.63203125 0.3328125 0.0703125 0.06640625
1 0.88203125 0.32265625 0.0765625 0.0859375
1 0.76015625 0.40859375 0.06484375 0.071875
1 0.121875 0.33828125 0.075 0.0703125
1 0.009375 0.4171875 0.01875 0.071875
1 0.24453125 0.4 0.06796875 0.071875
1 0.38046875 0.3375 0.0765625 0.08046875
1 0.5 0.40703125 0.08203125 0.08203125
1 0.8828125 0.478125 0.06796875 0.07890625
1 0.63984375 0.48984375 0.07890625 0.0765625
1 0.76328125 0.5515625 0.0734375 0.06640625
1 0.375 0.48203125 0.0734375 0.0734375
1 0.1234375 0.4765625 0.08203125 0.075
1 0.0140625 0.553125 0.028125 0.07890625
1 0.2578125 0.55 0.06796875 0.08203125
1 0.125 0.62734375 0.071875 0.07890625
1 0.5 0.55 0.08203125 0.0875
1 0.89296875 0.63046875 0.071875 0.0765625
1 0.640625 0.62578125 0.08046875 0.08359375
1 0.378125 0.6296875 0.0734375 0.07890625
1 0.25234375 0.7046875 0.08046875 0.08046875
1 0.49765625 0.6859375 0.0734375 0.075
1 0.7640625 0.70859375 0.06484375 0.06328125
1 0.628125 0.7734375 0.0703125 0.06796875
1 0.11484375 0.778125 0.0765625 0.0734375
1 0.01328125 0.8515625 0.0265625 0.08359375
1 0.25234375 0.86484375 0.075 0.075
1 0.39140625 0.77109375 0.0765625 0.07890625
1 0.51171875 0.84609375 0.08046875 0.0703125
1 0.765625 0.8453125 0.08046875 0.09296875
1 0.9 0.91796875 0.071875 0.075
1 0.7625 0.97109375 0.0703125 0.0578125
1 0.63515625 0.91875 0.06328125 0.0609375
1 0.38515625 0.92109375 0.07890625 0.071875
1 0.51796875 0.9734375 0.07890625 0.05234375
1 0.13515625 0.93359375 0.08203125 0.0859375
1 0.25 0.98125 0.06875 0.0375