1 0.9421875 0.0140625 0.06015625 0.02734375
1 0.83984375 0.0671875 0.05859375 0.06328125
1 0.94140625 0.121875 0.06328125 0.065625
1 0.69453125 0.01484375 0.0484375 0.02890625
1 0.71171875 0.13984375 0.06328125 0.065625
1 0.5796875 0.06328125 0.07734375 0.071875
1 0.44296875 0.01640625 0.0484375 0.0328125
1 0.33359375 0.065625 0.06875 0.065625
1 0.4484375 0.13984375 0.08046875 0.07890625
1 0.17578125 0.01015625 0.04296875 0.0203125
1 0.0828125 0.0578125 0.05859375 0.06015625
1 0.1796875 0.14609375 0.06875 0.0671875
1 0.071875 0.2125 0.065625 0.06171875
1 0.3296875 0.21171875 0.0671875 0.065625
1 0.584375 0.20546875 0.065625 0.0671875
1 0.834375 0.2203125 0.06875 0.0671875
1 0.93203125 0.284375 0.07578125 0.0703125
1 0.6875 0.28828125 0.06875 0.06015625
1 0.82421875 0.36796875 0.07890625 0.06875
1 0.5796875 0.35078125 0.08046875 0.071875
1 0.43828125 0.29140625 0.09140625 0.07890625
1 0.1859375 0.28203125 0.09140625 0.09453125
1 0.07265625 0.35078125 0.06171875 0.06875
1 0.3171875 0.35078125 0.0703125 0.06015625
1 0.17890625 0.4390625 0.08046875 0.0828125
1 0.05390625 0.49609375 0.0671875 0.06328125
1 0.43203125 0.43828125 0.0703125 0.06875
1 0.68203125 0.44453125 0.07578125 0.0703125
1 0.9390625 0.44609375 0.0703125 0.06875
1 0.81640625 0.5171875 0.06875 0.05703125
1 0.93046875 0.571875 0.06875 0.0671875
1 0.56015625 0.50234375 0.0671875 0.06171875
1 0.68203125 0.58359375 0.06171875 0.065625
1 0.3015625 0.49296875 0.0703125 0.07421875
1 0.17734375 0.575 0.05703125 0.0671875
1 0.06171875 0.646875 0.06875 0.06875
1 0.428125 0.57890625 0.07578125 0.0703125
1 0.3078125 0.653125 0.07421875 0.07890625
1 0.5578125 0.64765625 0.0546875 0.065625
1 0.43125 0.72265625 0.065625 0.07421875
1 0.809375 0.665625 0.06171875 0.065625
1 0.9375 0.7265625 0.06875 0.06328125
1 0.684375 0.7234375 0.07578125 0.0703125
1 0.55390625 0.7921875 0.07890625 0.08046875
1 0.175 0.71640625 0.06328125 0.06875
1 0.05 0.79375 0.06875 0.0703125
1 0.0421875 0.9328125 0.07890625 0.0875
1 0.178125 0.86171875 0.071875 0.07578125
1 0.3 0.80078125 0.071875 0.0703125
1 0.4234375 0.8671875 0.06015625 0.065625
1 0.296875 0.946875 0.0671875 0.0671875
1 0.17578125 0.984375 0.07734375 0.03125
1 0.9359375 0.8828125 0.06875 0.06328125
1 0.684375 0.87578125 0.065625 0.06015625
1 0.80546875 0.95546875 0.07421875 0.071875
1 0.6796875 0.98828125 0.06875 0.0234375
1 0.5515625 0.934375 0.08046875 0.071875
1 0.42890625 0.9859375 0.07734375 0.02734375