1 0.0796875 0.0078125 0.0609375 0.015625
1 0.08359375 0.13125 0.0640625 0.0640625
1 0.21640625 0.05546875 0.06953125 0.07421875
1 0.46328125 0.059375 0.0609375 0.0609375
1 0.33359375 0.128125 0.0625 0.0578125
1 0.584375 0.13046875 0.0640625 0.05625
1 0.47109375 0.1984375 0.06796875 0.0625
1 0.728125 0.05 0.06953125 0.06640625
1 0.95859375 0.04921875 0.0625 0.06953125
1 0.8375 0.128125 0.0609375 0.05390625
1 0.0890625 0.2796875 0.0640625 0.059375
1 0.209375 0.21015625 0.0625 0.06640625
1 0.34296875 0.2734375 0.0640625 0.07265625
1 0.58671875 0.26640625 0.07421875 0.0765625
1 0.71796875 0.19609375 0.0796875 0.078125
1 0.94765625 0.1921875 0.0640625 0.059375
1 0.84140625 0.2609375 0.0640625 0.05234375
1 0.95546875 0.3328125 0.06640625 0.0578125
1 0.21171875 0.34609375 0.05625 0.05234375
1 0.47265625 0.3421875 0.059375 0.05625
1 0.72109375 0.3359375 0.06796875 0.0609375
1 0.8375 0.40546875 0.0640625 0.05625
1 0.95234375 0.47734375 0.0625 0.0609375
1 0.08828125 0.4234375 0.0625 0.0609375
1 0.21875 0.49453125 0.059375 0.0625
1 0.34140625 0.428125 0.059375 0.059375
1 0.5921875 0.42421875 0.06640625 0.06953125
1 0.72421875 0.48984375 0.0625 0.07109375
1 0.84140625 0.5640625 0.05390625 0.05625
1 0.46640625 0.50078125 0.059375 0.0640625
1 0.34375 0.56796875 0.0640625 0.0640625
1 0.084375 0.5703125 0.06796875 0.06640625
1 0.09140625 0.7125 0.06953125 0.0640625
1 0.21796875 0.6390625 0.07109375 0.0640625
1 0.09453125 0.85546875 0.07265625 0.06953125
1 0.21875 0.78046875 0.07265625 0.0640625
1 0.22578125 0.9296875 0.0625 0.0609375
1 0.1015625 0.9859375 0.065625 0.028125
1 0.47265625 0.640625 0.06640625 0.059375
1 0.59453125 0.57265625 0.07265625 0.0625
1 0.72265625 0.6234375 0.06640625 0.06796875
1 0.340625 0.71875 0.05078125 0.059375
1 0.3484375 0.85859375 0.0578125 0.059375
1 0.471875 0.78359375 0.06796875 0.059375
1 0.95703125 0.62734375 0.0609375 0.05625
1 0.846875 0.70703125 0.059375 0.04921875
1 0.96796875 0.76171875 0.0640625 0.05625
1 0.590625 0.71015625 0.07265625 0.0640625
1 0.72890625 0.7703125 0.0625 0.0640625
1 0.59765625 0.8578125 0.0640625 0.0609375
1 0.47578125 0.921875 0.0640625 0.05625
1 0.35390625 0.98828125 0.05078125 0.0234375
1 0.5984375 0.98515625 0.05 0.0296875
1 0.73125 0.928125 0.0609375 0.06640625
1 0.85625 0.85234375 0.05234375 0.05390625
1 0.96328125 0.90859375 0.0625 0.0625