1 0.94140625 0.0125 0.0828125 0.025
1 0.8046875 0.0578125 0.07109375 0.06875
1 0.95078125 0.13125 0.0765625 0.07265625
1 0.54375 0.04921875 0.0984375 0.0890625
1 0.81484375 0.18671875 0.0796875 0.0875
1 0.690625 0.12421875 0.0875 0.08359375
1 0.4109375 0.01328125 0.078125 0.0265625
1 0.03125 0.0546875 0.06171875 0.07265625
1 0.27578125 0.0421875 0.0796875 0.07109375
1 0.9546875 0.27578125 0.06875 0.06328125
1 0.42265625 0.1234375 0.0671875 0.065625
1 0.1546875 0.12109375 0.07265625 0.0765625
1 0.03671875 0.2 0.07265625 0.07265625
1 0.2875 0.18984375 0.09296875 0.0796875
1 0.1484375 0.2671875 0.06875 0.0671875
1 0.5453125 0.18828125 0.0984375 0.090625
1 0.68203125 0.278125 0.0796875 0.0796875
1 0.81484375 0.34609375 0.0875 0.090625
1 0.41328125 0.2734375 0.07109375 0.07265625
1 0.2890625 0.340625 0.08359375 0.08515625
1 0.0328125 0.340625 0.065625 0.08515625
1 0.14921875 0.415625 0.07265625 0.06875
1 0.028125 0.4921875 0.05625 0.08515625
1 0.54375 0.3453125 0.0765625 0.08203125
1 0.4203125 0.4234375 0.08203125 0.078125
1 0.2875 0.49609375 0.08515625 0.08515625
1 0.9515625 0.42890625 0.08203125 0.0765625
1 0.6796875 0.43359375 0.07265625 0.08203125
1 0.815625 0.49765625 0.07109375 0.078125
1 0.54453125 0.50625 0.09609375 0.10546875
1 0.95078125 0.5984375 0.0765625 0.0765625
1 0.684375 0.58671875 0.08359375 0.08203125
1 0.53984375 0.65703125 0.0890625 0.0875
1 0.41484375 0.57578125 0.0765625 0.078125
1 0.28125 0.64921875 0.0875 0.0890625
1 0.13984375 0.5734375 0.0890625 0.08359375
1 0.021875 0.6515625 0.04375 0.078125
1 0.94296875 0.75078125 0.0796875 0.0765625
1 0.678125 0.7390625 0.0796875 0.0765625
1 0.809375 0.8125 0.0875 0.078125
1 0.41875 0.7328125 0.08203125 0.0796875
1 0.15078125 0.7296875 0.0890625 0.078125
1 0.021875 0.80703125 0.04375 0.08359375
1 0.2875 0.8046875 0.1 0.0984375
1 0.14296875 0.878125 0.09609375 0.08515625
1 0.01875 0.9421875 0.0375 0.06875
1 0.53515625 0.8078125 0.090625 0.090625
1 0.94453125 0.88671875 0.090625 0.09296875
1 0.8015625 0.95859375 0.0875 0.0828125
1 0.68203125 0.8875 0.08515625 0.09609375
1 0.53828125 0.95234375 0.09453125 0.09453125
1 0.41484375 0.88515625 0.08359375 0.09296875
1 0.28125 0.96015625 0.09296875 0.0796875