1 0.4734375 0.9671875 0.0671875 0.065625
1 0.7421875 0.97421875 0.065625 0.05078125
1 0.0765625 0.8515625 0.06875 0.0546875
1 0.20390625 0.80390625 0.0671875 0.07265625
1 0.34453125 0.86328125 0.090625 0.0796875
1 0.60546875 0.89296875 0.07265625 0.07109375
1 0.8765625 0.90078125 0.08203125 0.07265625
1 0.98984375 0.82109375 0.0203125 0.078125
1 0.0828125 0.7 0.07421875 0.0671875
1 0.20625 0.64296875 0.078125 0.07109375
1 0.3515625 0.7078125 0.07421875 0.078125
1 0.47578125 0.80703125 0.07109375 0.065625
1 0.60703125 0.734375 0.08203125 0.0796875
1 0.75 0.81171875 0.078125 0.07265625
1 0.86484375 0.7078125 0.08359375 0.07265625
1 0.0765625 0.56484375 0.0578125 0.05234375
1 0.08828125 0.42265625 0.06328125 0.0546875
1 0.21484375 0.490625 0.08203125 0.06875
1 0.3515625 0.5734375 0.0796875 0.078125
1 0.484375 0.6515625 0.07421875 0.065625
1 0.61328125 0.58359375 0.06875 0.065625
1 0.8765625 0.59375 0.06328125 0.06328125
1 0.7515625 0.51328125 0.06171875 0.06328125
1 0.98046875 0.50703125 0.0390625 0.0859375
1 0.88515625 0.43125 0.0765625 0.0671875
1 0.9859375 0.37109375 0.028125 0.0734375
1 0.2328125 0.35546875 0.06875 0.065625
1 0.08828125 0.2625 0.07109375 0.07265625
1 0.34921875 0.41640625 0.06015625 0.06875
1 0.61328125 0.45390625 0.06015625 0.06328125
1 0.4828125 0.36171875 0.07109375 0.0765625
1 0.76328125 0.3671875 0.0578125 0.06328125
1 0.62421875 0.278125 0.07109375 0.07265625
1 0.909375 0.28515625 0.06015625 0.06015625
1 0.21015625 0.1875 0.06015625 0.06171875
1 0.07734375 0.10625 0.0671875 0.06875
1 0.21328125 0.0484375 0.06171875 0.06015625
1 0.35234375 0.10546875 0.07109375 0.0765625
1 0.4890625 0.1953125 0.07109375 0.0671875
1 0.4953125 0.034375 0.0671875 0.06875
1 0.62421875 0.1109375 0.07109375 0.0796875
1 0.75234375 0.1921875 0.06875 0.07421875
1 0.89375 0.11796875 0.07265625 0.0765625