1 0.9203125 0.971875 0.084375 0.05546875
1 0.69609375 0.9734375 0.07109375 0.05234375
1 0.79765625 0.903125 0.0828125 0.0828125
1 0.9296875 0.8390625 0.08984375 0.08984375
1 0.56640625 0.9078125 0.0796875 0.09296875
1 0.43671875 0.9421875 0.07421875 0.0859375
1 0.3078125 0.91796875 0.0640625 0.0640625
1 0.2125 0.96640625 0.07109375 0.0671875
1 0.06015625 0.9125 0.07109375 0.0671875
1 0.20546875 0.83203125 0.07109375 0.07734375
1 0.05625 0.76875 0.0796875 0.06953125
1 0.4546875 0.8203125 0.059375 0.0625
1 0.309375 0.76484375 0.06953125 0.0640625
1 0.1859375 0.7265625 0.065625 0.0671875
1 0.69453125 0.8328125 0.0671875 0.0578125
1 0.8078125 0.76015625 0.0796875 0.07265625
1 0.9296875 0.70078125 0.0859375 0.06953125
1 0.70078125 0.73359375 0.0640625 0.065625
1 0.60234375 0.73125 0.07734375 0.06953125
1 0.4578125 0.72265625 0.07421875 0.084375
1 0.29453125 0.6234375 0.08125 0.08125
1 0.92734375 0.55 0.06953125 0.0640625
1 0.80234375 0.615625 0.0796875 0.08984375
1 0.678125 0.55390625 0.0828125 0.07734375
1 0.5578125 0.62734375 0.084375 0.08125
1 0.42578125 0.559375 0.0828125 0.08125
1 0.18359375 0.5625 0.07421875 0.08125
1 0.30546875 0.48671875 0.0796875 0.08125
1 0.05625 0.4875 0.084375 0.09765625
1 0.1859375 0.425 0.07265625 0.08125
1 0.55 0.465625 0.09140625 0.0859375
1 0.79296875 0.48828125 0.07734375 0.07265625
1 0.91953125 0.40625 0.07421875 0.07109375
1 0.66328125 0.40234375 0.06953125 0.06953125
1 0.80078125 0.33125 0.0828125 0.07578125
1 0.55390625 0.340625 0.0828125 0.07265625
1 0.42421875 0.40703125 0.059375 0.08125
1 0.0453125 0.34609375 0.08125 0.084375
1 0.17109375 0.27890625 0.0625 0.07578125
1 0.04609375 0.2046875 0.0828125 0.08984375
1 0.30078125 0.21015625 0.065625 0.07421875
1 0.415625 0.2609375 0.0828125 0.08125
1 0.66953125 0.2625 0.08125 0.06953125
1 0.91875 0.26875 0.07265625 0.07109375
1 0.8 0.19765625 0.084375 0.08125
1 0.9171875 0.1296875 0.07265625 0.07265625
1 0.5453125 0.19765625 0.0796875 0.0796875
1 0.415625 0.12421875 0.07578125 0.084375
1 0.290625 0.06015625 0.07109375 0.084375
1 0.16953125 0.14375 0.07265625 0.06953125
1 0.04453125 0.06953125 0.0625 0.07421875
1 0.16875 0.01953125 0.0640625 0.0390625
1 0.41328125 0.0109375 0.065625 0.021875
1 0.54375 0.05390625 0.06953125 0.065625
1 0.67265625 0.11328125 0.07578125 0.08125
1 0.65703125 0.01015625 0.07421875 0.0203125
1 0.79921875 0.05859375 0.07265625 0.07109375
1 0.92421875 0.009375 0.0640625 0.01875