1 0.146875 0.09609375 0.078125 0.071875
1 0.23046875 0.028125 0.05625 0.053125
1 0.359375 0.09296875 0.0734375 0.06875
1 0.48125 0.03046875 0.0625 0.0515625
1 0.59921875 0.07421875 0.0671875 0.0671875
1 0.82890625 0.07109375 0.0828125 0.0609375
1 0.94765625 0.12890625 0.0671875 0.0625
1 0.23359375 0.16171875 0.0796875 0.0671875
1 0.3703125 0.221875 0.0859375 0.084375
1 0.48125 0.146875 0.0703125 0.0625
1 0.59765625 0.203125 0.0828125 0.08125
1 0.1515625 0.22578125 0.0765625 0.06875
1 0.134375 0.34296875 0.0796875 0.08125
1 0.03828125 0.41171875 0.0546875 0.0625
1 0.3578125 0.34453125 0.0859375 0.090625
1 0.25 0.40703125 0.0859375 0.0734375
1 0.1359375 0.478125 0.0671875 0.0671875
1 0.49609375 0.39609375 0.0796875 0.0828125
1 0.5984375 0.33046875 0.0734375 0.0765625
1 0.8328125 0.3484375 0.0546875 0.0546875
1 0.715625 0.41015625 0.05625 0.0671875
1 0.5953125 0.4703125 0.071875 0.075
1 0.8328125 0.4796875 0.0546875 0.0703125
1 0.3625 0.46640625 0.0703125 0.0796875
1 0.49765625 0.534375 0.071875 0.0921875
1 0.25703125 0.54453125 0.08125 0.0671875
1 0.72109375 0.53203125 0.0890625 0.08125
1 0.03515625 0.54375 0.0671875 0.0625
1 0.14140625 0.6125 0.059375 0.06875
1 0.0390625 0.67890625 0.06875 0.0578125
1 0.26640625 0.6703125 0.071875 0.06875
1 0.36640625 0.6015625 0.059375 0.065625
1 0.49921875 0.6609375 0.075 0.0703125
1 0.6109375 0.5984375 0.0703125 0.059375
1 0.8328125 0.61875 0.065625 0.0546875
1 0.959375 0.678125 0.0546875 0.0578125
1 0.72890625 0.66328125 0.071875 0.059375
1 0.8390625 0.734375 0.0703125 0.0609375
1 0.95859375 0.80625 0.053125 0.0625
1 0.7328125 0.8046875 0.0671875 0.06875
1 0.615625 0.7296875 0.0609375 0.0625
1 0.3671875 0.734375 0.0609375 0.0578125
1 0.15703125 0.74921875 0.059375 0.0671875
1 0.03671875 0.80390625 0.0625 0.0578125
1 0.26953125 0.8046875 0.059375 0.05625
1 0.4953125 0.79140625 0.0796875 0.071875
1 0.61484375 0.86328125 0.0671875 0.0734375
1 0.8421875 0.88359375 0.0640625 0.059375
1 0.96484375 0.928125 0.053125 0.065625
1 0.3765625 0.87265625 0.0640625 0.065625
1 0.15 0.87421875 0.0640625 0.059375
1 0.04296875 0.94375 0.0546875 0.0671875
1 0.26640625 0.93125 0.059375 0.0546875
1 0.496875 0.92421875 0.0890625 0.0875
1 0.75703125 0.93671875 0.0671875 0.06875
1 0.375 0.98359375 0.05 0.0328125