1 0.96171875 0.9625 0.06484375 0.06328125
1 0.84140625 0.90234375 0.0734375 0.06640625
1 0.9578125 0.8203125 0.06171875 0.06328125
1 0.71171875 0.96953125 0.0703125 0.0609375
1 0.70859375 0.82421875 0.075 0.06796875
1 0.58125 0.90625 0.078125 0.0765625
1 0.46640625 0.96953125 0.0703125 0.0609375
1 0.35234375 0.9078125 0.07109375 0.07109375
1 0.46328125 0.83984375 0.075 0.06328125
1 0.22890625 0.97109375 0.06640625 0.0578125
1 0.10546875 0.90625 0.06328125 0.06171875
1 0.228125 0.83359375 0.06953125 0.06171875
1 0.1109375 0.76484375 0.078125 0.06640625
1 0.83203125 0.75234375 0.0765625 0.06640625
1 0.959375 0.6796875 0.08125 0.06640625
1 0.8375 0.6109375 0.07109375 0.06328125
1 0.703125 0.68828125 0.0765625 0.06796875
1 0.584375 0.7640625 0.06796875 0.05625
1 0.35625 0.76328125 0.06640625 0.06640625
1 0.45703125 0.69296875 0.0828125 0.06640625
1 0.23125 0.6953125 0.06328125 0.06640625
1 0.09609375 0.6140625 0.07109375 0.0796875
1 0.21953125 0.5484375 0.075 0.06640625
1 0.34609375 0.6171875 0.0734375 0.0734375
1 0.5765625 0.6265625 0.0796875 0.06640625
1 0.45859375 0.54921875 0.0765625 0.0765625
1 0.70078125 0.5375 0.08671875 0.06796875
1 0.94765625 0.5390625 0.0734375 0.06484375
1 0.8234375 0.465625 0.06796875 0.0578125
1 0.94921875 0.3984375 0.08125 0.06640625
1 0.6953125 0.40546875 0.075 0.06796875
1 0.56640625 0.4796875 0.0796875 0.07109375
1 0.45625 0.4125 0.08125 0.06640625
1 0.35 0.475 0.078125 0.06640625
1 0.1046875 0.475 0.06953125 0.0765625
1 0.2265625 0.40859375 0.0734375 0.0578125
1 0.10078125 0.32890625 0.06015625 0.06328125
1 0.3515625 0.3375 0.06953125 0.06015625
1 0.22265625 0.26640625 0.06171875 0.06796875
1 0.575 0.33203125 0.06953125 0.06328125
1 0.453125 0.2640625 0.078125 0.06640625
1 0.8296875 0.3296875 0.0765625 0.06953125
1 0.9546875 0.25078125 0.07109375 0.075
1 0.825 0.18359375 0.06640625 0.07109375
1 0.6875 0.253125 0.06640625 0.06328125
1 0.9453125 0.1078125 0.0734375 0.06171875
1 0.828125 0.040625 0.0734375 0.06015625
1 0.68359375 0.10390625 0.0796875 0.06328125
1 0.5625 0.0421875 0.078125 0.06953125
1 0.5640625 0.1890625 0.06171875 0.06484375
1 0.44921875 0.11796875 0.06328125 0.06171875
1 0.34921875 0.19453125 0.06171875 0.05
1 0.3578125 0.05 0.06015625 0.0546875
1 0.221875 0.11953125 0.06953125 0.05625
1 0.096875 0.1890625 0.06953125 0.05625
1 0.096875 0.0453125 0.06953125 0.06953125
1 0.21328125 0.00625 0.0640625 0.0125