1 0.15625 0.0609375 0.078125 0.071875
1 0.046875 0.13359375 0.065625 0.065625
1 0.3921875 0.0625 0.0828125 0.0734375
1 0.26953125 0.1265625 0.071875 0.071875
1 0.6171875 0.06796875 0.0640625 0.059375
1 0.84375 0.06015625 0.065625 0.065625
1 0.95703125 0.11328125 0.071875 0.0625
1 0.7265625 0.11875 0.078125 0.065625
1 0.49765625 0.1265625 0.065625 0.05625
1 0.3859375 0.190625 0.0640625 0.078125
1 0.1546875 0.19765625 0.065625 0.075
1 0.04296875 0.2625 0.0671875 0.0671875
1 0.27265625 0.26171875 0.0703125 0.0734375
1 0.49765625 0.25859375 0.0796875 0.078125
1 0.61484375 0.190625 0.0765625 0.0875
1 0.8421875 0.19609375 0.0734375 0.0765625
1 0.953125 0.25 0.0734375 0.0765625
1 0.72734375 0.25703125 0.078125 0.0765625
1 0.84765625 0.3125 0.0640625 0.0734375
1 0.61640625 0.3234375 0.0609375 0.0703125
1 0.1671875 0.33125 0.06875 0.0703125
1 0.05703125 0.39921875 0.0671875 0.075
1 0.27578125 0.3890625 0.0609375 0.065625
1 0.15859375 0.45078125 0.0640625 0.0640625
1 0.39375 0.4609375 0.059375 0.065625
1 0.49765625 0.38671875 0.065625 0.0640625
1 0.73125 0.3859375 0.06875 0.075
1 0.95703125 0.3828125 0.071875 0.071875
1 0.8453125 0.453125 0.0625 0.065625
1 0.9578125 0.5078125 0.0703125 0.0765625
1 0.73515625 0.5140625 0.0671875 0.0671875
1 0.50546875 0.515625 0.06875 0.0703125
1 0.27734375 0.5265625 0.0703125 0.0796875
1 0.046875 0.52734375 0.071875 0.0671875
1 0.1640625 0.5875 0.065625 0.065625
1 0.39453125 0.5890625 0.078125 0.0765625
1 0.61796875 0.5828125 0.0671875 0.0734375
1 0.85 0.575 0.071875 0.0765625
1 0.9578125 0.64765625 0.0703125 0.0765625
1 0.72890625 0.64765625 0.0703125 0.0734375
1 0.8328125 0.68984375 0.0671875 0.06875
1 0.5015625 0.6546875 0.0609375 0.065625
1 0.27578125 0.659375 0.0875 0.0734375
1 0.05390625 0.65390625 0.06875 0.06875
1 0.159375 0.72890625 0.0609375 0.0671875
1 0.05546875 0.79140625 0.078125 0.0765625
1 0.28125 0.77890625 0.065625 0.075
1 0.39375 0.7265625 0.075 0.0828125
1 0.61875 0.7171875 0.075 0.0703125
1 0.734375 0.77734375 0.0609375 0.075
1 0.96015625 0.78125 0.0796875 0.08125
1 0.85234375 0.83515625 0.0765625 0.0671875
1 0.05546875 0.91796875 0.0765625 0.0765625
1 0.16875 0.85546875 0.075 0.075
1 0.396875 0.853125 0.075 0.0796875
1 0.5015625 0.77734375 0.0859375 0.078125
1 0.49921875 0.90703125 0.078125 0.0859375
1 0.61953125 0.85234375 0.0796875 0.0828125
1 0.73515625 0.90703125 0.0796875 0.0796875
1 0.9640625 0.90859375 0.065625 0.0671875