1 0.25234375 0.06953125 0.0765625 0.071875
1 0.13515625 0.13515625 0.06875 0.0671875
1 0.02734375 0.209375 0.0546875 0.065625
1 0.0234375 0.07265625 0.046875 0.0625
1 0.48125 0.0609375 0.065625 0.0625
1 0.2609375 0.1984375 0.0609375 0.059375
1 0.36875 0.1390625 0.053125 0.0515625
1 0.59609375 0.1421875 0.071875 0.075
1 0.7203125 0.05859375 0.071875 0.075
1 0.928125 0.059375 0.071875 0.0796875
1 0.81328125 0.12265625 0.071875 0.0671875
1 0.9234375 0.20390625 0.0734375 0.071875
1 0.48359375 0.20078125 0.0578125 0.05625
1 0.721875 0.20390625 0.0625 0.0578125
1 0.8234375 0.259375 0.0578125 0.0578125
1 0.596875 0.26875 0.065625 0.06875
1 0.7 0.32265625 0.0546875 0.0515625
1 0.9359375 0.3125 0.0671875 0.0609375
1 0.8234375 0.38359375 0.071875 0.0671875
1 0.3671875 0.25859375 0.0625 0.0578125
1 0.140625 0.2640625 0.0671875 0.059375
1 0.0296875 0.32578125 0.059375 0.0703125
1 0.1375 0.38671875 0.0671875 0.0671875
1 0.2515625 0.325 0.0640625 0.0625
1 0.47578125 0.32109375 0.0640625 0.0546875
1 0.36171875 0.39375 0.0703125 0.065625
1 0.584375 0.38828125 0.0703125 0.075
1 0.70546875 0.44765625 0.071875 0.0796875
1 0.946875 0.44140625 0.0796875 0.0703125
1 0.828125 0.50859375 0.078125 0.06875
1 0.940625 0.578125 0.075 0.0796875
1 0.028125 0.45390625 0.05625 0.071875
1 0.25078125 0.45703125 0.0703125 0.0640625
1 0.13984375 0.52578125 0.065625 0.0671875
1 0.47734375 0.44765625 0.05625 0.06875
1 0.584375 0.5171875 0.0625 0.0640625
1 0.7015625 0.57578125 0.0671875 0.0734375
1 0.3640625 0.515625 0.0578125 0.0578125
1 0.478125 0.57421875 0.075 0.0703125
1 0.02578125 0.59296875 0.0515625 0.0609375
1 0.0484375 0.7078125 0.075 0.0703125
1 0.27265625 0.71171875 0.084375 0.0703125
1 0.1546875 0.7703125 0.0890625 0.08125
1 0.49296875 0.6984375 0.06875 0.075
1 0.72421875 0.69921875 0.075 0.0671875
1 0.96640625 0.703125 0.0671875 0.071875
1 0.846875 0.75625 0.0625 0.065625
1 0.95234375 0.81484375 0.059375 0.0640625
1 0.04375 0.8375 0.06875 0.0625
1 0.15546875 0.90234375 0.0609375 0.0609375
1 0.26484375 0.82578125 0.0625 0.0625
1 0.378125 0.90078125 0.0609375 0.0609375
1 0.60625 0.76796875 0.059375 0.059375
1 0.50078125 0.83203125 0.065625 0.071875
1 0.49921875 0.959375 0.08125 0.08125
1 0.6078125 0.89765625 0.065625 0.0671875
1 0.7234375 0.959375 0.0671875 0.0625
1 0.73046875 0.828125 0.0640625 0.0671875
1 0.83984375 0.88125 0.0703125 0.0734375
1 0.965625 0.95078125 0.06875 0.0765625
1 0.05546875 0.96328125 0.059375 0.0625