1 0.92890625 0.9453125 0.07578125 0.07578125
1 0.8015625 0.990625 0.08203125 0.01875
1 0.678125 0.9546875 0.05859375 0.0640625
1 0.43671875 0.95 0.0640625 0.06015625
1 0.19296875 0.96171875 0.0671875 0.0765625
1 0.075 0.89453125 0.05859375 0.06015625
1 0.8015625 0.87421875 0.07890625 0.0734375
1 0.925 0.79765625 0.0703125 0.05859375
1 0.6734375 0.81171875 0.05859375 0.05546875
1 0.56328125 0.88125 0.06015625 0.05703125
1 0.31484375 0.8796875 0.06875 0.06015625
1 0.1953125 0.81484375 0.0640625 0.07578125
1 0.07265625 0.7421875 0.05546875 0.06171875
1 0.446875 0.81171875 0.06875 0.06171875
1 0.5546875 0.73984375 0.06171875 0.0640625
1 0.8015625 0.740625 0.065625 0.06015625
1 0.91953125 0.66328125 0.06171875 0.071875
1 0.675 0.65859375 0.071875 0.071875
1 0.3109375 0.740625 0.06015625 0.0671875
1 0.92109375 0.52265625 0.06171875 0.06171875
1 0.8015625 0.59296875 0.06875 0.07578125
1 0.546875 0.6046875 0.0703125 0.071875
1 0.20234375 0.67890625 0.0640625 0.0734375
1 0.0671875 0.6109375 0.06015625 0.0671875
1 0.31796875 0.609375 0.08203125 0.08046875
1 0.43046875 0.53359375 0.06171875 0.08046875
1 0.67734375 0.5328125 0.0671875 0.0640625
1 0.79609375 0.446875 0.0671875 0.0703125
1 0.5546875 0.45390625 0.0671875 0.071875
1 0.1890625 0.5296875 0.07578125 0.0734375
1 0.059375 0.4765625 0.08359375 0.0890625
1 0.3078125 0.45859375 0.0703125 0.0640625
1 0.9203125 0.37890625 0.0703125 0.07578125
1 0.7953125 0.3203125 0.0890625 0.090625
1 0.66953125 0.38828125 0.06875 0.071875
1 0.54765625 0.32578125 0.06171875 0.0640625
1 0.43125 0.384375 0.0734375 0.071875
1 0.19453125 0.3859375 0.06171875 0.071875
1 0.30703125 0.328125 0.071875 0.071875
1 0.0671875 0.32109375 0.0640625 0.0703125
1 0.19375 0.25625 0.0734375 0.08359375
1 0.0609375 0.18984375 0.06875 0.07890625
1 0.42734375 0.25234375 0.0703125 0.0734375
1 0.92265625 0.24296875 0.0703125 0.0671875
1 0.790625 0.1703125 0.071875 0.08203125
1 0.91875 0.1 0.0640625 0.0703125
1 0.79140625 0.0296875 0.07578125 0.05859375
1 0.6703125 0.24140625 0.0703125 0.0703125
1 0.5484375 0.17265625 0.071875 0.06875
1 0.309375 0.1859375 0.071875 0.06875
1 0.1921875 0.1109375 0.0875 0.08046875
1 0.0609375 0.04375 0.0859375 0.08359375
1 0.30390625 0.046875 0.065625 0.06875
1 0.4203125 0.10625 0.0671875 0.0640625
1 0.540625 0.034375 0.0671875 0.06875
1 0.6703125 0.1109375 0.07890625 0.0734375