1 0.13125 0.12578125 0.075 0.078125
1 0.2390625 0.10546875 0.0796875 0.08125
1 0.3515625 0.04296875 0.0796875 0.0625
1 0.5875 0.04140625 0.071875 0.059375
1 0.81953125 0.0390625 0.075 0.065625
1 0.93203125 0.1 0.075 0.06875
1 0.71484375 0.11328125 0.0796875 0.0875
1 0.81640625 0.1609375 0.0875 0.0765625
1 0.5859375 0.1703125 0.09375 0.0703125
1 0.92890625 0.228125 0.0859375 0.0890625
1 0.70703125 0.23515625 0.0765625 0.0765625
1 0.35703125 0.1671875 0.0953125 0.078125
1 0.13828125 0.2734375 0.0703125 0.075
1 0.24296875 0.23359375 0.0875 0.08125
1 0.48125 0.24375 0.0890625 0.08125
1 0.2515625 0.365625 0.06875 0.0609375
1 0.35703125 0.29765625 0.05625 0.0671875
1 0.8125 0.30390625 0.078125 0.0734375
1 0.93671875 0.37734375 0.0890625 0.090625
1 0.5953125 0.309375 0.075 0.0859375
1 0.6984375 0.371875 0.0796875 0.0859375
1 0.80625 0.44921875 0.0640625 0.0625
1 0.93515625 0.4953125 0.0578125 0.05
1 0.48515625 0.3734375 0.078125 0.0625
1 0.37265625 0.44140625 0.0765625 0.0734375
1 0.59765625 0.4390625 0.0765625 0.06875
1 0.04140625 0.4578125 0.0640625 0.065625
1 0.146875 0.528125 0.0578125 0.0671875
1 0.2515625 0.49921875 0.06875 0.0703125
1 0.04609375 0.5828125 0.0703125 0.06875
1 0.47734375 0.4921875 0.078125 0.0859375
1 0.61015625 0.53828125 0.0671875 0.0859375
1 0.7109375 0.49375 0.0921875 0.078125
1 0.8140625 0.56640625 0.0734375 0.071875
1 0.94140625 0.63046875 0.075 0.0859375
1 0.3921875 0.55546875 0.0734375 0.0671875
1 0.259375 0.634375 0.06875 0.0828125
1 0.15 0.67578125 0.1046875 0.0796875
1 0.02265625 0.728125 0.0453125 0.0625
1 0.48515625 0.63828125 0.06875 0.0671875
1 0.3765625 0.6984375 0.0671875 0.0625
1 0.7046875 0.6421875 0.0671875 0.0640625
1 0.93515625 0.7578125 0.0625 0.0734375
1 0.81484375 0.70625 0.08125 0.0890625
1 0.59765625 0.7140625 0.065625 0.071875
1 0.48203125 0.765625 0.075 0.071875
1 0.25234375 0.78203125 0.0703125 0.06875
1 0.36953125 0.8171875 0.08125 0.0859375
1 0.14375 0.89765625 0.0703125 0.0609375
1 0.259375 0.88359375 0.0609375 0.078125
1 0.3671875 0.92578125 0.0734375 0.0734375
1 0.49453125 0.88984375 0.065625 0.0765625
1 0.59453125 0.9484375 0.0671875 0.071875
1 0.6984375 0.8765625 0.0953125 0.090625
1 0.71796875 0.7578125 0.0640625 0.0671875
1 0.81484375 0.8234375 0.08125 0.08125
1 0.94453125 0.8796875 0.06875 0.0703125
1 0.83046875 0.94609375 0.090625 0.103125