1 0.2640625 0.04453125 0.11171875 0.0890625
1 0.53046875 0.034375 0.07265625 0.06875
1 0.40234375 0.10703125 0.1 0.09140625
1 0.8078125 0.0296875 0.0765625 0.059375
1 0.93203125 0.10390625 0.096875 0.08203125
1 0.66796875 0.10859375 0.0890625 0.08203125
1 0.81875 0.18515625 0.0796875 0.07265625
1 0.934375 0.265625 0.08359375 0.0671875
1 0.6578125 0.253125 0.10625 0.1078125
1 0.3984375 0.259375 0.08203125 0.08515625
1 0.5328125 0.3421875 0.06875 0.06484375
1 0.2484375 0.1875 0.08203125 0.0796875
1 0.01953125 0.1859375 0.0390625 0.0890625
1 0.12109375 0.2765625 0.0984375 0.0890625
1 0.01640625 0.34609375 0.0328125 0.0890625
1 0.26875 0.35390625 0.06171875 0.0671875
1 0.12109375 0.43203125 0.0875 0.09140625
1 0.265625 0.49921875 0.08359375 0.07421875
1 0.39609375 0.41484375 0.0984375 0.10234375
1 0.5234375 0.51328125 0.0875 0.0796875
1 0.6734375 0.42109375 0.0890625 0.09453125
1 0.8 0.3375 0.0796875 0.078125
1 0.9328125 0.41484375 0.08203125 0.08359375
1 0.80234375 0.4921875 0.08203125 0.0765625
1 0.68125 0.5796875 0.0875 0.096875
1 0.528125 0.66015625 0.096875 0.08203125
1 0.015625 0.50390625 0.03125 0.0890625
1 0.12734375 0.578125 0.078125 0.08515625
1 0.025 0.6671875 0.05 0.096875
1 0.26328125 0.6671875 0.08359375 0.0875
1 0.41015625 0.73828125 0.12109375 0.0984375
1 0.12734375 0.753125 0.06328125 0.0703125
1 0.015625 0.82734375 0.03125 0.096875
1 0.02109375 0.97578125 0.0421875 0.0484375
1 0.13359375 0.91640625 0.0875 0.0703125
1 0.26640625 0.81015625 0.09296875 0.09453125
1 0.27265625 0.96796875 0.0796875 0.0640625
1 0.40234375 0.89140625 0.0890625 0.0984375
1 0.52890625 0.8125 0.0984375 0.10234375
1 0.54921875 0.95859375 0.0828125 0.0828125
1 0.6796875 0.90078125 0.0890625 0.115625
1 0.67265625 0.74453125 0.0984375 0.1
1 0.8046875 0.66171875 0.06875 0.06171875
1 0.9421875 0.7296875 0.09296875 0.08515625
1 0.815625 0.7953125 0.11328125 0.109375