1 0.1015625 0.0375 0.0546875 0.05
1 0.0953125 0.16796875 0.0671875 0.0625
1 0.2078125 0.07421875 0.0640625 0.053125
1 0.32109375 0.03125 0.0734375 0.0625
1 0.321875 0.16015625 0.075 0.0796875
1 0.21875 0.2375 0.059375 0.059375
1 0.44296875 0.09296875 0.0640625 0.0640625
1 0.5640625 0.0296875 0.05625 0.0546875
1 0.56015625 0.159375 0.0734375 0.06875
1 0.44375 0.2296875 0.0609375 0.0546875
1 0.3125 0.29140625 0.0640625 0.065625
1 0.68515625 0.0859375 0.065625 0.0625
1 0.796875 0.02890625 0.0671875 0.0578125
1 0.9140625 0.11484375 0.078125 0.065625
1 0.79296875 0.16171875 0.0640625 0.065625
1 0.909375 0.23125 0.0671875 0.0625
1 0.67734375 0.23515625 0.065625 0.059375
1 0.5546875 0.2828125 0.0625 0.0625
1 0.4390625 0.334375 0.06875 0.06875
1 0.209375 0.35390625 0.0609375 0.0671875
1 0.32109375 0.41640625 0.078125 0.0796875
1 0.6734375 0.3421875 0.059375 0.0546875
1 0.7734375 0.27890625 0.05625 0.059375
1 0.8875 0.33828125 0.065625 0.0703125
1 0.7734375 0.41171875 0.065625 0.0546875
1 0.88984375 0.46875 0.0734375 0.078125
1 0.5515625 0.41171875 0.0609375 0.0703125
1 0.66640625 0.4703125 0.071875 0.071875
1 0.7703125 0.546875 0.0671875 0.0703125
1 0.8890625 0.6015625 0.0796875 0.0890625
1 0.44140625 0.47890625 0.0734375 0.0765625
1 0.55234375 0.54453125 0.071875 0.071875
1 0.66875 0.60234375 0.06875 0.06875
1 0.215625 0.48046875 0.075 0.059375
1 0.2203125 0.603125 0.065625 0.065625
1 0.1078125 0.55078125 0.0609375 0.0703125
1 0.1078125 0.7578125 0.0640625 0.06875
1 0.21171875 0.71796875 0.0515625 0.05
1 0.3140625 0.765625 0.0625 0.059375
1 0.225 0.84609375 0.0828125 0.0734375
1 0.1140625 0.92421875 0.0796875 0.075
1 0.33046875 0.925 0.06875 0.065625
1 0.44765625 0.73671875 0.0609375 0.053125
1 0.55234375 0.78125 0.0671875 0.0765625
1 0.6859375 0.73203125 0.0703125 0.0671875
1 0.90703125 0.73125 0.078125 0.0703125
1 0.78828125 0.78203125 0.0625 0.0703125
1 0.90625 0.85625 0.0796875 0.071875
1 0.9171875 0.9765625 0.0609375 0.046875
1 0.790625 0.91875 0.059375 0.0671875
1 0.678125 0.8515625 0.0640625 0.0640625
1 0.56015625 0.91640625 0.0640625 0.075
1 0.68203125 0.9703125 0.0671875 0.059375
1 0.4484375 0.98359375 0.059375 0.0328125