1 0.15546875 0.1484375 0.090625 0.1
1 0.384375 0.03359375 0.0609375 0.0671875
1 0.27265625 0.19375 0.084375 0.0859375
1 0.37421875 0.14453125 0.059375 0.05625
1 0.940625 0.0984375 0.084375 0.078125
1 0.734375 0.10390625 0.0609375 0.059375
1 0.61328125 0.13984375 0.0625 0.065625
1 0.5203125 0.1921875 0.05625 0.0640625
1 0.3859375 0.26796875 0.0625 0.0671875
1 0.05546875 0.3453125 0.0703125 0.0703125
1 0.28046875 0.34140625 0.0703125 0.071875
1 0.7328125 0.20703125 0.0484375 0.0546875
1 0.94453125 0.2078125 0.0703125 0.0703125
1 0.84375 0.27109375 0.065625 0.059375
1 0.94296875 0.3203125 0.075 0.065625
1 0.62578125 0.25703125 0.08125 0.065625
1 0.49921875 0.3171875 0.075 0.0703125
1 0.73203125 0.32265625 0.0765625 0.0640625
1 0.840625 0.38046875 0.0625 0.0671875
1 0.6234375 0.38203125 0.0578125 0.0578125
1 0.73828125 0.45234375 0.065625 0.065625
1 0.96171875 0.45546875 0.065625 0.0640625
1 0.840625 0.51328125 0.065625 0.0609375
1 0.1640625 0.39375 0.075 0.065625
1 0.384375 0.39453125 0.0765625 0.084375
1 0.059375 0.46015625 0.078125 0.071875
1 0.27578125 0.459375 0.078125 0.0703125
1 0.16171875 0.5234375 0.0671875 0.075
1 0.50078125 0.446875 0.0625 0.0703125
1 0.38828125 0.521875 0.075 0.08125
1 0.62890625 0.51796875 0.065625 0.071875
1 0.9515625 0.5828125 0.0765625 0.08125
1 0.73828125 0.5859375 0.0890625 0.0921875
1 0.83984375 0.64296875 0.075 0.0765625
1 0.95234375 0.72578125 0.071875 0.0890625
1 0.50703125 0.58984375 0.0703125 0.071875
1 0.634375 0.65625 0.0671875 0.0671875
1 0.278125 0.59140625 0.0625 0.0625
1 0.06796875 0.596875 0.0671875 0.0734375
1 0.17265625 0.6625 0.071875 0.071875
1 0.06875 0.73359375 0.08125 0.08125
1 0.28515625 0.72734375 0.0734375 0.0734375
1 0.39375 0.659375 0.0734375 0.0671875
1 0.50546875 0.71953125 0.06875 0.0703125
1 0.73359375 0.7125 0.0671875 0.0671875
1 0.85234375 0.784375 0.0609375 0.0578125
1 0.94921875 0.84765625 0.06875 0.065625
1 0.63046875 0.78671875 0.0765625 0.0828125
1 0.39765625 0.79140625 0.0640625 0.071875
1 0.175 0.80078125 0.078125 0.0671875
1 0.06640625 0.871875 0.06875 0.0734375
1 0.2859375 0.86171875 0.08125 0.0703125
1 0.40078125 0.925 0.0640625 0.059375
1 0.509375 0.85234375 0.0671875 0.075
1 0.7578125 0.8625 0.075 0.078125
1 0.85546875 0.91015625 0.0734375 0.071875
1 0.95859375 0.97578125 0.0546875 0.0484375
1 0.61171875 0.92578125 0.0671875 0.0625
1 0.51875 0.97890625 0.053125 0.0421875
1 0.28828125 0.98515625 0.053125 0.0296875
1 0.7359375 0.98125 0.0609375 0.0375
1 0.61796875 0.01640625 0.0625 0.0328125