1 0.93125 0.03203125 0.075 0.0640625
1 0.8140625 0.0984375 0.0765625 0.0734375
1 0.93828125 0.171875 0.071875 0.06796875
1 0.69609375 0.02890625 0.0703125 0.0578125
1 0.6828125 0.16953125 0.075 0.0703125
1 0.8109375 0.2484375 0.08359375 0.0765625
1 0.5578125 0.0859375 0.0875 0.071875
1 0.43828125 0.02265625 0.08203125 0.0453125
1 0.43671875 0.1671875 0.0875 0.07890625
1 0.28828125 0.078125 0.08046875 0.071875
1 0.16171875 0.0234375 0.0890625 0.046875
1 0.04140625 0.08671875 0.07890625 0.0765625
1 0.16171875 0.159375 0.08203125 0.0890625
1 0.03828125 0.24453125 0.0765625 0.08359375
1 0.93515625 0.3171875 0.0859375 0.07890625
1 0.6859375 0.32109375 0.071875 0.07890625
1 0.56015625 0.253125 0.07890625 0.075
1 0.27734375 0.2078125 0.06640625 0.0734375
1 0.16484375 0.30078125 0.08203125 0.08359375
1 0.42890625 0.3109375 0.071875 0.075
1 0.29296875 0.38046875 0.0609375 0.06640625
1 0.0359375 0.38828125 0.071875 0.0765625
1 0.8109375 0.39453125 0.0765625 0.06328125
1 0.940625 0.47109375 0.08359375 0.075
1 0.55078125 0.3890625 0.0765625 0.0703125
1 0.425 0.47109375 0.06640625 0.0734375
1 0.15859375 0.46015625 0.0703125 0.0703125
1 0.03359375 0.521875 0.06640625 0.0703125
1 0.27890625 0.5265625 0.0734375 0.06328125
1 0.5484375 0.5390625 0.0703125 0.06328125
1 0.80703125 0.53984375 0.0734375 0.06796875
1 0.92890625 0.6203125 0.0765625 0.0765625
1 0.67890625 0.59375 0.0859375 0.08203125
1 0.80390625 0.68203125 0.0859375 0.07890625
1 0.553125 0.6703125 0.0890625 0.09296875
1 0.4125 0.6046875 0.0765625 0.08359375
1 0.1640625 0.60390625 0.08359375 0.0859375
1 0.04296875 0.6453125 0.071875 0.075
1 0.92734375 0.76015625 0.08359375 0.08359375
1 0.6796875 0.74296875 0.07890625 0.0859375
1 0.80234375 0.82578125 0.0859375 0.08203125
1 0.9265625 0.91328125 0.07890625 0.0875
1 0.41796875 0.73515625 0.07890625 0.09296875
1 0.28828125 0.66875 0.08359375 0.09296875
1 0.16015625 0.75859375 0.07890625 0.08359375
1 0.03359375 0.7796875 0.06640625 0.08359375
1 0.55625 0.8265625 0.07890625 0.090625
1 0.66875 0.9125 0.07890625 0.08046875
1 0.79921875 0.96640625 0.08359375 0.06640625
1 0.5484375 0.9625 0.075 0.075
1 0.41640625 0.88671875 0.07890625 0.09765625
1 0.275 0.946875 0.08046875 0.0859375
1 0.14453125 0.89921875 0.0859375 0.0859375
1 0.03828125 0.96015625 0.0765625 0.0796875