1 0.86015625 0.984375 0.08125 0.03046875
1 0.60625 0.98125 0.0875 0.0375
1 0.34453125 0.9890625 0.08671875 0.021875
1 0.9734375 0.9296875 0.05234375 0.090625
1 0.73125 0.92890625 0.0828125 0.0828125
1 0.8703125 0.8609375 0.06875 0.08125
1 0.60703125 0.859375 0.071875 0.06484375
1 0.46875 0.94296875 0.06484375 0.06875
1 0.21484375 0.94609375 0.07421875 0.07421875
1 0.0828125 0.8734375 0.06875 0.071875
1 0.33515625 0.8640625 0.071875 0.07734375
1 0.21015625 0.78671875 0.090625 0.0828125
1 0.07109375 0.7203125 0.06875 0.0796875
1 0.475 0.78359375 0.071875 0.0796875
1 0.33203125 0.70703125 0.07734375 0.071875
1 0.9703125 0.78125 0.059375 0.090625
1 0.7328125 0.78046875 0.08125 0.08515625
1 0.97265625 0.6234375 0.05390625 0.07421875
1 0.2046875 0.6390625 0.08125 0.090625
1 0.07421875 0.56171875 0.07734375 0.08515625
1 0.5953125 0.70234375 0.07734375 0.08125
1 0.465625 0.6359375 0.07734375 0.08125
1 0.7359375 0.628125 0.08828125 0.08828125
1 0.8609375 0.56328125 0.08671875 0.08125
1 0.33828125 0.559375 0.06875 0.07421875
1 0.6046875 0.5515625 0.07734375 0.08671875
1 0.971875 0.47265625 0.05625 0.0796875
1 0.859375 0.40859375 0.08671875 0.07578125
1 0.73125 0.48046875 0.0828125 0.08125
1 0.4734375 0.4859375 0.06875 0.071875
1 0.97734375 0.32890625 0.0453125 0.0828125
1 0.8625 0.25546875 0.06875 0.071875
1 0.60234375 0.41640625 0.06875 0.06640625
1 0.21015625 0.4859375 0.08125 0.071875
1 0.3375 0.403125 0.07578125 0.07734375
1 0.0640625 0.41953125 0.06875 0.06875
1 0.2 0.34140625 0.071875 0.071875
1 0.0703125 0.2671875 0.07734375 0.09921875
1 0.07109375 0.1140625 0.07578125 0.07734375
1 0.465625 0.3421875 0.0703125 0.0796875
1 0.728125 0.32890625 0.0703125 0.0828125
1 0.5875 0.25703125 0.071875 0.08125
1 0.3375 0.26015625 0.103125 0.10625
1 0.1984375 0.18125 0.08515625 0.090625
1 0.96875 0.171875 0.0625 0.0875
1 0.72265625 0.175 0.07578125 0.07578125
1 0.85546875 0.0953125 0.09375 0.08125
1 0.72265625 0.02890625 0.0703125 0.0578125
1 0.59453125 0.109375 0.0796875 0.07421875
1 0.47265625 0.178125 0.05390625 0.059375
1 0.2 0.03046875 0.059375 0.059375
1 0.3359375 0.0953125 0.06484375 0.071875
1 0.46484375 0.02734375 0.059375 0.05390625