1 0.13984375 0.0296875 0.0703125 0.059375
1 0.2765625 0.0921875 0.0625 0.053125
1 0.14140625 0.15546875 0.0625 0.05625
1 0.37109375 0.0203125 0.0515625 0.040625
1 0.3703125 0.1546875 0.0546875 0.059375
1 0.49296875 0.08359375 0.0625 0.065625
1 0.59140625 0.0171875 0.0578125 0.034375
1 0.728125 0.06953125 0.0546875 0.0546875
1 0.59921875 0.15 0.0640625 0.0671875
1 0.82109375 0.01875 0.0484375 0.0375
1 0.940625 0.08046875 0.0609375 0.0578125
1 0.821875 0.1515625 0.0671875 0.06875
1 0.93984375 0.20859375 0.0546875 0.0546875
1 0.73125 0.20390625 0.0625 0.0578125
1 0.82421875 0.28046875 0.0671875 0.065625
1 0.9546875 0.34140625 0.0609375 0.065625
1 0.48828125 0.215625 0.065625 0.0640625
1 0.26953125 0.22109375 0.0625 0.0625
1 0.046875 0.2359375 0.065625 0.0671875
1 0.1328125 0.2953125 0.0703125 0.0625
1 0.0390625 0.35546875 0.0625 0.0671875
1 0.6 0.284375 0.06875 0.0671875
1 0.73828125 0.3484375 0.06875 0.0765625
1 0.83984375 0.4203125 0.05625 0.0609375
1 0.95859375 0.47734375 0.0734375 0.071875
1 0.5 0.34609375 0.0609375 0.0625
1 0.26953125 0.346875 0.05625 0.05625
1 0.390625 0.4125 0.065625 0.065625
1 0.153125 0.43125 0.0609375 0.059375
1 0.04609375 0.5 0.0703125 0.0703125
1 0.28125 0.4953125 0.075 0.0828125
1 0.16015625 0.56796875 0.0671875 0.071875
1 0.7328125 0.46953125 0.0671875 0.071875
1 0.49765625 0.48671875 0.059375 0.065625
1 0.39765625 0.55859375 0.0640625 0.0625
1 0.275 0.625 0.075 0.0703125
1 0.04609375 0.634375 0.0609375 0.0671875
1 0.16171875 0.7046875 0.0609375 0.0640625
1 0.61875 0.56015625 0.0671875 0.0625
1 0.8453125 0.54140625 0.0578125 0.05625
1 0.96328125 0.609375 0.0703125 0.065625
1 0.734375 0.60859375 0.0765625 0.0671875
1 0.846875 0.68359375 0.0703125 0.06875
1 0.50546875 0.621875 0.071875 0.0609375
1 0.61953125 0.67734375 0.0703125 0.065625
1 0.3890625 0.69140625 0.06875 0.0734375
1 0.51171875 0.7453125 0.0703125 0.065625
1 0.96796875 0.7390625 0.0640625 0.06875
1 0.84375 0.80859375 0.0609375 0.0671875
1 0.96640625 0.87578125 0.065625 0.0625
1 0.05390625 0.77265625 0.0671875 0.06875
1 0.16171875 0.82890625 0.0515625 0.0578125
1 0.06015625 0.896875 0.0671875 0.0625
1 0.1671875 0.96171875 0.075 0.0734375
1 0.26171875 0.88984375 0.071875 0.0640625
1 0.3875 0.95390625 0.065625 0.065625
1 0.5078125 0.8828125 0.0625 0.0609375
1 0.61953125 0.8234375 0.065625 0.0578125
1 0.7390625 0.8859375 0.0625 0.059375
1 0.85234375 0.9375 0.0609375 0.0671875