1 0.04296875 0.9328125 0.075 0.06796875
1 0.17578125 0.88515625 0.08359375 0.075
1 0.03984375 0.80234375 0.0796875 0.0796875
1 0.3 0.94375 0.07890625 0.0765625
1 0.434375 0.87734375 0.0890625 0.0859375
1 0.55 0.94296875 0.09609375 0.08046875
1 0.81015625 0.9515625 0.08359375 0.08046875
1 0.9359375 0.89765625 0.0875 0.08359375
1 0.6859375 0.890625 0.0578125 0.059375
1 0.8 0.809375 0.08203125 0.0765625
1 0.9328125 0.7375 0.090625 0.0875
1 0.29453125 0.8078125 0.103125 0.09296875
1 0.16796875 0.7375 0.1 0.1015625
1 0.04609375 0.65859375 0.07890625 0.0875
1 0.3015625 0.6515625 0.06796875 0.08203125
1 0.425 0.7328125 0.0875 0.071875
1 0.55234375 0.8078125 0.06484375 0.0734375
1 0.66953125 0.7375 0.07890625 0.075
1 0.803125 0.67421875 0.0875 0.090625
1 0.9234375 0.6015625 0.0875 0.08046875
1 0.56015625 0.67734375 0.0703125 0.0703125
1 0.68203125 0.59609375 0.07890625 0.0734375
1 0.434375 0.5875 0.08203125 0.0734375
1 0.17734375 0.5796875 0.0875 0.08203125
1 0.05078125 0.51484375 0.0765625 0.0703125
1 0.3015625 0.5140625 0.075 0.071875
1 0.5515625 0.52265625 0.0859375 0.08046875
1 0.796875 0.5234375 0.1 0.0875
1 0.92578125 0.4546875 0.09296875 0.0875
1 0.6765625 0.45 0.08203125 0.06640625
1 0.7953125 0.36953125 0.09609375 0.08359375
1 0.0484375 0.3671875 0.0890625 0.0765625
1 0.17734375 0.43671875 0.08359375 0.08203125
1 0.30234375 0.365625 0.0765625 0.0734375
1 0.18671875 0.28203125 0.09296875 0.08359375
1 0.4265625 0.44375 0.06328125 0.06484375
1 0.55625 0.36796875 0.0703125 0.075
1 0.421875 0.29609375 0.08203125 0.08203125
1 0.67109375 0.2921875 0.08359375 0.0734375
1 0.92890625 0.3046875 0.09453125 0.07890625
1 0.05234375 0.059375 0.07890625 0.07890625
1 0.17578125 0.13515625 0.08359375 0.0859375
1 0.315625 0.2109375 0.08203125 0.07890625
1 0.43671875 0.14609375 0.0875 0.07890625
1 0.5578125 0.23203125 0.07890625 0.0765625
1 0.80625 0.22109375 0.0875 0.090625
1 0.9390625 0.14765625 0.0859375 0.090625
1 0.65703125 0.12421875 0.08359375 0.075
1 0.8046875 0.071875 0.07890625 0.08046875
1 0.9421875 0.01953125 0.08046875 0.03828125
1 0.17890625 0.01875 0.0859375 0.0375
1 0.30703125 0.06484375 0.075 0.06796875
1 0.434375 0.01875 0.09375 0.0375
1 0.5703125 0.0703125 0.075 0.071875
1 0.671875 0.01953125 0.0890625 0.03828125