1 0.95703125 0.0265625 0.08203125 0.05234375
1 0.96171875 0.17265625 0.07109375 0.078125
1 0.815625 0.09375 0.09453125 0.08515625
1 0.68203125 0.02734375 0.07265625 0.0546875
1 0.40703125 0.02421875 0.0765625 0.0484375
1 0.54453125 0.1015625 0.08359375 0.08203125
1 0.67890625 0.18125 0.06328125 0.065625
1 0.81875 0.2390625 0.06015625 0.05234375
1 0.1515625 0.015625 0.06328125 0.03125
1 0.0265625 0.08515625 0.05234375 0.06171875
1 0.28984375 0.08359375 0.06875 0.065625
1 0.1546875 0.16796875 0.0671875 0.06171875
1 0.4 0.165625 0.0671875 0.06328125
1 0.02734375 0.234375 0.0546875 0.06875
1 0.14921875 0.30625 0.07265625 0.065625
1 0.02578125 0.37734375 0.05078125 0.06015625
1 0.54609375 0.25546875 0.08203125 0.07265625
1 0.9609375 0.30234375 0.078125 0.078125
1 0.6921875 0.3125 0.07265625 0.06015625
1 0.40703125 0.31484375 0.0671875 0.06875
1 0.27734375 0.37890625 0.0765625 0.0765625
1 0.8125 0.3875 0.07265625 0.07421875
1 0.95 0.4703125 0.08515625 0.0765625
1 0.55234375 0.39296875 0.08515625 0.08203125
1 0.68515625 0.4671875 0.078125 0.0796875
1 0.8203125 0.540625 0.0875 0.08203125
1 0.409375 0.4625 0.08515625 0.08515625
1 0.28203125 0.5234375 0.07109375 0.0765625
1 0.1453125 0.45078125 0.07421875 0.07265625
1 0.028125 0.5234375 0.05625 0.08359375
1 0.921875 0.7609375 0.06171875 0.06328125
1 0.784375 0.68828125 0.07109375 0.06875
1 0.50625 0.6828125 0.06875 0.06328125
1 0.66640625 0.7546875 0.08203125 0.07265625
1 0.234375 0.7046875 0.08359375 0.0875
1 0.3890625 0.73984375 0.0765625 0.07421875
1 0.1078125 0.7484375 0.06875 0.06875
1 0.00859375 0.8171875 0.0171875 0.078125
1 0.10703125 0.89296875 0.065625 0.06875
1 0.25625 0.9796875 0.0546875 0.03984375
1 0.221875 0.809375 0.0765625 0.07421875
1 0.38515625 0.87578125 0.0765625 0.08203125
1 0.5 0.83828125 0.08359375 0.08515625
1 0.65625 0.90390625 0.07265625 0.0765625
1 0.7734375 0.84296875 0.0796875 0.07265625
1 0.91640625 0.909375 0.07265625 0.07421875
1 0.7734375 0.9640625 0.078125 0.071875