1 0.89453125 0.95 0.06875 0.06875
1 0.63125 0.9625 0.06171875 0.0671875
1 0.76171875 0.86796875 0.05625 0.0546875
1 0.8984375 0.79375 0.07265625 0.07265625
1 0.49453125 0.884375 0.0796875 0.06875
1 0.62421875 0.8 0.06328125 0.07421875
1 0.08359375 0.9671875 0.07265625 0.065625
1 0.36015625 0.959375 0.06875 0.06015625
1 0.22265625 0.88125 0.06875 0.07265625
1 0.0734375 0.815625 0.06328125 0.06015625
1 0.3625 0.80703125 0.05078125 0.06015625
1 0.4890625 0.72890625 0.0765625 0.07265625
1 0.75625 0.71875 0.07265625 0.06875
1 0.8984375 0.6375 0.07265625 0.07265625
1 0.759375 0.55390625 0.0578125 0.06328125
1 0.62109375 0.6390625 0.06015625 0.05625
1 0.89296875 0.47265625 0.05625 0.06015625
1 0.4890625 0.5671875 0.07109375 0.078125
1 0.35546875 0.65078125 0.06015625 0.05234375
1 0.23359375 0.72109375 0.04921875 0.04765625
1 0.0734375 0.65234375 0.06875 0.07421875
1 0.89453125 0.32265625 0.06171875 0.05625
1 0.75390625 0.4015625 0.06015625 0.06328125
1 0.74921875 0.25625 0.06328125 0.0578125
1 0.8875 0.1703125 0.0546875 0.0578125
1 0.759375 0.09765625 0.06328125 0.065625
1 0.87734375 0.0171875 0.07109375 0.034375
1 0.6203125 0.484375 0.0578125 0.06328125
1 0.34921875 0.4875 0.0546875 0.06015625
1 0.0625 0.48984375 0.06328125 0.065625
1 0.2078125 0.41484375 0.05625 0.06015625
1 0.484375 0.41015625 0.07421875 0.08203125
1 0.6125 0.32578125 0.065625 0.065625
1 0.6125 0.16640625 0.0765625 0.065625
1 0.60390625 0.02421875 0.0765625 0.0484375
1 0.478125 0.090625 0.0875 0.0671875
1 0.3453125 0.03125 0.07265625 0.06171875
1 0.48515625 0.2578125 0.0765625 0.07265625
1 0.3484375 0.3328125 0.07109375 0.0671875
1 0.34296875 0.18203125 0.06328125 0.05625
1 0.20546875 0.1015625 0.06015625 0.0671875
1 0.20625 0.24921875 0.0671875 0.06875
1 0.05546875 0.19453125 0.06328125 0.06328125
1 0.05703125 0.02890625 0.07109375 0.0578125
1 0.0625 0.33671875 0.07265625 0.06171875