1 0.084375 0.0328125 0.06015625 0.0546875
1 0.0875 0.17421875 0.06328125 0.06328125
1 0.2171875 0.09921875 0.06796875 0.0734375
1 0.3359375 0.0265625 0.06171875 0.053125
1 0.4609375 0.103125 0.06015625 0.06015625
1 0.33359375 0.17109375 0.06171875 0.05703125
1 0.5859375 0.028125 0.071875 0.05625
1 0.5796875 0.1734375 0.06328125 0.0546875
1 0.46796875 0.23984375 0.06640625 0.06171875
1 0.72109375 0.09453125 0.06796875 0.06484375
1 0.82421875 0.0265625 0.0453125 0.05
1 0.94765625 0.09296875 0.06171875 0.06796875
1 0.828125 0.17109375 0.06015625 0.053125
1 0.0921875 0.3203125 0.06328125 0.05859375
1 0.2109375 0.2515625 0.06171875 0.06484375
1 0.3421875 0.3140625 0.06328125 0.071875
1 0.58203125 0.30703125 0.0734375 0.075
1 0.7109375 0.2375 0.078125 0.0765625
1 0.93671875 0.234375 0.06328125 0.05859375
1 0.8328125 0.3015625 0.06328125 0.0515625
1 0.94453125 0.37265625 0.06484375 0.05703125
1 0.21328125 0.38515625 0.0546875 0.0515625
1 0.4703125 0.38203125 0.05859375 0.0546875
1 0.7140625 0.375 0.06640625 0.06015625
1 0.828125 0.44296875 0.06328125 0.0546875
1 0.94140625 0.5140625 0.06171875 0.06015625
1 0.09140625 0.46171875 0.06171875 0.06015625
1 0.2203125 0.53203125 0.05859375 0.06171875
1 0.340625 0.465625 0.05859375 0.05859375
1 0.5875 0.4625 0.06484375 0.06796875
1 0.7171875 0.5265625 0.06171875 0.0703125
1 0.8328125 0.6 0.053125 0.0546875
1 0.46328125 0.5375 0.05859375 0.06328125
1 0.34296875 0.603125 0.06328125 0.06328125
1 0.08828125 0.60546875 0.06640625 0.06484375
1 0.0953125 0.74609375 0.06796875 0.06328125
1 0.21953125 0.6734375 0.0703125 0.06328125
1 0.0984375 0.8859375 0.071875 0.06796875
1 0.2203125 0.8125 0.071875 0.06328125
1 0.2265625 0.959375 0.06171875 0.06015625
1 0.4703125 0.675 0.06484375 0.05859375
1 0.58984375 0.60859375 0.071875 0.06171875
1 0.715625 0.65859375 0.06484375 0.06640625
1 0.33984375 0.7515625 0.05 0.05859375
1 0.34765625 0.8890625 0.05703125 0.05859375
1 0.46953125 0.815625 0.06640625 0.05859375
1 0.94609375 0.66171875 0.06015625 0.0546875
1 0.8375 0.73984375 0.05859375 0.0484375
1 0.95703125 0.79453125 0.06328125 0.0546875
1 0.5859375 0.74296875 0.071875 0.06328125
1 0.721875 0.80234375 0.06171875 0.06328125
1 0.5921875 0.88828125 0.06328125 0.06015625
1 0.47265625 0.9515625 0.06328125 0.0546875
1 0.72421875 0.9578125 0.06015625 0.06484375
1 0.846875 0.88359375 0.0515625 0.053125
1 0.95234375 0.93828125 0.06171875 0.06171875