1 0.0171875 0.02578125 0.034375 0.0515625
1 0.128125 0.08359375 0.0765625 0.0703125
1 0.01953125 0.16953125 0.03828125 0.06640625
1 0.265625 0.02265625 0.0734375 0.0453125
1 0.26796875 0.16640625 0.07890625 0.071875
1 0.40234375 0.0796875 0.08203125 0.08046875
1 0.5234375 0.02265625 0.075 0.0453125
1 0.64296875 0.078125 0.075 0.075
1 0.5265625 0.14921875 0.07890625 0.06640625
1 0.77265625 0.02109375 0.0703125 0.0421875
1 0.903125 0.0796875 0.06640625 0.06484375
1 0.7734375 0.15546875 0.0734375 0.06484375
1 0.896875 0.228125 0.08203125 0.0703125
1 0.13828125 0.24140625 0.08046875 0.0703125
1 0.0234375 0.31796875 0.046875 0.0703125
1 0.1328125 0.38984375 0.075 0.06640625
1 0.2734375 0.30859375 0.08046875 0.071875
1 0.3984375 0.22890625 0.071875 0.059375
1 0.6390625 0.2296875 0.0703125 0.0703125
1 0.53359375 0.30390625 0.0875 0.0703125
1 0.77109375 0.3015625 0.06640625 0.0703125
1 0.9125 0.3875 0.075 0.08359375
1 0.78359375 0.45625 0.07890625 0.0703125
1 0.64921875 0.38359375 0.0765625 0.0765625
1 0.40703125 0.37421875 0.08359375 0.0703125
1 0.53125 0.45546875 0.08046875 0.08046875
1 0.2765625 0.46796875 0.090625 0.071875
1 0.02734375 0.465625 0.05390625 0.06796875
1 0.14765625 0.54296875 0.071875 0.0609375
1 0.02890625 0.61328125 0.0578125 0.0703125
1 0.28203125 0.60703125 0.07890625 0.071875
1 0.41796875 0.528125 0.08359375 0.075
1 0.534375 0.5984375 0.0859375 0.0703125
1 0.64609375 0.53359375 0.08203125 0.0703125
1 0.90390625 0.53359375 0.0734375 0.08046875
1 0.775 0.603125 0.0765625 0.0609375
1 0.90859375 0.68671875 0.06328125 0.06640625
1 0.64453125 0.678125 0.0734375 0.06328125
1 0.7796875 0.75234375 0.06484375 0.071875
1 0.409375 0.68359375 0.0734375 0.06640625
1 0.53671875 0.75546875 0.08203125 0.0703125
1 0.140625 0.6859375 0.08046875 0.0734375
1 0.0234375 0.76796875 0.046875 0.07890625
1 0.14609375 0.83984375 0.0703125 0.075
1 0.28984375 0.76640625 0.0703125 0.06640625
1 0.02890625 0.91875 0.0578125 0.06484375
1 0.14140625 0.97890625 0.0765625 0.0421875
1 0.29453125 0.92421875 0.08359375 0.06640625
1 0.42109375 0.975 0.0828125 0.05
1 0.4203125 0.83359375 0.06484375 0.06796875
1 0.54140625 0.909375 0.06640625 0.06484375
1 0.646875 0.82890625 0.06484375 0.05234375
1 0.6359375 0.975 0.0625 0.05
1 0.78046875 0.90703125 0.0734375 0.059375
1 0.91171875 0.83359375 0.0734375 0.059375
1 0.9109375 0.9734375 0.0734375 0.05234375