1 0.725 0.0703125 0.08515625 0.0796875
1 0.8546875 0.14296875 0.0765625 0.075
1 0.971875 0.22578125 0.05546875 0.07265625
1 0.9765625 0.07265625 0.046875 0.06953125
1 0.4703125 0.0609375 0.07265625 0.06953125
1 0.715625 0.21328125 0.06796875 0.065625
1 0.5953125 0.14765625 0.059375 0.05703125
1 0.34296875 0.15078125 0.0796875 0.08359375
1 0.2046875 0.0578125 0.0796875 0.08359375
1 0.1015625 0.1296875 0.0796875 0.075
1 0.0109375 0.21796875 0.021875 0.0796875
1 0.46796875 0.21640625 0.0640625 0.0625
1 0.203125 0.21953125 0.06953125 0.0640625
1 0.090625 0.28125 0.0640625 0.0640625
1 0.3421875 0.29140625 0.07265625 0.0765625
1 0.22734375 0.3515625 0.0609375 0.05703125
1 0.090625 0.41953125 0.0796875 0.075
1 0.596875 0.28046875 0.06953125 0.0640625
1 0.84921875 0.28671875 0.075 0.065625
1 0.96953125 0.3546875 0.0609375 0.078125
1 0.85234375 0.42265625 0.075 0.075
1 0.72578125 0.35390625 0.07109375 0.06953125
1 0.4765625 0.35 0.07109375 0.0609375
1 0.603125 0.43046875 0.078125 0.07265625
1 0.35625 0.42421875 0.078125 0.08359375
1 0.22109375 0.490625 0.0796875 0.08828125
1 0.08515625 0.5578125 0.08671875 0.0765625
1 0.97109375 0.496875 0.05703125 0.0796875
1 0.7265625 0.50078125 0.078125 0.07109375
1 0.85 0.57734375 0.07265625 0.075
1 0.475 0.490625 0.0625 0.0765625
1 0.35625 0.56796875 0.06953125 0.07109375
1 0.22578125 0.6328125 0.075 0.08125
1 0.60078125 0.565625 0.0640625 0.0640625
1 0.47421875 0.63125 0.08359375 0.078125
1 0.97421875 0.65078125 0.0515625 0.0671875
1 0.9515625 0.7796875 0.08359375 0.078125
1 0.70234375 0.78359375 0.09375 0.078125
1 0.83359375 0.84921875 0.09921875 0.090625
1 0.4578125 0.76875 0.0765625 0.08359375
1 0.20078125 0.7703125 0.08359375 0.075
1 0.0640625 0.83359375 0.06953125 0.07265625
1 0.95625 0.9234375 0.0765625 0.06953125
1 0.83359375 0.98046875 0.0671875 0.0390625
1 0.7109375 0.9109375 0.06953125 0.06953125
1 0.5859375 0.9796875 0.06796875 0.03984375
1 0.33125 0.84609375 0.065625 0.065625
1 0.4484375 0.9171875 0.07265625 0.0796875
1 0.3296875 0.9765625 0.07265625 0.046875
1 0.19375 0.91328125 0.07109375 0.075
1 0.071875 0.96484375 0.078125 0.0703125