1 0.9828125 0.9828125 0.034375 0.034375
1 0.7546875 0.98984375 0.0625 0.0203125
1 0.88984375 0.9328125 0.065625 0.0640625
1 0.52734375 0.97734375 0.07578125 0.0453125
1 0.5140625 0.85546875 0.0640625 0.07265625
1 0.38671875 0.9484375 0.0671875 0.07421875
1 0.25078125 0.98515625 0.07578125 0.0296875
1 0.01484375 0.98671875 0.0296875 0.02578125
1 0.128125 0.9421875 0.06953125 0.0671875
1 0.01484375 0.8640625 0.0296875 0.08515625
1 0.2453125 0.8734375 0.0625 0.05859375
1 0.98359375 0.83359375 0.0328125 0.06953125
1 0.76328125 0.86171875 0.0828125 0.08125
1 0.88203125 0.76953125 0.065625 0.065625
1 0.62265625 0.77109375 0.08984375 0.0828125
1 0.53515625 0.72421875 0.05703125 0.05859375
1 0.12421875 0.79921875 0.0828125 0.08984375
1 0.00703125 0.72734375 0.0140625 0.07109375
1 0.2421875 0.72109375 0.0796875 0.0828125
1 0.1234375 0.65234375 0.07421875 0.06953125
1 0.38046875 0.64609375 0.06953125 0.0625
1 0.24375 0.5828125 0.065625 0.07109375
1 0.978125 0.7 0.04296875 0.078125
1 0.8875 0.62109375 0.06953125 0.06953125
1 0.63671875 0.6296875 0.07265625 0.06953125
1 0.76328125 0.56484375 0.07578125 0.0640625
1 0.98125 0.55859375 0.0375 0.0640625
1 0.5125 0.56953125 0.08828125 0.0796875
1 0.01171875 0.575 0.0234375 0.06875
1 0.12578125 0.50625 0.0640625 0.0609375
1 0.8796875 0.490625 0.0625 0.065625
1 0.6203125 0.49921875 0.0625 0.0625
1 0.75078125 0.4140625 0.07421875 0.07421875
1 0.98125 0.41171875 0.0375 0.0734375
1 0.50625 0.421875 0.08125 0.0828125
1 0.38125 0.496875 0.07578125 0.07578125
1 0.24765625 0.43359375 0.07421875 0.07421875
1 0.0078125 0.43203125 0.015625 0.08125
1 0.12890625 0.36484375 0.05703125 0.05703125
1 0.38515625 0.3640625 0.07578125 0.06953125
1 0.62109375 0.35390625 0.06953125 0.06953125
1 0.88515625 0.353125 0.08125 0.078125
1 0.98203125 0.27734375 0.0359375 0.0703125
1 0.7625 0.2828125 0.07265625 0.06953125
1 0.5015625 0.29140625 0.065625 0.0625
1 0.0171875 0.2984375 0.034375 0.05703125
1 0.2390625 0.29921875 0.07265625 0.06953125
1 0.62109375 0.22265625 0.07109375 0.0625
1 0.38359375 0.2203125 0.078125 0.0640625
1 0.8921875 0.21171875 0.078125 0.07265625
1 0.9875 0.12109375 0.02421875 0.06953125
1 0.1109375 0.234375 0.07578125 0.06953125
1 0.01484375 0.153125 0.0296875 0.0671875
1 0.24296875 0.15078125 0.07421875 0.06953125
1 0.1109375 0.0796875 0.0796875 0.08125
1 0.00625 0.0203125 0.0125 0.040625
1 0.2328125 0.0078125 0.0640625 0.015625
1 0.36953125 0.08203125 0.0671875 0.07265625
1 0.4953125 0.13671875 0.0609375 0.0640625
1 0.621875 0.071875 0.07109375 0.07578125
1 0.49921875 0.0140625 0.0609375 0.02734375
1 0.75234375 0.1265625 0.07109375 0.07265625
1 0.88125 0.06171875 0.07109375 0.07265625
1 0.75625 0.009375 0.07265625 0.01875