1 0.02421875 0.04921875 0.0484375 0.0578125
1 0.1359375 0.11171875 0.0578125 0.0625
1 0.26015625 0.0453125 0.0640625 0.0578125
1 0.484375 0.04375 0.0640625 0.05625
1 0.371875 0.10859375 0.0515625 0.05
1 0.25859375 0.17890625 0.053125 0.0578125
1 0.4890625 0.16953125 0.059375 0.0625
1 0.59765625 0.1125 0.0578125 0.059375
1 0.7109375 0.0375 0.05 0.0484375
1 0.71484375 0.1625 0.0609375 0.0640625
1 0.8125 0.09921875 0.053125 0.0609375
1 0.93671875 0.03203125 0.0515625 0.0515625
1 0.9390625 0.1640625 0.0578125 0.0609375
1 0.0265625 0.18828125 0.053125 0.071875
1 0.14296875 0.25234375 0.0671875 0.06875
1 0.26171875 0.31484375 0.05 0.0515625
1 0.37421875 0.25703125 0.05625 0.0515625
1 0.6015625 0.23359375 0.0625 0.0609375
1 0.82265625 0.23828125 0.05 0.0484375
1 0.93984375 0.29765625 0.05625 0.0546875
1 0.72109375 0.3046875 0.0546875 0.0515625
1 0.815625 0.3703125 0.0484375 0.05
1 0.9390625 0.43671875 0.0625 0.0640625
1 0.60390625 0.371875 0.0640625 0.065625
1 0.37578125 0.36953125 0.0609375 0.0640625
1 0.028125 0.321875 0.0546875 0.0546875
1 0.13984375 0.38203125 0.065625 0.0703125
1 0.02890625 0.453125 0.0546875 0.0609375
1 0.259375 0.44609375 0.0609375 0.0625
1 0.14921875 0.521875 0.053125 0.059375
1 0.490625 0.44765625 0.0578125 0.0546875
1 0.2671875 0.58515625 0.0578125 0.0546875
1 0.37734375 0.5125 0.065625 0.06875
1 0.60078125 0.50234375 0.059375 0.0625
1 0.7125 0.434375 0.046875 0.0515625
1 0.8203125 0.5046875 0.0484375 0.053125
1 0.94375 0.56953125 0.0484375 0.0546875
1 0.72734375 0.5703125 0.0515625 0.05
1 0.8234375 0.63359375 0.0484375 0.05
1 0.94375 0.69375 0.0484375 0.0484375
1 0.48828125 0.5765625 0.0578125 0.053125
1 0.378125 0.6484375 0.0640625 0.059375
1 0.0296875 0.5890625 0.0546875 0.0515625
1 0.14609375 0.6515625 0.0609375 0.0578125
1 0.028125 0.725 0.053125 0.0546875
1 0.26953125 0.71640625 0.05625 0.0640625
1 0.15703125 0.7875 0.0515625 0.0546875
1 0.60546875 0.640625 0.05625 0.0546875
1 0.7265625 0.7015625 0.053125 0.0515625
1 0.82578125 0.7703125 0.053125 0.0515625
1 0.49296875 0.7109375 0.0546875 0.0546875
1 0.38515625 0.78125 0.06875 0.0625
1 0.27109375 0.85390625 0.0671875 0.065625
1 0.03828125 0.85546875 0.0546875 0.05625
1 0.15078125 0.925 0.059375 0.0640625
1 0.275 0.97578125 0.053125 0.0484375
1 0.3828125 0.91953125 0.0609375 0.05625
1 0.49921875 0.84375 0.0625 0.05625
1 0.49453125 0.971875 0.0671875 0.05625
1 0.61640625 0.91484375 0.0640625 0.0640625
1 0.6078125 0.78203125 0.0671875 0.059375
1 0.72421875 0.83359375 0.059375 0.0609375
1 0.7359375 0.9734375 0.0546875 0.053125
1 0.8234375 0.91015625 0.059375 0.0671875
1 0.946875 0.9703125 0.0671875 0.059375
1 0.9453125 0.83828125 0.0640625 0.0671875