1 0.29140625 0.0546875 0.071875 0.078125
1 0.52734375 0.059375 0.0765625 0.078125
1 0.41328125 0.11796875 0.0765625 0.08125
1 0.74609375 0.07109375 0.0921875 0.0640625
1 0.63515625 0.13671875 0.075 0.0703125
1 0.86484375 0.12265625 0.0796875 0.075
1 0.971875 0.190625 0.05625 0.0828125
1 0.73984375 0.19140625 0.0890625 0.0734375
1 0.8640625 0.25078125 0.075 0.0734375
1 0.52734375 0.190625 0.0828125 0.0828125
1 0.63203125 0.26171875 0.06875 0.075
1 0.18203125 0.1328125 0.0796875 0.078125
1 0.059375 0.19375 0.071875 0.078125
1 0.18671875 0.27578125 0.0921875 0.0828125
1 0.06953125 0.34140625 0.090625 0.09375
1 0.29453125 0.31796875 0.071875 0.078125
1 0.4140625 0.25625 0.078125 0.078125
1 0.5203125 0.33125 0.0796875 0.078125
1 0.73984375 0.328125 0.0765625 0.078125
1 0.86328125 0.390625 0.06875 0.075
1 0.97265625 0.31484375 0.0546875 0.06875
1 0.96875 0.45703125 0.0625 0.0859375
1 0.6375 0.3953125 0.078125 0.0765625
1 0.75078125 0.46796875 0.0859375 0.084375
1 0.8671875 0.52578125 0.0671875 0.078125
1 0.54765625 0.4359375 0.0671875 0.0703125
1 0.4203125 0.39453125 0.0921875 0.0828125
1 0.0734375 0.47890625 0.078125 0.071875
1 0.30078125 0.46171875 0.0828125 0.071875
1 0.1890625 0.53203125 0.0921875 0.0859375
1 0.64375 0.51875 0.0796875 0.0828125
1 0.0703125 0.596875 0.1 0.0875
1 0.29765625 0.59609375 0.078125 0.071875
1 0.51640625 0.59609375 0.090625 0.0953125
1 0.6375 0.6609375 0.0671875 0.0703125
1 0.7484375 0.59921875 0.0859375 0.0875
1 0.97265625 0.58203125 0.0546875 0.0671875
1 0.87265625 0.64765625 0.0625 0.0671875
1 0.9734375 0.71953125 0.053125 0.0625
1 0.75546875 0.72890625 0.0671875 0.071875
1 0.871875 0.784375 0.075 0.0734375
1 0.975 0.84921875 0.05 0.0765625
1 0.75234375 0.85390625 0.075 0.0765625
1 0.525 0.728125 0.071875 0.065625
1 0.6296875 0.7890625 0.0828125 0.075
1 0.184375 0.659375 0.0828125 0.0828125
1 0.29453125 0.71796875 0.0859375 0.0828125
1 0.18984375 0.78828125 0.078125 0.08125
1 0.06328125 0.871875 0.075 0.075
1 0.18828125 0.9296875 0.078125 0.0765625
1 0.3078125 0.86328125 0.0671875 0.0734375
1 0.425 0.7953125 0.0671875 0.0734375
1 0.41875 0.92265625 0.0671875 0.078125
1 0.528125 0.85859375 0.096875 0.0859375
1 0.53515625 0.9734375 0.065625 0.053125
1 0.64375 0.92109375 0.075 0.08125
1 0.76171875 0.97734375 0.0640625 0.0453125
1 0.18828125 0.02421875 0.0734375 0.0484375
1 0.97890625 0.97265625 0.0421875 0.0546875
1 0.07890625 0.98125 0.0640625 0.0375