1 0.9234375 0.95859375 0.06796875 0.06640625
1 0.546875 0.990625 0.07890625 0.01796875
1 0.53203125 0.87890625 0.06640625 0.07578125
1 0.40078125 0.96875 0.0703125 0.0625
1 0.13125 0.96640625 0.071875 0.06640625
1 0.01484375 0.88828125 0.0296875 0.0890625
1 0.25390625 0.89765625 0.06484375 0.0609375
1 0.79140625 0.88515625 0.08671875 0.084375
1 0.915625 0.78984375 0.06796875 0.06796875
1 0.6453125 0.790625 0.09375 0.08671875
1 0.5546875 0.7421875 0.059375 0.0609375
1 0.12734375 0.8203125 0.08671875 0.09375
1 0.00625 0.7453125 0.0125 0.0734375
1 0.25 0.7390625 0.0828125 0.08671875
1 0.1265625 0.6671875 0.07734375 0.071875
1 0.39375 0.6609375 0.071875 0.06484375
1 0.2515625 0.5953125 0.06796875 0.0734375
1 0.92109375 0.63515625 0.071875 0.071875
1 0.66015625 0.64375 0.07578125 0.071875
1 0.79140625 0.5765625 0.07890625 0.06640625
1 0.53046875 0.58125 0.09140625 0.0828125
1 0.0109375 0.58671875 0.021875 0.071875
1 0.12890625 0.515625 0.06640625 0.06328125
1 0.9125 0.49921875 0.06484375 0.06796875
1 0.64296875 0.5078125 0.06484375 0.06484375
1 0.77890625 0.4203125 0.07734375 0.07734375
1 0.52421875 0.428125 0.084375 0.08671875
1 0.39453125 0.50546875 0.07890625 0.07890625
1 0.25546875 0.43984375 0.07734375 0.07734375
1 0.00703125 0.43828125 0.0140625 0.084375
1 0.13203125 0.36875 0.059375 0.059375
1 0.3984375 0.36796875 0.07890625 0.071875
1 0.64375 0.35703125 0.071875 0.071875
1 0.91796875 0.35625 0.084375 0.08125
1 0.790625 0.28359375 0.07578125 0.071875
1 0.51953125 0.2921875 0.06796875 0.06484375
1 0.0171875 0.29921875 0.034375 0.059375
1 0.24609375 0.3 0.07578125 0.071875
1 0.64375 0.2203125 0.0734375 0.06484375
1 0.396875 0.21875 0.08125 0.06640625
1 0.925 0.209375 0.08125 0.07578125
1 0.11328125 0.2328125 0.07890625 0.071875
1 0.01484375 0.14921875 0.0296875 0.0703125
1 0.25078125 0.1453125 0.07734375 0.071875
1 0.11328125 0.071875 0.0828125 0.084375
1 0.38203125 0.075 0.0703125 0.07578125
1 0.51328125 0.13125 0.06328125 0.06640625
1 0.64453125 0.0640625 0.0734375 0.07890625
1 0.5171875 0.009375 0.06328125 0.01796875
1 0.78046875 0.1203125 0.0734375 0.07578125
1 0.91484375 0.053125 0.0734375 0.07578125