1 0.08125 0.03671875 0.09375 0.0734375
1 0.32109375 0.0375 0.08515625 0.075
1 0.5703125 0.03828125 0.08515625 0.0765625
1 0.8078125 0.02109375 0.06875 0.0421875
1 0.92890625 0.07734375 0.075 0.071875
1 0.19609375 0.08515625 0.0734375 0.075
1 0.07109375 0.1609375 0.08359375 0.09375
1 0.45 0.08984375 0.08515625 0.08046875
1 0.6984375 0.0859375 0.08046875 0.08203125
1 0.81484375 0.15625 0.08046875 0.090625
1 0.9421875 0.21953125 0.075 0.090625
1 0.1890625 0.22421875 0.075 0.09375
1 0.44140625 0.234375 0.08046875 0.0890625
1 0.6984375 0.22890625 0.075 0.078125
1 0.575 0.3 0.0953125 0.10234375
1 0.80625 0.29375 0.06796875 0.08203125
1 0.078125 0.3109375 0.06328125 0.0765625
1 0.19453125 0.36328125 0.0734375 0.071875
1 0.3203125 0.303125 0.0734375 0.08203125
1 0.0734375 0.44765625 0.0734375 0.08359375
1 0.33203125 0.44453125 0.0765625 0.08046875
1 0.44765625 0.37734375 0.0734375 0.08203125
1 0.7 0.38046875 0.0765625 0.0765625
1 0.93203125 0.36953125 0.06796875 0.059375
1 0.81875 0.434375 0.0765625 0.06796875
1 0.9375 0.50625 0.06484375 0.075
1 0.57734375 0.4453125 0.075 0.08515625
1 0.1953125 0.521875 0.08203125 0.075
1 0.0796875 0.5890625 0.06796875 0.08203125
1 0.32734375 0.59921875 0.071875 0.08515625
1 0.44765625 0.51875 0.08671875 0.08515625
1 0.203125 0.66328125 0.08203125 0.078125
1 0.70234375 0.51953125 0.078125 0.08203125
1 0.5734375 0.58984375 0.08671875 0.0953125
1 0.81640625 0.58671875 0.08203125 0.0890625
1 0.9359375 0.65390625 0.0703125 0.071875
1 0.7125 0.6703125 0.08046875 0.0953125
1 0.45625 0.66484375 0.08359375 0.09375
1 0.084375 0.72734375 0.08046875 0.078125
1 0.2140625 0.81875 0.08203125 0.08046875
1 0.0890625 0.89140625 0.10390625 0.09375
1 0.203125 0.9546875 0.0765625 0.08515625
1 0.34140625 0.88203125 0.0921875 0.08671875
1 0.4515625 0.809375 0.09375 0.090625
1 0.45625 0.95234375 0.0734375 0.08359375
1 0.58359375 0.87890625 0.10078125 0.1109375
1 0.584375 0.73828125 0.08515625 0.09921875
1 0.71640625 0.9484375 0.078125 0.08046875
1 0.70390625 0.80390625 0.08515625 0.08203125
1 0.8203125 0.72578125 0.06796875 0.08203125
1 0.825 0.8640625 0.06640625 0.0765625
1 0.9390625 0.79921875 0.0765625 0.08515625
1 0.940625 0.9515625 0.08515625 0.08515625