1 0.95859375 0.984375 0.07578125 0.03046875
1 0.82109375 0.94140625 0.059375 0.06328125
1 0.43046875 0.9921875 0.0546875 0.015625
1 0.3203125 0.95390625 0.0609375 0.06796875
1 0.43828125 0.87578125 0.07578125 0.07890625
1 0.66640625 0.88203125 0.06328125 0.06328125
1 0.56796875 0.8171875 0.07890625 0.0828125
1 0.0546875 0.94609375 0.059375 0.06484375
1 0.184375 0.88515625 0.059375 0.0578125
1 0.29921875 0.8046875 0.05390625 0.059375
1 0.03203125 0.80546875 0.0640625 0.0671875
1 0.178125 0.7578125 0.0578125 0.0609375
1 0.71484375 0.703125 0.0703125 0.0734375
1 0.5796875 0.63046875 0.07734375 0.08125
1 0.434375 0.71953125 0.06484375 0.0703125
1 0.9546875 0.6890625 0.06796875 0.06328125
1 0.303125 0.66015625 0.071875 0.06484375
1 0.03359375 0.53125 0.06640625 0.0734375
1 0.16640625 0.58828125 0.0578125 0.05390625
1 0.16640625 0.50078125 0.06328125 0.06796875
1 0.03671875 0.43515625 0.0703125 0.06328125
1 0.43828125 0.5671875 0.06796875 0.07734375
1 0.809375 0.6046875 0.06484375 0.071875
1 0.70078125 0.55703125 0.05390625 0.0609375
1 0.96484375 0.53203125 0.06328125 0.06328125
1 0.96171875 0.3796875 0.0609375 0.06796875
1 0.81640625 0.42734375 0.0703125 0.071875
1 0.70078125 0.37265625 0.06328125 0.0703125
1 0.565625 0.4625 0.0703125 0.084375
1 0.4328125 0.37109375 0.07734375 0.07734375
1 0.2953125 0.45 0.06328125 0.071875
1 0.03515625 0.2984375 0.0703125 0.071875
1 0.29765625 0.30859375 0.06640625 0.06640625
1 0.17265625 0.22421875 0.059375 0.06328125
1 0.55859375 0.2953125 0.0703125 0.071875
1 0.81640625 0.28828125 0.06328125 0.06796875
1 0.96640625 0.22578125 0.06640625 0.06640625
1 0.70390625 0.21640625 0.06640625 0.06796875
1 0.56171875 0.1484375 0.06640625 0.0703125
1 0.4296875 0.21953125 0.06484375 0.071875
1 0.2953125 0.15390625 0.06328125 0.06328125
1 0.03828125 0.159375 0.0703125 0.06796875
1 0.16875 0.06640625 0.06640625 0.071875
1 0.034375 0.01796875 0.06796875 0.0359375
1 0.43359375 0.0609375 0.0703125 0.0734375
1 0.28671875 0.01171875 0.06640625 0.0234375
1 0.96171875 0.0734375 0.06484375 0.06640625
1 0.8109375 0.009375 0.06796875 0.01796875
1 0.68203125 0.0765625 0.0578125 0.059375
1 0.56015625 0.015625 0.07734375 0.03046875