1 0.0765625 0.03828125 0.0796875 0.0765625
1 0.2015625 0.10078125 0.07109375 0.06875
1 0.33671875 0.03125 0.08359375 0.06171875
1 0.47734375 0.1046875 0.08515625 0.0796875
1 0.60703125 0.03828125 0.06875 0.0671875
1 0.74921875 0.11875 0.08359375 0.078125
1 0.6171875 0.19375 0.0671875 0.065625
1 0.89921875 0.03515625 0.0765625 0.0703125
1 0.90625 0.178125 0.07265625 0.065625
1 0.071875 0.19765625 0.06875 0.07265625
1 0.209375 0.21171875 0.0671875 0.06015625
1 0.340625 0.1765625 0.06875 0.07265625
1 0.7421875 0.2515625 0.065625 0.0578125
1 0.98984375 0.24765625 0.0203125 0.06171875
1 0.8765625 0.31484375 0.0765625 0.07265625
1 0.98125 0.390625 0.0375 0.06875
1 0.07734375 0.34609375 0.0796875 0.07109375
1 0.33203125 0.32109375 0.090625 0.08515625
1 0.60234375 0.32890625 0.06015625 0.06328125
1 0.7296875 0.4 0.07421875 0.08203125
1 0.8734375 0.4703125 0.06328125 0.065625
1 0.9859375 0.54296875 0.028125 0.0734375
1 0.07890625 0.48671875 0.07421875 0.07265625
1 0.4625 0.41171875 0.08203125 0.08515625
1 0.6 0.4734375 0.078125 0.0796875
1 0.734375 0.54765625 0.06875 0.06875
1 0.878125 0.61328125 0.07265625 0.07109375
1 0.33828125 0.4765625 0.06875 0.078125
1 0.47109375 0.55625 0.0875 0.090625
1 0.60703125 0.6328125 0.0765625 0.078125
1 0.21484375 0.54921875 0.06328125 0.07265625
1 0.340625 0.60234375 0.07421875 0.06875
1 0.07890625 0.6234375 0.07265625 0.0671875
1 0.09765625 0.7828125 0.07421875 0.0671875
1 0.21015625 0.82421875 0.06875 0.07265625
1 0.3375 0.7875 0.07421875 0.06875
1 0.1046875 0.91796875 0.0765625 0.07265625
1 0.2109375 0.9734375 0.0796875 0.05234375
1 0.3078125 0.94296875 0.04765625 0.0453125
1 0.5 0.9734375 0.0765625 0.05234375
1 0.4625 0.871875 0.05625 0.0546875
1 0.61640625 0.771875 0.0875 0.06875
1 0.61484375 0.90390625 0.07421875 0.06328125
1 0.753125 0.975 0.09375 0.05
1 0.740625 0.8390625 0.08359375 0.0796875
1 0.89609375 0.76875 0.109375 0.08203125
1 0.99140625 0.83125 0.0171875 0.078125
1 0.9046875 0.91875 0.08515625 0.08203125