1 0.20625 0.05703125 0.0640625 0.0546875
1 0.43125 0.0546875 0.0640625 0.0609375
1 0.8828125 0.0578125 0.0640625 0.0578125
1 0.65390625 0.0609375 0.0671875 0.0609375
1 0.77734375 0.1234375 0.0703125 0.065625
1 0.08828125 0.12578125 0.0671875 0.0609375
1 0.3171875 0.1265625 0.0625 0.0609375
1 0.203125 0.18984375 0.059375 0.0703125
1 0.53515625 0.1125 0.0625 0.0734375
1 0.43671875 0.19609375 0.065625 0.059375
1 0.3171875 0.24609375 0.0609375 0.065625
1 0.7578125 0.25390625 0.06875 0.071875
1 0.8890625 0.184375 0.0671875 0.0765625
1 0.890625 0.31953125 0.0609375 0.065625
1 0.53984375 0.24921875 0.0578125 0.0640625
1 0.08203125 0.2640625 0.075 0.0703125
1 0.20234375 0.31796875 0.05625 0.0625
1 0.08671875 0.3921875 0.0671875 0.075
1 0.66953125 0.31875 0.059375 0.0625
1 0.43359375 0.32578125 0.059375 0.0578125
1 0.321875 0.38203125 0.0625 0.0671875
1 0.54453125 0.3765625 0.0578125 0.0640625
1 0.7671875 0.38515625 0.0640625 0.0609375
1 0.890625 0.43828125 0.0609375 0.0640625
1 0.778125 0.51015625 0.06875 0.0640625
1 0.6625 0.45390625 0.059375 0.059375
1 0.4390625 0.45546875 0.0671875 0.0625
1 0.2 0.446875 0.06875 0.0609375
1 0.0875 0.5265625 0.0734375 0.06875
1 0.19921875 0.5859375 0.0625 0.0546875
1 0.31796875 0.51953125 0.0671875 0.0703125
1 0.53984375 0.5171875 0.0625 0.06875
1 0.665625 0.57109375 0.0578125 0.065625
1 0.89609375 0.56953125 0.0515625 0.0546875
1 0.771875 0.65078125 0.0578125 0.06875
1 0.88828125 0.70859375 0.0546875 0.0578125
1 0.43671875 0.5734375 0.05625 0.05625
1 0.31796875 0.65703125 0.0640625 0.0625
1 0.20625 0.7203125 0.0625 0.059375
1 0.53984375 0.65 0.0703125 0.0734375
1 0.6625 0.70078125 0.059375 0.0625
1 0.89453125 0.834375 0.0578125 0.059375
1 0.43671875 0.7234375 0.0609375 0.0578125
1 0.55078125 0.7796875 0.0609375 0.0625
1 0.31328125 0.78984375 0.065625 0.05625
1 0.08828125 0.78828125 0.059375 0.059375
1 0.2109375 0.84609375 0.0640625 0.0671875
1 0.1015625 0.91640625 0.0625 0.0734375
1 0.2109375 0.97109375 0.0484375 0.0515625
1 0.30859375 0.9078125 0.059375 0.0609375
1 0.4375 0.9734375 0.071875 0.053125
1 0.4421875 0.840625 0.0625 0.0640625
1 0.53984375 0.89140625 0.0703125 0.08125
1 0.6671875 0.84375 0.05625 0.0703125
1 0.6734375 0.96875 0.0625 0.0625
1 0.7765625 0.9 0.071875 0.0875
1 0.884375 0.96953125 0.071875 0.0609375