1 0.11171875 0.9546875 0.0984375 0.090625
1 0.91015625 0.95078125 0.078125 0.08515625
1 0.6359375 0.9375 0.06484375 0.06875
1 0.7953125 0.87734375 0.0765625 0.0703125
1 0.93125 0.834375 0.07265625 0.07421875
1 0.371875 0.9515625 0.07421875 0.06328125
1 0.246875 0.871875 0.0875 0.0796875
1 0.1125 0.80703125 0.09453125 0.0765625
1 0.3640625 0.84296875 0.0703125 0.07265625
1 0.4734375 0.83984375 0.08515625 0.0765625
1 0.63203125 0.83046875 0.08203125 0.09296875
1 0.81171875 0.72109375 0.0890625 0.0890625
1 0.115625 0.640625 0.0765625 0.0703125
1 0.253125 0.7125 0.0875 0.0984375
1 0.3890625 0.6453125 0.09140625 0.08515625
1 0.52265625 0.72578125 0.09296875 0.0890625
1 0.6671875 0.65078125 0.09140625 0.0890625
1 0.934375 0.65390625 0.08203125 0.0890625
1 0.79921875 0.5703125 0.0875 0.0890625
1 0.93125 0.503125 0.0796875 0.0890625
1 0.53046875 0.54765625 0.1 0.09453125
1 0.26328125 0.57265625 0.08515625 0.0796875
1 0.1234375 0.48203125 0.08203125 0.078125
1 0.40625 0.47734375 0.0765625 0.0765625
1 0.2546875 0.4 0.09140625 0.08359375
1 0.52578125 0.41015625 0.09140625 0.0796875
1 0.66953125 0.48359375 0.06484375 0.0890625
1 0.946875 0.3421875 0.06875 0.08359375
1 0.8046875 0.26640625 0.07265625 0.08203125
1 0.678125 0.32265625 0.09140625 0.0890625
1 0.3984375 0.32421875 0.0890625 0.0765625
1 0.12421875 0.33046875 0.0796875 0.078125
1 0.25546875 0.253125 0.09296875 0.0890625
1 0.1265625 0.178125 0.0796875 0.0796875
1 0.53515625 0.253125 0.0875 0.0875
1 0.678125 0.171875 0.08359375 0.09296875
1 0.815625 0.1015625 0.078125 0.09296875
1 0.94921875 0.19296875 0.0796875 0.0765625
1 0.95 0.0390625 0.0703125 0.078125
1 0.68125 0.0296875 0.07265625 0.059375
1 0.5375 0.09453125 0.0765625 0.07265625
1 0.39609375 0.16015625 0.08359375 0.0890625
1 0.4125 0.02890625 0.08203125 0.0578125
1 0.25625 0.09921875 0.0796875 0.078125
1 0.11875 0.028125 0.0703125 0.05546875
1 0.015625 0.0890625 0.03125 0.06328125
1 0.01328125 0.23828125 0.02578125 0.0703125
1 0.0109375 0.4046875 0.021875 0.084375
1 0.0078125 0.55546875 0.01484375 0.08515625
1 0.009375 0.72734375 0.01875 0.08359375