1 0.0765625 0.05390625 0.0671875 0.065625
1 0.18046875 0.11640625 0.06875 0.065625
1 0.06953125 0.18203125 0.0640625 0.0609375
1 0.2859375 0.05 0.0625 0.0609375
1 0.29765625 0.1796875 0.0671875 0.0625
1 0.1828125 0.25 0.075 0.06875
1 0.409375 0.1046875 0.078125 0.0640625
1 0.51640625 0.0375 0.0734375 0.0625
1 0.5171875 0.17734375 0.078125 0.0703125
1 0.65 0.09765625 0.071875 0.0640625
1 0.76328125 0.03828125 0.0796875 0.0640625
1 0.97734375 0.04296875 0.0453125 0.0703125
1 0.87109375 0.10546875 0.0703125 0.06875
1 0.76328125 0.1703125 0.0734375 0.0796875
1 0.8765625 0.246875 0.0734375 0.075
1 0.071875 0.31171875 0.0765625 0.0703125
1 0.29453125 0.31484375 0.0640625 0.0703125
1 0.40703125 0.2546875 0.0703125 0.0671875
1 0.66015625 0.2140625 0.059375 0.065625
1 0.76015625 0.296875 0.0734375 0.075
1 0.52421875 0.30625 0.0640625 0.0671875
1 0.64609375 0.36796875 0.0546875 0.059375
1 0.88046875 0.37578125 0.071875 0.06875
1 0.1828125 0.38046875 0.06875 0.05625
1 0.0671875 0.44921875 0.075 0.0671875
1 0.415625 0.37578125 0.06875 0.0625
1 0.528125 0.44921875 0.059375 0.065625
1 0.76640625 0.4390625 0.0625 0.0625
1 0.878125 0.49453125 0.059375 0.0625
1 0.65859375 0.4984375 0.065625 0.05625
1 0.41796875 0.51015625 0.0625 0.05625
1 0.18671875 0.5109375 0.065625 0.0609375
1 0.07734375 0.5828125 0.06875 0.06875
1 0.30078125 0.55859375 0.0765625 0.0734375
1 0.1890625 0.6375 0.0765625 0.0703125
1 0.41328125 0.62734375 0.0796875 0.0828125
1 0.5390625 0.56875 0.06875 0.075
1 0.7609375 0.56796875 0.075 0.0765625
1 0.86953125 0.6046875 0.0640625 0.0671875
1 0.07890625 0.7078125 0.075 0.075
1 0.3 0.6921875 0.0703125 0.0765625
1 0.190625 0.76640625 0.0765625 0.0734375
1 0.0796875 0.84453125 0.0703125 0.078125
1 0.534375 0.68515625 0.0703125 0.0828125
1 0.65 0.62578125 0.075 0.0828125
1 0.76484375 0.70625 0.0703125 0.075
1 0.88359375 0.725 0.0703125 0.075
1 0.4109375 0.7671875 0.0703125 0.08125
1 0.31015625 0.84375 0.0703125 0.071875
1 0.19453125 0.896875 0.075 0.06875
1 0.41875 0.8953125 0.0671875 0.0796875
1 0.5359375 0.8203125 0.0703125 0.0875
1 0.66171875 0.87421875 0.071875 0.0765625
1 0.77890625 0.83203125 0.0765625 0.0765625
1 0.87734375 0.8921875 0.0765625 0.0796875
1 0.98515625 0.81796875 0.0296875 0.0546875
1 0.98828125 0.575 0.0234375 0.046875
1 0.98828125 0.4328125 0.0234375 0.046875
1 0.9875 0.30625 0.025 0.05
1 0.9890625 0.68515625 0.021875 0.0546875
1 0.9875 0.1734375 0.025 0.05625