1 0.98515625 0.0484375 0.02890625 0.06328125
1 0.7578125 0.03359375 0.071875 0.06640625
1 0.98671875 0.175 0.0265625 0.06875
1 0.75234375 0.17421875 0.06640625 0.0703125
1 0.86015625 0.24140625 0.06796875 0.06328125
1 0.62265625 0.09609375 0.0734375 0.06328125
1 0.6015625 0.24140625 0.06171875 0.06328125
1 0.496875 0.03046875 0.071875 0.0609375
1 0.49296875 0.1703125 0.06796875 0.071875
1 0.25859375 0.03125 0.0734375 0.0625
1 0.1296875 0.09296875 0.08046875 0.071875
1 0.26875 0.1578125 0.0703125 0.0703125
1 0.98671875 0.321875 0.0265625 0.071875
1 0.74375 0.321875 0.0765625 0.0703125
1 0.37265625 0.234375 0.0765625 0.08046875
1 0.021875 0.171875 0.04375 0.06875
1 0.0234375 0.02734375 0.046875 0.0546875
1 0.8484375 0.1140625 0.06484375 0.0546875
1 0.1140625 0.2375 0.06171875 0.06796875
1 0.246875 0.30546875 0.059375 0.0734375
1 0.0171875 0.30859375 0.034375 0.06171875
1 0.1203125 0.38359375 0.071875 0.06796875
1 0.49609375 0.31640625 0.06640625 0.06640625
1 0.35703125 0.3859375 0.078125 0.0765625
1 0.975 0.4671875 0.04921875 0.075
1 0.74140625 0.4625 0.06171875 0.06484375
1 0.85703125 0.53828125 0.06796875 0.0703125
1 0.48828125 0.4546875 0.06796875 0.075
1 0.36484375 0.52421875 0.06796875 0.0703125
1 0.24296875 0.59765625 0.0734375 0.0765625
1 0.24375 0.44609375 0.06796875 0.0703125
1 0.121875 0.5109375 0.0515625 0.0578125
1 0.1203125 0.66015625 0.06484375 0.06484375
1 0.0125 0.590625 0.025 0.08125
1 0.9734375 0.609375 0.053125 0.06796875
1 0.7421875 0.59765625 0.0765625 0.06328125
1 0.6109375 0.53515625 0.0765625 0.06484375
1 0.48828125 0.603125 0.06484375 0.06796875
1 0.609375 0.67578125 0.0703125 0.0703125
1 0.359375 0.6734375 0.0703125 0.078125
1 0.97421875 0.75703125 0.0515625 0.0703125
1 0.73671875 0.74296875 0.06640625 0.059375
1 0.85703125 0.82578125 0.071875 0.059375
1 0.459375 0.7421875 0.06796875 0.059375
1 0.23828125 0.74453125 0.08515625 0.0734375
1 0.1171875 0.8046875 0.0734375 0.06640625
1 0.003125 0.4453125 0.00625 0.053125
1 0.96953125 0.89921875 0.0609375 0.0765625
1 0.85390625 0.96484375 0.0765625 0.06328125
1 0.7234375 0.89609375 0.075 0.06640625
1 0.609375 0.9578125 0.0765625 0.06640625
1 0.48515625 0.8828125 0.08203125 0.06796875
1 0.36484375 0.8078125 0.071875 0.06640625
1 0.23515625 0.88203125 0.06796875 0.0703125
1 0.36015625 0.96328125 0.08515625 0.0734375
1 0.11796875 0.9546875 0.06640625 0.06484375