1 0.1171875 0.09921875 0.06875 0.065625
1 0.22265625 0.034375 0.06875 0.0609375
1 0.33828125 0.084375 0.0640625 0.0671875
1 0.4453125 0.03203125 0.075 0.0578125
1 0.56875 0.08671875 0.0625 0.0671875
1 0.45234375 0.14921875 0.0640625 0.0609375
1 0.225 0.1640625 0.0703125 0.0609375
1 0.678125 0.028125 0.0578125 0.05625
1 0.78515625 0.08125 0.0625 0.0578125
1 0.9046875 0.0171875 0.059375 0.034375
1 0.90546875 0.1609375 0.0734375 0.0671875
1 0.67734375 0.16015625 0.0671875 0.059375
1 0.10625 0.225 0.0765625 0.075
1 0.3421875 0.21953125 0.065625 0.065625
1 0.2265625 0.29375 0.0765625 0.0703125
1 0.56875 0.22265625 0.075 0.071875
1 0.45 0.28359375 0.0828125 0.071875
1 0.7921875 0.2171875 0.0703125 0.059375
1 0.90546875 0.28125 0.06875 0.0671875
1 0.67734375 0.29296875 0.0875 0.071875
1 0.796875 0.35 0.0640625 0.0671875
1 0.34296875 0.35390625 0.05625 0.0625
1 0.5640625 0.359375 0.059375 0.0640625
1 0.90390625 0.409375 0.053125 0.0546875
1 0.68203125 0.42578125 0.0734375 0.0734375
1 0.4484375 0.41328125 0.06875 0.0703125
1 0.21953125 0.42265625 0.0796875 0.0734375
1 0.11953125 0.4921875 0.0671875 0.0703125
1 0.33671875 0.48984375 0.065625 0.075
1 0.5671875 0.48515625 0.075 0.06875
1 0.79609375 0.4765625 0.0625 0.0625
1 0.22421875 0.55390625 0.075 0.0703125
1 0.4546875 0.5578125 0.08125 0.065625
1 0.68671875 0.55390625 0.0890625 0.090625
1 0.90625 0.53671875 0.0734375 0.078125
1 0.121875 0.62109375 0.071875 0.0671875
1 0.3421875 0.625 0.065625 0.0578125
1 0.5671875 0.61640625 0.0765625 0.0671875
1 0.803125 0.60703125 0.075 0.0640625
1 0.2328125 0.68671875 0.0640625 0.065625
1 0.4578125 0.6875 0.075 0.059375
1 0.68203125 0.6859375 0.08125 0.078125
1 0.91796875 0.68046875 0.06875 0.065625
1 0.125 0.76484375 0.0828125 0.0828125
1 0.23515625 0.81328125 0.0578125 0.0671875
1 0.34609375 0.7578125 0.075 0.08125
1 0.5703125 0.753125 0.078125 0.065625
1 0.79765625 0.74609375 0.0578125 0.06875
1 0.90703125 0.80703125 0.071875 0.071875
1 0.68671875 0.81328125 0.075 0.0765625
1 0.11796875 0.89453125 0.075 0.06875
1 0.2328125 0.946875 0.065625 0.0671875
1 0.3375 0.8828125 0.06875 0.0703125
1 0.46484375 0.953125 0.065625 0.053125
1 0.4609375 0.809375 0.06875 0.06875
1 0.57109375 0.8765625 0.0609375 0.0609375
1 0.68671875 0.9421875 0.0671875 0.0640625
1 0.79921875 0.8734375 0.075 0.08125
1 0.91015625 0.93984375 0.08125 0.071875
1 0.01640625 0.4359375 0.0328125 0.0640625
1 0.0171875 0.69765625 0.034375 0.0515625
1 0.01796875 0.8265625 0.0359375 0.05
1 0.01328125 0.9609375 0.0265625 0.05
1 0.01328125 0.55859375 0.0265625 0.0515625
1 0.01875 0.30078125 0.0375 0.05625