1 0.8703125 0.0359375 0.0875 0.071875
1 0.978125 0.11171875 0.04375 0.0734375
1 0.6078125 0.03671875 0.09296875 0.0734375
1 0.74375 0.1046875 0.08046875 0.08046875
1 0.3546875 0.0390625 0.071875 0.06640625
1 0.1015625 0.03359375 0.0734375 0.06640625
1 0.2328125 0.09609375 0.0875 0.0734375
1 0.48828125 0.1046875 0.0734375 0.06328125
1 0.61328125 0.1765625 0.071875 0.0875
1 0.87265625 0.184375 0.0734375 0.08359375
1 0.9796875 0.25625 0.03984375 0.075
1 0.740625 0.25625 0.07890625 0.08203125
1 0.48828125 0.25234375 0.0890625 0.0875
1 0.3578125 0.1765625 0.0859375 0.09765625
1 0.103125 0.1828125 0.08203125 0.0859375
1 0.0109375 0.24140625 0.021875 0.0859375
1 0.23203125 0.25078125 0.0875 0.0859375
1 0.096875 0.31328125 0.071875 0.08203125
1 0.35546875 0.325 0.06796875 0.07890625
1 0.85859375 0.33359375 0.0765625 0.07890625
1 0.971875 0.409375 0.05625 0.08359375
1 0.73671875 0.3984375 0.06796875 0.0734375
1 0.86796875 0.46796875 0.071875 0.071875
1 0.6046875 0.47890625 0.06640625 0.0734375
1 0.48828125 0.39609375 0.0734375 0.071875
1 0.22734375 0.3953125 0.0765625 0.08359375
1 0.1 0.4703125 0.0703125 0.0734375
1 0.22265625 0.53828125 0.075 0.075
1 0.4796875 0.53984375 0.0765625 0.07890625
1 0.73515625 0.55234375 0.07890625 0.0890625
1 0.9765625 0.553125 0.046875 0.075
1 0.86171875 0.6203125 0.0734375 0.0734375
1 0.60390625 0.62265625 0.0875 0.0859375
1 0.35390625 0.615625 0.075 0.08203125
1 0.09453125 0.60703125 0.08046875 0.0859375
1 0.2296875 0.68828125 0.07890625 0.08203125
1 0.11328125 0.73515625 0.075 0.0765625
1 0.484375 0.69609375 0.06796875 0.0734375
1 0.73671875 0.70078125 0.09765625 0.08203125
1 0.9734375 0.69375 0.05234375 0.0765625
1 0.8671875 0.77890625 0.06796875 0.075
1 0.9703125 0.8484375 0.059375 0.0859375
1 0.73046875 0.83515625 0.0734375 0.08359375
1 0.6046875 0.7765625 0.08359375 0.09296875
1 0.353125 0.765625 0.08359375 0.07890625
1 0.2234375 0.8328125 0.06796875 0.08359375
1 0.09140625 0.89765625 0.0859375 0.075
1 0.9703125 0.9734375 0.059375 0.05234375
1 0.85703125 0.9203125 0.08359375 0.08359375
1 0.6015625 0.91796875 0.08359375 0.0890625
1 0.484375 0.8328125 0.09609375 0.0875
1 0.4875 0.96484375 0.0875 0.0703125
1 0.35234375 0.9171875 0.0890625 0.09296875
1 0.22265625 0.96640625 0.0890625 0.06640625