1 0.88359375 0.05625 0.07265625 0.0640625
1 0.7671875 0.11328125 0.06953125 0.07109375
1 0.64296875 0.04296875 0.07109375 0.07109375
1 0.98515625 0.128125 0.0296875 0.0578125
1 0.98828125 0.0078125 0.0234375 0.01484375
1 0.88046875 0.19453125 0.07734375 0.07734375
1 0.63828125 0.19453125 0.084375 0.08046875
1 0.5203125 0.11484375 0.0828125 0.07109375
1 0.40625 0.046875 0.07890625 0.07109375
1 0.4 0.18828125 0.090625 0.07890625
1 0.2875 0.10546875 0.07421875 0.07890625
1 0.17421875 0.03984375 0.07890625 0.07421875
1 0.05078125 0.10703125 0.07421875 0.06953125
1 0.1703125 0.1671875 0.059375 0.0578125
1 0.04921875 0.2453125 0.065625 0.0625
1 0.76015625 0.2671875 0.0640625 0.06953125
1 0.9828125 0.26171875 0.034375 0.0640625
1 0.8796875 0.33203125 0.0828125 0.07890625
1 0.63515625 0.32890625 0.07265625 0.08046875
1 0.51796875 0.2546875 0.07890625 0.07578125
1 0.39765625 0.32578125 0.07109375 0.07421875
1 0.28125 0.2484375 0.06953125 0.07578125
1 0.17109375 0.31875 0.0609375 0.065625
1 0.98125 0.4 0.0375 0.059375
1 0.87421875 0.475 0.07734375 0.0640625
1 0.28828125 0.39296875 0.059375 0.0640625
1 0.7578125 0.390625 0.07265625 0.07109375
1 0.63203125 0.471875 0.084375 0.06953125
1 0.5171875 0.3984375 0.0828125 0.07265625
1 0.39765625 0.4703125 0.07109375 0.06953125
1 0.1625 0.4625 0.0640625 0.07109375
1 0.9796875 0.54921875 0.040625 0.0578125
1 0.7546875 0.54375 0.0609375 0.0609375
1 0.509375 0.5375 0.07421875 0.065625
1 0.27890625 0.53515625 0.0609375 0.0609375
1 0.86953125 0.61484375 0.06796875 0.07265625
1 0.97890625 0.6875 0.0421875 0.06875
1 0.63515625 0.6078125 0.07265625 0.06953125
1 0.3921875 0.60625 0.0578125 0.07265625
1 0.165625 0.60234375 0.05625 0.07109375
1 0.04609375 0.52890625 0.0640625 0.0640625
1 0.04375 0.66640625 0.0640625 0.059375
1 0.278125 0.66640625 0.07109375 0.065625
1 0.74765625 0.68203125 0.07421875 0.065625
1 0.87109375 0.73359375 0.0578125 0.0625
1 0.9765625 0.8 0.04609375 0.07265625
1 0.51171875 0.68671875 0.0625 0.0625
1 0.39453125 0.72265625 0.059375 0.0625
1 0.16484375 0.73125 0.06953125 0.07109375
1 0.04296875 0.78359375 0.065625 0.07734375
1 0.27890625 0.79296875 0.07890625 0.07421875
1 0.509375 0.7890625 0.07578125 0.07421875
1 0.62890625 0.73125 0.0625 0.06796875
1 0.7546875 0.79453125 0.0828125 0.07109375
1 0.87890625 0.85546875 0.090625 0.0828125
1 0.975 0.934375 0.04921875 0.07890625
1 0.16015625 0.86484375 0.06953125 0.06953125
1 0.03515625 0.92421875 0.0578125 0.059375
1 0.75078125 0.9359375 0.06796875 0.0609375
1 0.88046875 0.9859375 0.0640625 0.028125
1 0.62890625 0.8609375 0.0609375 0.0609375
1 0.61875 0.98671875 0.059375 0.0265625
1 0.51171875 0.92890625 0.0625 0.059375
1 0.3953125 0.8609375 0.0609375 0.059375
1 0.26875 0.93203125 0.0578125 0.0640625
1 0.39765625 0.9796875 0.0609375 0.040625
1 0.16015625 0.98515625 0.065625 0.0296875