1 0.28984375 0.0359375 0.1078125 0.071875
1 0.54765625 0.02578125 0.0703125 0.0515625
1 0.4234375 0.0890625 0.096875 0.08828125
1 0.815625 0.021875 0.0734375 0.04296875
1 0.9359375 0.08671875 0.09375 0.07890625
1 0.68046875 0.090625 0.08671875 0.07890625
1 0.8265625 0.16484375 0.07734375 0.0703125
1 0.93828125 0.24296875 0.08125 0.06484375
1 0.67109375 0.23046875 0.10234375 0.1046875
1 0.4203125 0.23671875 0.07890625 0.0828125
1 0.54921875 0.31640625 0.06640625 0.06328125
1 0.27421875 0.1671875 0.07890625 0.07734375
1 0.0359375 0.165625 0.071875 0.08671875
1 0.15078125 0.25390625 0.0953125 0.08671875
1 0.03359375 0.3203125 0.06640625 0.08671875
1 0.29375 0.328125 0.059375 0.06484375
1 0.15078125 0.40390625 0.084375 0.08828125
1 0.29140625 0.46875 0.08125 0.071875
1 0.4171875 0.38671875 0.0953125 0.09921875
1 0.540625 0.48203125 0.084375 0.07734375
1 0.6859375 0.39296875 0.08671875 0.09140625
1 0.80859375 0.31171875 0.07734375 0.07578125
1 0.93671875 0.38671875 0.07890625 0.08125
1 0.81015625 0.4625 0.07890625 0.0734375
1 0.69296875 0.546875 0.084375 0.09375
1 0.5453125 0.62421875 0.09375 0.07890625
1 0.03203125 0.471875 0.0640625 0.0875
1 0.15703125 0.5453125 0.07578125 0.0828125
1 0.04140625 0.63125 0.0828125 0.09375
1 0.28828125 0.63125 0.08125 0.084375
1 0.43046875 0.7 0.1171875 0.0953125
1 0.15703125 0.7140625 0.0609375 0.06796875
1 0.03203125 0.7859375 0.0640625 0.09375
1 0.0375 0.9453125 0.075 0.078125
1 0.16328125 0.87265625 0.084375 0.06796875
1 0.17109375 0.9796875 0.0734375 0.040625
1 0.2921875 0.76953125 0.08984375 0.09140625
1 0.29765625 0.93359375 0.07734375 0.08125
1 0.4359375 0.98984375 0.07734375 0.01953125
1 0.4234375 0.84765625 0.08671875 0.0953125
1 0.54609375 0.771875 0.0953125 0.09921875
1 0.5671875 0.9234375 0.07890625 0.09921875
1 0.703125 0.98203125 0.09375 0.0359375
1 0.69140625 0.85703125 0.08671875 0.11171875
1 0.68515625 0.70625 0.0953125 0.096875
1 0.81328125 0.62578125 0.06640625 0.059375
1 0.94609375 0.69140625 0.08984375 0.0828125
1 0.8234375 0.75546875 0.109375 0.10625