1 0.90390625 0.0203125 0.09921875 0.03984375
1 0.775 0.07265625 0.109375 0.10078125
1 0.65546875 0.0171875 0.08125 0.034375
1 0.50703125 0.065625 0.10234375 0.0921875
1 0.3890625 0.0234375 0.10078125 0.046875
1 0.27890625 0.06875 0.090625 0.0796875
1 0.1359375 0.0203125 0.109375 0.03984375
1 0.02421875 0.0640625 0.0484375 0.090625
1 0.13515625 0.1296875 0.08828125 0.0953125
1 0.3953125 0.13828125 0.0921875 0.0921875
1 0.2703125 0.19453125 0.10078125 0.10078125
1 0.6546875 0.14765625 0.1109375 0.0953125
1 0.7703125 0.209375 0.11953125 0.10234375
1 0.89375 0.29375 0.10078125 0.10390625
1 0.50859375 0.21171875 0.08515625 0.078125
1 0.13828125 0.28671875 0.10078125 0.09375
1 0.38828125 0.27265625 0.090625 0.08515625
1 0.64609375 0.28203125 0.09375 0.075
1 0.76796875 0.3546875 0.10625 0.09921875
1 0.8875 0.44296875 0.08671875 0.0796875
1 0.5109375 0.3734375 0.08515625 0.07109375
1 0.6375 0.4390625 0.0796875 0.075
1 0.25546875 0.3515625 0.0765625 0.078125
1 0.02109375 0.35234375 0.04140625 0.08671875
1 0.1265625 0.41953125 0.0765625 0.075
1 0.0234375 0.49140625 0.046875 0.0796875
1 0.25625 0.496875 0.08125 0.08359375
1 0.3875 0.421875 0.10234375 0.08125
1 0.5109375 0.49921875 0.096875 0.096875
1 0.7640625 0.509375 0.1109375 0.1109375
1 0.89296875 0.575 0.11953125 0.1125
1 0.7625 0.65546875 0.10078125 0.08828125
1 0.63828125 0.578125 0.08359375 0.06796875
1 0.3859375 0.565625 0.07265625 0.065625
1 0.26640625 0.634375 0.09375 0.0796875
1 0.125 0.57578125 0.08828125 0.08359375
1 0.01875 0.628125 0.0375 0.096875
1 0.13359375 0.72109375 0.090625 0.10625
1 0.503125 0.66953125 0.0953125 0.08125
1 0.6375 0.725 0.08671875 0.08125
1 0.8921875 0.72890625 0.090625 0.075
1 0.89765625 0.8796875 0.08125 0.0796875
1 0.7671875 0.8125 0.10078125 0.08515625
1 0.7640625 0.95234375 0.096875 0.0953125
1 0.88203125 0.990625 0.096875 0.01875
1 0.640625 0.86875 0.08125 0.09921875
1 0.5125 0.80390625 0.07109375 0.075
1 0.378125 0.7296875 0.08359375 0.09921875
1 0.25703125 0.7890625 0.090625 0.10078125
1 0.02265625 0.78359375 0.0453125 0.08125
1 0.128125 0.86171875 0.0796875 0.06796875
1 0.0171875 0.93515625 0.034375 0.08125
1 0.12734375 0.98515625 0.078125 0.0296875
1 0.2484375 0.9390625 0.078125 0.075
1 0.3765625 0.87734375 0.0796875 0.090625
1 0.50625 0.928125 0.078125 0.07265625
1 0.384375 0.9875 0.075 0.02421875
1 0.63515625 0.98359375 0.090625 0.0328125
1 0.990625 0.07734375 0.01875 0.078125
1 0.990625 0.371875 0.01875 0.08359375
1 0.990625 0.8 0.01875 0.065625
1 0.98984375 0.94609375 0.0203125 0.0671875
1 0.984375 0.66171875 0.03125 0.065625
1 0.9921875 0.51328125 0.015625 0.0609375
1 0.9921875 0.21875 0.015625 0.065625