1 0.05546875 0.0546875 0.0703125 0.0703125
1 0.28515625 0.04609375 0.0765625 0.0671875
1 0.17265625 0.1171875 0.0609375 0.059375
1 0.046875 0.1796875 0.065625 0.0625
1 0.396875 0.109375 0.084375 0.0765625
1 0.1640625 0.22734375 0.06875 0.075
1 0.2703125 0.17421875 0.075 0.071875
1 0.51171875 0.05546875 0.0671875 0.0703125
1 0.72734375 0.04765625 0.06875 0.059375
1 0.84609375 0.11484375 0.06875 0.0625
1 0.96328125 0.03828125 0.0734375 0.0765625
1 0.62734375 0.103125 0.06875 0.0609375
1 0.04375 0.30390625 0.059375 0.0546875
1 0.50078125 0.1734375 0.0578125 0.05625
1 0.73125 0.17109375 0.0625 0.065625
1 0.96171875 0.1703125 0.0734375 0.0703125
1 0.83671875 0.2390625 0.06875 0.0625
1 0.9578125 0.29375 0.084375 0.078125
1 0.6171875 0.23046875 0.0796875 0.06875
1 0.73671875 0.296875 0.059375 0.0578125
1 0.3953125 0.22890625 0.084375 0.078125
1 0.278125 0.30625 0.06875 0.06875
1 0.1640625 0.36484375 0.075 0.078125
1 0.50859375 0.30234375 0.0609375 0.0625
1 0.615625 0.36015625 0.071875 0.0734375
1 0.84375 0.36015625 0.0703125 0.0734375
1 0.96328125 0.42890625 0.0734375 0.0953125
1 0.7359375 0.42421875 0.0625 0.059375
1 0.85078125 0.48984375 0.0703125 0.0734375
1 0.396875 0.3640625 0.065625 0.0703125
1 0.503125 0.43125 0.0703125 0.0671875
1 0.6171875 0.49375 0.0734375 0.0734375
1 0.04609375 0.4359375 0.0703125 0.065625
1 0.2796875 0.43984375 0.0625 0.0703125
1 0.16328125 0.49453125 0.0609375 0.0671875
1 0.39609375 0.50234375 0.0828125 0.090625
1 0.046875 0.58125 0.065625 0.065625
1 0.27578125 0.57109375 0.071875 0.0703125
1 0.4 0.63203125 0.0765625 0.075
1 0.5078125 0.56171875 0.065625 0.0671875
1 0.62265625 0.625 0.075 0.0765625
1 0.74375 0.56015625 0.0765625 0.071875
1 0.8546875 0.628125 0.05625 0.0671875
1 0.96640625 0.6921875 0.0671875 0.071875
1 0.05390625 0.7125 0.06875 0.065625
1 0.28125 0.70234375 0.06875 0.065625
1 0.16875 0.765625 0.075 0.0671875
1 0.50390625 0.696875 0.0703125 0.06875
1 0.734375 0.69453125 0.0765625 0.0671875
1 0.86015625 0.7609375 0.0671875 0.071875
1 0.6171875 0.75859375 0.0859375 0.084375
1 0.96484375 0.82578125 0.0703125 0.0609375
1 0.74140625 0.821875 0.0828125 0.0734375
1 0.86953125 0.87734375 0.071875 0.059375
1 0.965625 0.95 0.06875 0.071875
1 0.40390625 0.76171875 0.078125 0.078125
1 0.05234375 0.82890625 0.078125 0.0796875
1 0.05234375 0.96171875 0.065625 0.0671875
1 0.175 0.89609375 0.075 0.078125
1 0.278125 0.8296875 0.0734375 0.0828125
1 0.4015625 0.89375 0.08125 0.0953125
1 0.28046875 0.9640625 0.0640625 0.0671875
1 0.51484375 0.96484375 0.0765625 0.0703125
1 0.5078125 0.828125 0.071875 0.0796875
1 0.6234375 0.8953125 0.0796875 0.0734375
1 0.740625 0.95625 0.0671875 0.0671875