1 0.1640625 0.0484375 0.06875 0.0703125
1 0.425 0.040625 0.0578125 0.06484375
1 0.17109375 0.2015625 0.06328125 0.06015625
1 0.3015625 0.1203125 0.06015625 0.0546875
1 0.05703125 0.13046875 0.0671875 0.06015625
1 0.42890625 0.19609375 0.06015625 0.053125
1 0.55625 0.11171875 0.0578125 0.06328125
1 0.6765625 0.0375 0.05625 0.06484375
1 0.96015625 0.034375 0.06484375 0.0546875
1 0.81796875 0.11875 0.07890625 0.07421875
1 0.95390625 0.18984375 0.0671875 0.06015625
1 0.68203125 0.19453125 0.06484375 0.0578125
1 0.55859375 0.2640625 0.06875 0.0671875
1 0.30859375 0.28046875 0.07734375 0.07421875
1 0.42890625 0.34765625 0.06484375 0.0671875
1 0.68515625 0.3390625 0.06328125 0.0671875
1 0.81953125 0.26875 0.0671875 0.0703125
1 0.9484375 0.33984375 0.05078125 0.06015625
1 0.06796875 0.4359375 0.05625 0.06328125
1 0.1625 0.4953125 0.06328125 0.0703125
1 0.303125 0.4359375 0.0578125 0.06328125
1 0.56328125 0.42265625 0.0578125 0.0578125
1 0.825 0.4171875 0.06484375 0.0703125
1 0.95 0.49140625 0.04765625 0.0546875
1 0.30078125 0.57734375 0.06171875 0.0671875
1 0.4265625 0.50390625 0.06875 0.0671875
1 0.69375 0.50546875 0.0671875 0.06171875
1 0.83125 0.571875 0.0671875 0.07578125
1 0.94921875 0.63828125 0.0546875 0.0546875
1 0.5609375 0.578125 0.06484375 0.06484375
1 0.43671875 0.64296875 0.06875 0.06015625
1 0.6953125 0.6484375 0.06484375 0.06171875
1 0.83203125 0.7203125 0.0671875 0.071875
1 0.06953125 0.73125 0.0671875 0.0578125
1 0.171875 0.81171875 0.0671875 0.07421875
1 0.3046875 0.7234375 0.07421875 0.071875
1 0.4390625 0.79296875 0.05625 0.0671875
1 0.56640625 0.715625 0.0671875 0.0703125
1 0.6984375 0.8015625 0.0671875 0.06484375
1 0.83046875 0.86953125 0.07890625 0.07421875
1 0.95703125 0.93984375 0.0703125 0.071875
1 0.06640625 0.88125 0.0703125 0.06015625
1 0.16796875 0.96015625 0.0703125 0.06171875
1 0.30703125 0.8765625 0.07734375 0.06875
1 0.43671875 0.94609375 0.07890625 0.0671875
1 0.5671875 0.8671875 0.084375 0.071875
1 0.69375 0.959375 0.084375 0.0671875