1 0.2765625 0.9765625 0.08125 0.046875
1 0.54296875 0.9734375 0.0859375 0.053125
1 0.41484375 0.925 0.0859375 0.09140625
1 0.78984375 0.97109375 0.10390625 0.0578125
1 0.66484375 0.90390625 0.084375 0.07890625
1 0.9234375 0.91953125 0.08984375 0.084375
1 0.7828125 0.8421875 0.1 0.0828125
1 0.92265625 0.77578125 0.084375 0.0828125
1 0.54296875 0.84296875 0.09296875 0.09296875
1 0.6609375 0.76328125 0.07734375 0.084375
1 0.15390625 0.90859375 0.08984375 0.08828125
1 0.028125 0.83984375 0.05625 0.08828125
1 0.159375 0.74765625 0.10390625 0.09296875
1 0.0390625 0.67421875 0.07734375 0.10546875
1 0.28046875 0.7 0.08125 0.08828125
1 0.415625 0.76953125 0.08828125 0.08828125
1 0.53515625 0.68515625 0.08984375 0.08828125
1 0.7828125 0.68828125 0.0859375 0.08828125
1 0.921875 0.61796875 0.07734375 0.084375
1 0.6671875 0.6125 0.08828125 0.0859375
1 0.79453125 0.53046875 0.096875 0.0953125
1 0.92578125 0.465625 0.07578125 0.08828125
1 0.56640625 0.5671875 0.07578125 0.07890625
1 0.42265625 0.61328125 0.10390625 0.09296875
1 0.0375 0.5203125 0.075 0.08125
1 0.2875 0.5375 0.09296875 0.08125
1 0.16171875 0.45859375 0.10390625 0.096875
1 0.67421875 0.4734375 0.08984375 0.09296875
1 0.0421875 0.3859375 0.084375 0.0984375
1 0.284375 0.38671875 0.08828125 0.08125
1 0.53046875 0.38671875 0.10234375 0.10703125
1 0.6671875 0.31328125 0.07578125 0.07890625
1 0.7921875 0.3828125 0.096875 0.0984375
1 0.93203125 0.328125 0.0703125 0.07578125
1 0.8 0.23671875 0.07578125 0.08125
1 0.93125 0.17421875 0.084375 0.0828125
1 0.796875 0.09609375 0.084375 0.0859375
1 0.540625 0.2375 0.08125 0.07421875
1 0.65859375 0.16875 0.09296875 0.084375
1 0.15703125 0.31484375 0.09296875 0.09296875
1 0.28046875 0.24921875 0.096875 0.09296875
1 0.1625 0.16953125 0.08828125 0.09140625
1 0.03046875 0.0765625 0.0609375 0.084375
1 0.16015625 0.02734375 0.08828125 0.0546875
1 0.29609375 0.08515625 0.07578125 0.0828125
1 0.428125 0.16171875 0.07578125 0.0828125
1 0.41953125 0.03203125 0.07578125 0.06328125
1 0.54375 0.090625 0.109375 0.096875
1 0.67421875 0.03359375 0.084375 0.0671875