1 0.109375 0.1359375 0.09375 0.090625
1 0.23515625 0.07890625 0.08125 0.0828125
1 0.35078125 0.12890625 0.0796875 0.08125
1 0.465625 0.075 0.084375 0.084375
1 0.69765625 0.07578125 0.0890625 0.090625
1 0.92109375 0.06640625 0.0890625 0.0703125
1 0.11796875 0.2671875 0.078125 0.0828125
1 0.228125 0.1890625 0.0671875 0.0796875
1 0.4609375 0.19765625 0.0734375 0.071875
1 0.58359375 0.13359375 0.0671875 0.0703125
1 0.68828125 0.18984375 0.065625 0.065625
1 0.80625 0.13125 0.059375 0.0609375
1 0.9203125 0.1890625 0.0734375 0.075
1 0.80859375 0.2328125 0.059375 0.0625
1 0.5828125 0.25234375 0.0765625 0.0625
1 0.36484375 0.26171875 0.059375 0.0671875
1 0.23359375 0.33203125 0.071875 0.09375
1 0.11484375 0.40078125 0.06875 0.0734375
1 0.23984375 0.46484375 0.065625 0.0703125
1 0.1203125 0.53125 0.078125 0.0734375
1 0.01328125 0.09375 0.0265625 0.05
1 0.01328125 0.3421875 0.0265625 0.05625
1 0.01171875 0.46484375 0.0234375 0.0515625
1 0.0125 0.2171875 0.025 0.0546875
1 0.46171875 0.32265625 0.0640625 0.0609375
1 0.6859375 0.32265625 0.059375 0.0625
1 0.91796875 0.315625 0.059375 0.0625
1 0.80078125 0.39375 0.06875 0.0609375
1 0.5828125 0.390625 0.0625 0.0609375
1 0.35390625 0.396875 0.0625 0.0640625
1 0.4734375 0.459375 0.0703125 0.0640625
1 0.921875 0.4578125 0.0671875 0.071875
1 0.68828125 0.46328125 0.0625 0.0578125
1 0.80078125 0.52265625 0.0640625 0.0671875
1 0.3546875 0.5234375 0.0703125 0.06875
1 0.578125 0.52109375 0.0640625 0.0609375
1 0.91796875 0.58828125 0.0765625 0.0734375
1 0.69765625 0.5921875 0.0703125 0.0671875
1 0.46171875 0.58046875 0.0765625 0.08125
1 0.134375 0.66484375 0.065625 0.0703125
1 0.2390625 0.5921875 0.075 0.0703125
1 0.0203125 0.60390625 0.040625 0.0515625
1 0.01640625 0.73671875 0.0328125 0.0578125
1 0.353125 0.65703125 0.0609375 0.0515625
1 0.5765625 0.6546875 0.0515625 0.0625
1 0.80703125 0.65546875 0.059375 0.059375
1 0.696875 0.71640625 0.0546875 0.059375
1 0.9234375 0.71796875 0.0578125 0.0546875
1 0.46875 0.721875 0.0609375 0.0625
1 0.13046875 0.8 0.0703125 0.075
1 0.01953125 0.87734375 0.0390625 0.0625
1 0.125 0.928125 0.0765625 0.0890625
1 0.23671875 0.8640625 0.0578125 0.0625
1 0.3640625 0.93046875 0.0609375 0.0546875
1 0.35859375 0.790625 0.0640625 0.0640625
1 0.46640625 0.85546875 0.0671875 0.071875
1 0.58046875 0.7890625 0.06875 0.0625
1 0.6984375 0.85859375 0.078125 0.0734375
1 0.80703125 0.7875 0.071875 0.0703125
1 0.92421875 0.8515625 0.0625 0.0734375
1 0.80859375 0.921875 0.06875 0.06875
1 0.93515625 0.98203125 0.05625 0.0359375
1 0.57890625 0.928125 0.0703125 0.0578125
1 0.2484375 0.98515625 0.0453125 0.0296875
1 0.46796875 0.9828125 0.053125 0.034375
1 0.68828125 0.9828125 0.0578125 0.034375