1 0.915625 0.05546875 0.09140625 0.08125
1 0.79375 0.10078125 0.08828125 0.08828125
1 0.8 0.009375 0.078125 0.01796875
1 0.68125 0.03984375 0.08828125 0.0796875
1 0.5515625 0.00703125 0.06953125 0.01328125
1 0.5578125 0.11640625 0.06796875 0.06796875
1 0.43671875 0.046875 0.078125 0.0734375
1 0.18359375 0.03203125 0.0640625 0.0640625
1 0.0609375 0.09921875 0.07109375 0.084375
1 0.18046875 0.16640625 0.06171875 0.07109375
1 0.29296875 0.24296875 0.06953125 0.07109375
1 0.43046875 0.1796875 0.06328125 0.06640625
1 0.66796875 0.1875 0.084375 0.0765625
1 0.91875 0.184375 0.06796875 0.0734375
1 0.79140625 0.246875 0.06328125 0.06953125
1 0.9109375 0.325 0.08984375 0.0765625
1 0.6703125 0.325 0.08984375 0.078125
1 0.56484375 0.24453125 0.0578125 0.06796875
1 0.42109375 0.3109375 0.0734375 0.0734375
1 0.06171875 0.24453125 0.09296875 0.08125
1 0.1796875 0.30703125 0.06953125 0.06015625
1 0.2953125 0.38671875 0.06640625 0.06953125
1 0.17890625 0.45234375 0.078125 0.075
1 0.06484375 0.5203125 0.0828125 0.0828125
1 0.54765625 0.38671875 0.0765625 0.0796875
1 0.7984375 0.3921875 0.0796875 0.08671875
1 0.9140625 0.471875 0.0734375 0.078125
1 0.66875 0.4640625 0.075 0.075
1 0.41953125 0.4515625 0.0765625 0.07109375
1 0.3015625 0.52578125 0.06328125 0.06328125
1 0.55234375 0.53203125 0.0734375 0.06640625
1 0.79296875 0.521875 0.075 0.0734375
1 0.91015625 0.60625 0.07109375 0.0578125
1 0.790625 0.671875 0.06328125 0.06796875
1 0.6703125 0.609375 0.0828125 0.09140625
1 0.41796875 0.61328125 0.0734375 0.07109375
1 0.17109375 0.590625 0.06015625 0.06640625
1 0.05234375 0.6609375 0.075 0.0796875
1 0.29375 0.67265625 0.0734375 0.0796875
1 0.1734375 0.73359375 0.06796875 0.07109375
1 0.5453125 0.678125 0.0734375 0.078125
1 0.903125 0.75390625 0.0765625 0.075
1 0.7890625 0.8234375 0.0765625 0.07109375
1 0.6671875 0.75390625 0.084375 0.07109375
1 0.53828125 0.8171875 0.075 0.07109375
1 0.30078125 0.81328125 0.06953125 0.0765625
1 0.05546875 0.80703125 0.08828125 0.078125
1 0.91640625 0.890625 0.0796875 0.075
1 0.7890625 0.96171875 0.0828125 0.07109375
1 0.66015625 0.88359375 0.0828125 0.0765625
1 0.540625 0.95 0.0515625 0.06171875
1 0.4078125 0.88046875 0.06328125 0.06953125
1 0.290625 0.95546875 0.0828125 0.07109375
1 0.1734375 0.88203125 0.06484375 0.06171875
1 0.046875 0.94453125 0.0796875 0.06953125