1 0.05 0.98828125 0.059375 0.0234375
1 0.15 0.9375 0.0578125 0.0625
1 0.05078125 0.88359375 0.0625 0.0640625
1 0.29375 0.9875 0.04765625 0.025
1 0.27734375 0.865625 0.0625 0.0640625
1 0.40625 0.940625 0.07578125 0.07109375
1 0.53984375 0.9859375 0.0484375 0.028125
1 0.6484375 0.9390625 0.0671875 0.0640625
1 0.53515625 0.865625 0.0796875 0.07734375
1 0.803125 0.99140625 0.0421875 0.0171875
1 0.8953125 0.946875 0.0578125 0.059375
1 0.8 0.86015625 0.0671875 0.065625
1 0.90546875 0.79453125 0.0640625 0.0609375
1 0.65234375 0.7953125 0.065625 0.0640625
1 0.40234375 0.8015625 0.0640625 0.065625
1 0.15625 0.7875 0.0671875 0.065625
1 0.06015625 0.7234375 0.07421875 0.06953125
1 0.30078125 0.71953125 0.0671875 0.059375
1 0.16640625 0.6421875 0.07734375 0.0671875
1 0.40625 0.65859375 0.0796875 0.07109375
1 0.5453125 0.7171875 0.08984375 0.07734375
1 0.79375 0.7265625 0.08984375 0.09296875
1 0.9046875 0.65859375 0.0609375 0.0671875
1 0.66484375 0.65859375 0.06953125 0.059375
1 0.80078125 0.571875 0.0796875 0.08125
1 0.9234375 0.51640625 0.065625 0.0625
1 0.5515625 0.57265625 0.06953125 0.0671875
1 0.30546875 0.56640625 0.07421875 0.06953125
1 0.053125 0.56484375 0.06953125 0.0671875
1 0.17421875 0.4953125 0.0671875 0.05546875
1 0.06171875 0.440625 0.0671875 0.065625
1 0.42578125 0.509375 0.065625 0.0609375
1 0.30546875 0.4296875 0.0609375 0.0640625
1 0.6796875 0.51875 0.06953125 0.07265625
1 0.80234375 0.43828125 0.05546875 0.065625
1 0.915625 0.3671875 0.0671875 0.0671875
1 0.55546875 0.434375 0.07421875 0.06953125
1 0.67421875 0.36171875 0.07265625 0.07734375
1 0.428125 0.36640625 0.05390625 0.0640625
1 0.55234375 0.29296875 0.0640625 0.07265625
1 0.18046875 0.3484375 0.0609375 0.0640625
1 0.0546875 0.2890625 0.0671875 0.0625
1 0.303125 0.2921875 0.07421875 0.06953125
1 0.43125 0.225 0.07734375 0.0796875
1 0.80390625 0.29921875 0.0625 0.0671875
1 0.92734375 0.22265625 0.0671875 0.06953125
1 0.93515625 0.0859375 0.07734375 0.0859375
1 0.8015625 0.15625 0.07109375 0.07421875
1 0.68125 0.21640625 0.07109375 0.06953125
1 0.56015625 0.1515625 0.059375 0.0640625
1 0.684375 0.07265625 0.065625 0.065625
1 0.80234375 0.02578125 0.0765625 0.0515625
1 0.05625 0.13515625 0.0671875 0.0625
1 0.303125 0.14296875 0.0640625 0.059375
1 0.184375 0.0640625 0.07265625 0.07109375
1 0.05703125 0.0140625 0.0640625 0.028125
1 0.309375 0.02109375 0.0671875 0.0421875
1 0.434375 0.084375 0.0796875 0.07109375
1 0.55390625 0.02421875 0.0765625 0.0484375