1 0.08203125 0.95625 0.09765625 0.08203125
1 0.20703125 0.88359375 0.1078125 0.09921875
1 0.325 0.9609375 0.08046875 0.078125
1 0.47109375 0.890625 0.10078125 0.090625
1 0.58671875 0.9546875 0.09921875 0.090625
1 0.6953125 0.88828125 0.0890625 0.078125
1 0.83515625 0.9578125 0.1078125 0.08359375
1 0.9609375 0.8921875 0.078125 0.0890625
1 0.8359375 0.828125 0.08671875 0.09375
1 0.58125 0.8203125 0.090625 0.090625
1 0.70390625 0.76484375 0.09921875 0.09921875
1 0.32578125 0.8109375 0.109375 0.09375
1 0.2125 0.75 0.11796875 0.10078125
1 0.090625 0.6671875 0.09921875 0.10234375
1 0.46953125 0.74765625 0.08359375 0.0765625
1 0.83359375 0.67421875 0.09921875 0.0921875
1 0.5875 0.6875 0.0890625 0.08359375
1 0.334375 0.678125 0.0921875 0.0734375
1 0.2140625 0.60703125 0.10390625 0.09765625
1 0.09765625 0.5203125 0.08515625 0.078125
1 0.46640625 0.5890625 0.08359375 0.0703125
1 0.34296875 0.52421875 0.078125 0.0734375
1 0.71875 0.61015625 0.075 0.0765625
1 0.9640625 0.609375 0.071875 0.08515625
1 0.84453125 0.54375 0.075 0.0734375
1 0.96171875 0.47265625 0.0765625 0.078125
1 0.7171875 0.4671875 0.08046875 0.08203125
1 0.5890625 0.540625 0.10078125 0.08046875
1 0.46640625 0.46484375 0.0953125 0.0953125
1 0.21875 0.4546875 0.109375 0.109375
1 0.09140625 0.390625 0.11796875 0.1109375
1 0.2203125 0.31171875 0.09921875 0.08671875
1 0.3421875 0.3875 0.08203125 0.06640625
1 0.58984375 0.39921875 0.071875 0.06484375
1 0.70703125 0.33203125 0.0921875 0.078125
1 0.84609375 0.38984375 0.08671875 0.08203125
1 0.96640625 0.3375 0.06640625 0.0953125
1 0.8375 0.246875 0.0890625 0.10390625
1 0.47421875 0.29765625 0.09375 0.08046875
1 0.34296875 0.24296875 0.08515625 0.08046875
1 0.0921875 0.2390625 0.0890625 0.0734375
1 0.08671875 0.09140625 0.08046875 0.078125
1 0.21484375 0.15703125 0.09921875 0.08359375
1 0.21875 0.03359375 0.0953125 0.06640625
1 0.33984375 0.1015625 0.08046875 0.09765625
1 0.465625 0.165625 0.0703125 0.0734375
1 0.59765625 0.23828125 0.08203125 0.09765625
1 0.71640625 0.1796875 0.0890625 0.09921875
1 0.9625 0.18515625 0.075 0.08046875
1 0.84296875 0.10859375 0.078125 0.06640625
1 0.9671875 0.03828125 0.06484375 0.0765625
1 0.72421875 0.03515625 0.0765625 0.0703125
1 0.59921875 0.09296875 0.078125 0.0890625
1 0.471875 0.04375 0.0765625 0.071875
1 0.00859375 0.30546875 0.0171875 0.06484375