1 0.01171875 0.925 0.0234375 0.0640625
1 0.1140625 0.97421875 0.07890625 0.0515625
1 0.24296875 0.92890625 0.08359375 0.0859375
1 0.01640625 0.77421875 0.03203125 0.08046875
1 0.10703125 0.84921875 0.0875 0.07890625
1 0.37421875 0.97109375 0.09453125 0.05703125
1 0.6359375 0.97421875 0.08203125 0.0515625
1 0.50078125 0.93125 0.08359375 0.08203125
1 0.88203125 0.9859375 0.0796875 0.028125
1 0.99453125 0.9359375 0.0109375 0.07109375
1 0.63359375 0.85859375 0.07109375 0.06953125
1 0.75703125 0.91171875 0.08359375 0.0765625
1 0.89296875 0.8625 0.0734375 0.08203125
1 0.3734375 0.8546875 0.0890625 0.0890625
1 0.2484375 0.75625 0.0859375 0.08046875
1 0.1109375 0.6875 0.0859375 0.0875
1 0.01328125 0.62109375 0.0265625 0.075
1 0.37421875 0.70546875 0.07890625 0.0859375
1 0.49921875 0.77578125 0.08359375 0.08359375
1 0.64453125 0.71328125 0.0625 0.06953125
1 0.76015625 0.7796875 0.0765625 0.0765625
1 0.99296875 0.78125 0.0140625 0.0765625
1 0.8921875 0.69921875 0.07109375 0.0734375
1 0.76015625 0.6203125 0.0765625 0.08046875
1 0.49765625 0.63125 0.0734375 0.075
1 0.10390625 0.5546875 0.0765625 0.0859375
1 0.37421875 0.55859375 0.0890625 0.08359375
1 0.0109375 0.4734375 0.02109375 0.07109375
1 0.63671875 0.55390625 0.09140625 0.075
1 0.25 0.46796875 0.08359375 0.08359375
1 0.50703125 0.46953125 0.0859375 0.0859375
1 0.775 0.4828125 0.07109375 0.08046875
1 0.89296875 0.55859375 0.08203125 0.08359375
1 0.1109375 0.38984375 0.0765625 0.0765625
1 0.01328125 0.31015625 0.0265625 0.0765625
1 0.36171875 0.41953125 0.0765625 0.075
1 0.63203125 0.3953125 0.075 0.07109375
1 0.89140625 0.4015625 0.08046875 0.08046875
1 0.25546875 0.31953125 0.07890625 0.075
1 0.12265625 0.24375 0.09296875 0.09140625
1 0.01640625 0.15625 0.03203125 0.08359375
1 0.01796875 0.0234375 0.0359375 0.04609375
1 0.125 0.08671875 0.0734375 0.0765625
1 0.24921875 0.01875 0.0734375 0.0375
1 0.25234375 0.16875 0.08359375 0.0859375
1 0.3828125 0.10859375 0.0859375 0.09140625
1 0.38515625 0.23671875 0.09609375 0.0890625
1 0.50703125 0.32890625 0.0859375 0.09453125
1 0.63203125 0.24765625 0.09453125 0.0859375
1 0.50625 0.17734375 0.09140625 0.0890625
1 0.6390625 0.10234375 0.09296875 0.09296875
1 0.775 0.02890625 0.08203125 0.05703125
1 0.8953125 0.1 0.10390625 0.09609375
1 0.5078125 0.034375 0.075 0.06875