1 0.240625 0.04375 0.078125 0.07265625
1 0.984375 0.04609375 0.03125 0.06796875
1 0.7515625 0.046875 0.06953125 0.06796875
1 0.878125 0.1171875 0.065625 0.078125
1 0.51015625 0.0359375 0.06953125 0.07109375
1 0.61875 0.12421875 0.07265625 0.065625
1 0.7515625 0.1796875 0.06796875 0.07265625
1 0.2625 0.18828125 0.0765625 0.0796875
1 0.11640625 0.1109375 0.075 0.08515625
1 0.11484375 0.2609375 0.06796875 0.07265625
1 0.5046875 0.1828125 0.0640625 0.07109375
1 0.9859375 0.1984375 0.028125 0.078125
1 0.8796875 0.259375 0.0625 0.06953125
1 0.98515625 0.3421875 0.0296875 0.08359375
1 0.36015625 0.26015625 0.065625 0.06953125
1 0.62265625 0.26796875 0.065625 0.0640625
1 0.746875 0.33046875 0.06953125 0.075
1 0.49921875 0.325 0.0640625 0.07109375
1 0.2515625 0.334375 0.07109375 0.06796875
1 0.11484375 0.39296875 0.06796875 0.07109375
1 0.23984375 0.4734375 0.0765625 0.07109375
1 0.36796875 0.4109375 0.065625 0.065625
1 0.61640625 0.4125 0.075 0.06953125
1 0.88203125 0.403125 0.0765625 0.06796875
1 0.98359375 0.49140625 0.0328125 0.0765625
1 0.8828125 0.55703125 0.06953125 0.0609375
1 0.75078125 0.48359375 0.075 0.078125
1 0.5046875 0.48125 0.06953125 0.0765625
1 0.36484375 0.540625 0.0640625 0.07265625
1 0.10859375 0.5390625 0.05703125 0.0609375
1 0.246875 0.6296875 0.0640625 0.0765625
1 0.1171875 0.69375 0.0609375 0.0640625
1 0.61875 0.54375 0.0625 0.0625
1 0.75078125 0.6359375 0.07109375 0.06953125
1 0.875 0.70625 0.06953125 0.065625
1 0.5046875 0.628125 0.078125 0.08125
1 0.36796875 0.68515625 0.065625 0.06953125
1 0.11015625 0.83359375 0.0640625 0.065625
1 0.61875 0.71015625 0.06796875 0.0640625
1 0.4921875 0.77265625 0.06796875 0.06953125
1 0.75625 0.78359375 0.07265625 0.0625
1 0.98671875 0.78125 0.02578125 0.065625
1 0.86953125 0.84609375 0.07109375 0.075
1 0.978125 0.92421875 0.04375 0.08125
1 0.8703125 0.978125 0.05390625 0.04375
1 0.7609375 0.91484375 0.065625 0.06796875
1 0.61796875 0.97890625 0.0796875 0.04140625
1 0.6125 0.840625 0.06953125 0.07109375
1 0.5046875 0.896875 0.078125 0.090625
1 0.3625 0.84375 0.0625 0.078125
1 0.35703125 0.9734375 0.0703125 0.053125
1 0.24140625 0.90625 0.0796875 0.096875
1 0.121875 0.975 0.0796875 0.05