1 0.14765625 0.04375 0.0765625 0.0703125
1 0.26328125 0.09765625 0.09375 0.09375
1 0.38046875 0.02890625 0.0609375 0.0546875
1 0.48671875 0.09296875 0.0609375 0.0671875
1 0.37890625 0.15859375 0.084375 0.0765625
1 0.59921875 0.0296875 0.0609375 0.053125
1 0.7203125 0.08828125 0.0640625 0.0625
1 0.825 0.03671875 0.059375 0.0609375
1 0.82421875 0.15625 0.08125 0.06875
1 0.60234375 0.16015625 0.075 0.06875
1 0.9390625 0.22109375 0.0671875 0.0671875
1 0.72890625 0.22421875 0.0671875 0.0609375
1 0.82578125 0.2921875 0.0703125 0.05625
1 0.59375 0.28125 0.0890625 0.090625
1 0.37578125 0.28671875 0.06875 0.071875
1 0.48828125 0.35625 0.0578125 0.0546875
1 0.24921875 0.2265625 0.06875 0.0671875
1 0.0375 0.22578125 0.0734375 0.075
1 0.1421875 0.3015625 0.0828125 0.075
1 0.034375 0.359375 0.06875 0.075
1 0.26640625 0.36640625 0.0515625 0.05625
1 0.1421875 0.43203125 0.0734375 0.0765625
1 0.2640625 0.48828125 0.0703125 0.0625
1 0.3734375 0.4171875 0.0828125 0.0859375
1 0.48046875 0.5 0.0734375 0.0671875
1 0.60703125 0.42265625 0.075 0.0796875
1 0.71328125 0.35234375 0.0671875 0.065625
1 0.9359375 0.33828125 0.071875 0.0796875
1 0.825 0.4171875 0.06875 0.0703125
1 0.93359375 0.47890625 0.0796875 0.0875
1 0.71484375 0.4828125 0.06875 0.0640625
1 0.61328125 0.55625 0.0734375 0.08125
1 0.484375 0.6234375 0.08125 0.06875
1 0.03359375 0.4921875 0.0671875 0.075
1 0.14765625 0.5546875 0.065625 0.071875
1 0.04140625 0.63046875 0.0828125 0.08125
1 0.26171875 0.6296875 0.0703125 0.0734375
1 0.38515625 0.6890625 0.1015625 0.0828125
1 0.14765625 0.7015625 0.053125 0.059375
1 0.03515625 0.7640625 0.065625 0.08125
1 0.04296875 0.903125 0.0671875 0.06875
1 0.153125 0.8390625 0.0734375 0.059375
1 0.1609375 0.95078125 0.0640625 0.06875
1 0.26484375 0.75 0.078125 0.0796875
1 0.26953125 0.8921875 0.0671875 0.0703125
1 0.38984375 0.96640625 0.0671875 0.0671875
1 0.37890625 0.81796875 0.075 0.0828125
1 0.48515625 0.7515625 0.0828125 0.0859375
1 0.50390625 0.88359375 0.06875 0.0859375
1 0.62265625 0.95390625 0.08125 0.0703125
1 0.61171875 0.82578125 0.075 0.096875
1 0.60625 0.69453125 0.0828125 0.084375
1 0.7171875 0.625 0.0578125 0.0515625
1 0.93046875 0.609375 0.0796875 0.0765625
1 0.8328125 0.68203125 0.078125 0.071875
1 0.7265625 0.7375 0.0953125 0.0921875