1 0.04453125 0.04375 0.08828125 0.08671875
1 0.16640625 0.115625 0.08125 0.08515625
1 0.3015625 0.034375 0.078125 0.06875
1 0.44453125 0.11015625 0.08671875 0.08828125
1 0.5671875 0.0328125 0.078125 0.065625
1 0.82265625 0.02578125 0.08125 0.0515625
1 0.93515625 0.09609375 0.08671875 0.0671875
1 0.56953125 0.1765625 0.0796875 0.06953125
1 0.70390625 0.1015625 0.07265625 0.065625
1 0.8234375 0.16484375 0.090625 0.07421875
1 0.9515625 0.24609375 0.0796875 0.09609375
1 0.0453125 0.1953125 0.090625 0.07109375
1 0.30703125 0.19296875 0.0796875 0.07265625
1 0.171875 0.2671875 0.0921875 0.0796875
1 0.04765625 0.3421875 0.06953125 0.08125
1 0.16484375 0.4078125 0.0765625 0.07265625
1 0.30234375 0.32734375 0.08828125 0.0921875
1 0.421875 0.24609375 0.0796875 0.0765625
1 0.546875 0.32421875 0.08515625 0.08515625
1 0.67890625 0.24296875 0.078125 0.08515625
1 0.82265625 0.31171875 0.08125 0.08828125
1 0.95390625 0.384375 0.08359375 0.0796875
1 0.04140625 0.478125 0.0765625 0.06953125
1 0.17265625 0.54765625 0.0796875 0.0671875
1 0.29765625 0.47578125 0.06953125 0.07265625
1 0.42890625 0.4015625 0.0796875 0.0796875
1 0.553125 0.46875 0.08515625 0.0765625
1 0.42578125 0.546875 0.078125 0.0671875
1 0.67734375 0.3921875 0.08671875 0.0796875
1 0.821875 0.4609375 0.0765625 0.078125
1 0.9453125 0.53125 0.07265625 0.0765625
1 0.6859375 0.53828125 0.09375 0.08515625
1 0.06328125 0.75546875 0.0671875 0.07421875
1 0.209375 0.6828125 0.07421875 0.065625
1 0.46484375 0.6734375 0.0640625 0.07109375
1 0.7296875 0.66640625 0.07109375 0.0640625
1 0.9703125 0.66875 0.059375 0.06875
1 0.20546875 0.83046875 0.0796875 0.07265625
1 0.31640625 0.7578125 0.0765625 0.06953125
1 0.315625 0.89609375 0.078125 0.078125
1 0.21015625 0.97421875 0.07265625 0.0515625
1 0.46796875 0.81953125 0.08515625 0.0796875
1 0.56640625 0.7453125 0.07421875 0.078125
1 0.8421875 0.73828125 0.06953125 0.07265625
1 0.9703125 0.81328125 0.059375 0.0765625
1 0.98046875 0.96328125 0.0390625 0.06953125
1 0.85078125 0.88984375 0.08359375 0.078125
1 0.7265625 0.8171875 0.0671875 0.0640625
1 0.58046875 0.88828125 0.07421875 0.078125
1 0.45859375 0.9640625 0.0703125 0.071875
1 0.73671875 0.96328125 0.07109375 0.06171875