1 0.15859375 0.98046875 0.06796875 0.0390625
1 0.39765625 0.9703125 0.08515625 0.059375
1 0.28515625 0.9078125 0.0765625 0.075
1 0.05703125 0.91953125 0.0703125 0.0703125
1 0.1515625 0.8640625 0.0765625 0.071875
1 0.5296875 0.9125 0.0765625 0.075
1 0.65234375 0.971875 0.059375 0.05625
1 0.896875 0.97578125 0.0703125 0.04765625
1 0.77890625 0.909375 0.090625 0.10234375
1 0.89609375 0.83203125 0.06640625 0.08046875
1 0.9890625 0.76875 0.021875 0.09375
1 0.7875 0.76875 0.0890625 0.09375
1 0.9 0.671875 0.075 0.08515625
1 0.4078125 0.83046875 0.09921875 0.09375
1 0.0390625 0.76640625 0.078125 0.08203125
1 0.278125 0.7625 0.08515625 0.09375
1 0.528125 0.76875 0.090625 0.08515625
1 0.6546875 0.690625 0.0890625 0.08515625
1 0.15234375 0.68671875 0.08515625 0.090625
1 0.04921875 0.61640625 0.0953125 0.0890625
1 0.2890625 0.6265625 0.08671875 0.08046875
1 0.53671875 0.6171875 0.0734375 0.0734375
1 0.79453125 0.61796875 0.0765625 0.08046875
1 0.90625 0.55546875 0.06484375 0.071875
1 0.415625 0.54921875 0.06171875 0.075
1 0.6625 0.55 0.0890625 0.0765625
1 0.1625 0.5453125 0.078125 0.0734375
1 0.81796875 0.47890625 0.08203125 0.08671875
1 0.53984375 0.48359375 0.06796875 0.06796875
1 0.284375 0.4734375 0.071875 0.075
1 0.04453125 0.4703125 0.075 0.08203125
1 0.15234375 0.40703125 0.0734375 0.0734375
1 0.4203125 0.40078125 0.06796875 0.06484375
1 0.28359375 0.3328125 0.08203125 0.08515625
1 0.6609375 0.4 0.06328125 0.059375
1 0.90546875 0.4015625 0.04453125 0.05625
1 0.78984375 0.33203125 0.06484375 0.071875
1 0.925 0.2609375 0.059375 0.06328125
1 0.55 0.31875 0.071875 0.071875
1 0.678125 0.26796875 0.04765625 0.05625
1 0.059375 0.33125 0.06328125 0.06328125
1 0.159375 0.24765625 0.06796875 0.06484375
1 0.41484375 0.25078125 0.06640625 0.06796875
1 0.5375 0.178125 0.06171875 0.06484375
1 0.93359375 0.1203125 0.06640625 0.0703125
1 0.7953125 0.0578125 0.06328125 0.0703125
1 0.28984375 0.178125 0.059375 0.06484375
1 0.05546875 0.18203125 0.059375 0.06484375
1 0.16015625 0.1171875 0.071875 0.0703125
1 0.05625 0.03828125 0.075 0.0765625
1 0.29453125 0.03671875 0.09375 0.0734375
1 0.409375 0.1109375 0.06640625 0.0703125
1 0.5421875 0.03671875 0.075 0.0734375