1 0.9828125 0.03046875 0.03359375 0.06015625
1 0.7484375 0.028125 0.090625 0.05625
1 0.8703125 0.10078125 0.06171875 0.0640625
1 0.47734375 0.01484375 0.0640625 0.0296875
1 0.60625 0.08671875 0.0796875 0.07421875
1 0.4765625 0.165625 0.07421875 0.0640625
1 0.7421875 0.1734375 0.08515625 0.08515625
1 0.98828125 0.178125 0.0234375 0.06171875
1 0.87421875 0.25 0.07421875 0.0640625
1 0.6015625 0.24453125 0.06171875 0.06171875
1 0.23671875 0.02578125 0.07265625 0.0515625
1 0.09765625 0.08828125 0.08515625 0.07109375
1 0.22890625 0.1671875 0.0671875 0.05
1 0.103125 0.23671875 0.07421875 0.08515625
1 0.98203125 0.32890625 0.03515625 0.0546875
1 0.74140625 0.3203125 0.08359375 0.07421875
1 0.33359375 0.24296875 0.07265625 0.07109375
1 0.46953125 0.321875 0.07109375 0.07265625
1 0.60546875 0.39375 0.0765625 0.07109375
1 0.225 0.303125 0.0640625 0.0640625
1 0.3296875 0.39296875 0.07265625 0.0671875
1 0.471875 0.46640625 0.08125 0.08125
1 0.8625 0.40078125 0.08359375 0.0765625
1 0.971875 0.48359375 0.05625 0.0890625
1 0.865625 0.5515625 0.08125 0.0765625
1 0.728125 0.6265625 0.090625 0.090625
1 0.60625 0.5515625 0.08671875 0.078125
1 0.23046875 0.47109375 0.05859375 0.06171875
1 0.33359375 0.53984375 0.0671875 0.06953125
1 0.09609375 0.5421875 0.07109375 0.07265625
1 0.22578125 0.61328125 0.0671875 0.0671875
1 0.1015625 0.69296875 0.0796875 0.08515625
1 0.471875 0.6265625 0.07421875 0.065625
1 0.590625 0.70625 0.07109375 0.06015625
1 0.975 0.6375 0.05 0.06953125
1 0.8671875 0.7078125 0.08125 0.065625
1 0.9734375 0.7890625 0.053125 0.078125
1 0.865625 0.85703125 0.0921875 0.08359375
1 0.71953125 0.778125 0.09375 0.09609375
1 0.9765625 0.9453125 0.04609375 0.078125
1 0.8625 0.98359375 0.075 0.0328125
1 0.71953125 0.89921875 0.06171875 0.0640625
1 0.5921875 0.8546875 0.053125 0.0640625
1 0.5859375 0.98828125 0.07265625 0.0234375
1 0.459375 0.93203125 0.0640625 0.0640625
1 0.3375 0.98125 0.06171875 0.0375
1 0.46015625 0.778125 0.06953125 0.06953125
1 0.3265625 0.8421875 0.0671875 0.06015625
1 0.22578125 0.92578125 0.0765625 0.0640625
1 0.23125 0.77109375 0.07265625 0.07265625
1 0.09921875 0.8546875 0.08515625 0.08515625