1 0.8984375 0.9828125 0.07109375 0.03359375
1 0.76875 0.93984375 0.05625 0.059375
1 0.653125 0.99375 0.0625 0.01171875
1 0.4 0.98984375 0.05078125 0.0203125
1 0.296875 0.9515625 0.0578125 0.0640625
1 0.4078125 0.878125 0.07109375 0.07421875
1 0.62265625 0.88359375 0.059375 0.059375
1 0.53046875 0.82265625 0.07421875 0.078125
1 0.1828125 0.99453125 0.0640625 0.01015625
1 0.046875 0.94375 0.05625 0.0609375
1 0.16875 0.88671875 0.05625 0.05390625
1 0.27734375 0.8109375 0.05078125 0.05625
1 0.02734375 0.8109375 0.05390625 0.0625
1 0.1625 0.7671875 0.05390625 0.0578125
1 0.66875 0.715625 0.06640625 0.06953125
1 0.54140625 0.646875 0.07265625 0.0765625
1 0.40390625 0.73046875 0.0609375 0.06640625
1 0.89453125 0.7015625 0.0640625 0.059375
1 0.98984375 0.9203125 0.0203125 0.0640625
1 0.9921875 0.778125 0.015625 0.05078125
1 0.28046875 0.67421875 0.06796875 0.0609375
1 0.02890625 0.553125 0.0578125 0.06953125
1 0.1515625 0.60703125 0.05390625 0.05078125
1 0.1515625 0.52421875 0.059375 0.0640625
1 0.03125 0.46328125 0.0625 0.059375
1 0.4078125 0.5875 0.0640625 0.07265625
1 0.7578125 0.621875 0.0609375 0.06796875
1 0.65546875 0.57734375 0.05078125 0.0578125
1 0.90390625 0.55390625 0.059375 0.059375
1 0.90078125 0.41015625 0.0578125 0.0640625
1 0.7640625 0.45546875 0.06640625 0.06796875
1 0.65546875 0.403125 0.059375 0.06640625
1 0.528125 0.48828125 0.06640625 0.0796875
1 0.40234375 0.40234375 0.07265625 0.07265625
1 0.27265625 0.4765625 0.059375 0.06796875
1 0.03046875 0.33359375 0.0609375 0.06796875
1 0.27578125 0.34296875 0.0625 0.0625
1 0.1578125 0.26328125 0.05625 0.059375
1 0.52109375 0.33046875 0.06640625 0.06796875
1 0.7640625 0.32421875 0.059375 0.0640625
1 0.98671875 0.3390625 0.0265625 0.0625
1 0.99296875 0.63671875 0.01328125 0.06953125
1 0.99375 0.4765625 0.01171875 0.0578125
1 0.90625 0.265625 0.0640625 0.0625
1 0.65859375 0.25703125 0.0625 0.0640625
1 0.52421875 0.1921875 0.0625 0.06640625
1 0.4 0.259375 0.0609375 0.06796875
1 0.27265625 0.19765625 0.059375 0.059375
1 0.03203125 0.203125 0.0640625 0.0640625
1 0.15390625 0.115625 0.0625 0.06796875
1 0.0296875 0.0515625 0.059375 0.06953125
1 0.403125 0.11015625 0.06640625 0.06953125
1 0.2640625 0.03984375 0.0625 0.06953125
1 0.98203125 0.1921875 0.0359375 0.06953125
1 0.90078125 0.121875 0.0609375 0.0625
1 0.984375 0.04296875 0.03046875 0.05234375
1 0.8921875 0.01015625 0.06953125 0.0203125
1 0.759375 0.03984375 0.0640625 0.0578125
1 0.646875 0.00703125 0.0625 0.01328125
1 0.6375 0.12421875 0.05390625 0.05625
1 0.521875 0.04765625 0.07265625 0.06796875