1 0.46640625 0.2265625 0.0765625 0.1203125
1 0.2984375 0.19453125 0.08828125 0.134375
1 0.55546875 0.13984375 0.09609375 0.1421875
1 0.29765625 0.04609375 0.10625 0.0921875
1 0.465625 0.0453125 0.08671875 0.090625
1 0.19453125 0.0125 0.09375 0.025
1 0.6390625 0.05703125 0.08671875 0.11328125
1 0.740625 0.0140625 0.1078125 0.028125
1 0.93125 0.02890625 0.11875 0.0578125
1 0.821875 0.07734375 0.12265625 0.15390625
1 0.71953125 0.13125 0.1078125 0.16484375
1 0.9671875 0.09609375 0.065625 0.19140625
1 0.62421875 0.2265625 0.10078125 0.1421875
1 0.80078125 0.24140625 0.09921875 0.146875
1 0.8921875 0.171875 0.11015625 0.16328125
1 0.95390625 0.28671875 0.0921875 0.18984375
1 0.87109375 0.3546875 0.11328125 0.171875
1 0.6921875 0.3015625 0.09375 0.13828125
1 0.6078125 0.403125 0.090625 0.13828125
1 0.5265625 0.31171875 0.09375 0.15078125
1 0.6796875 0.46328125 0.078125 0.12421875
1 0.9546875 0.48671875 0.090625 0.16875
1 0.84921875 0.528125 0.09609375 0.16328125
1 0.77578125 0.42109375 0.103125 0.15390625
1 0.6625 0.60625 0.05859375 0.078125
1 0.6 0.5515625 0.08125 0.12734375
1 0.75703125 0.59765625 0.0921875 0.146875
1 0.98671875 0.5578125 0.0265625 0.171875
1 0.82421875 0.6625 0.078125 0.1453125
1 0.91171875 0.63828125 0.08828125 0.1453125
1 0.96953125 0.709375 0.06015625 0.134375
1 0.92578125 0.8140625 0.07265625 0.1203125
1 0.96953125 0.82734375 0.06015625 0.11171875
1 0.94453125 0.94140625 0.07421875 0.1078125
1 0.86015625 0.97109375 0.0703125 0.0578125
1 0.87265625 0.8734375 0.0671875 0.103125
1 0.796875 0.9390625 0.07109375 0.103125
1 0.803125 0.79765625 0.08359375 0.13984375
1 0.72578125 0.95625 0.06953125 0.08671875
1 0.78828125 0.990625 0.0609375 0.01875
1 0.7375 0.83046875 0.07109375 0.11328125
1 0.59609375 0.66171875 0.07109375 0.11171875
1 0.58046875 0.77578125 0.05703125 0.078125
1 0.65859375 0.7765625 0.07421875 0.12265625
1 0.66640625 0.8890625 0.07109375 0.11015625
1 0.65078125 0.96640625 0.078125 0.0671875
1 0.5640625 0.96796875 0.08125 0.0640625
1 0.5796875 0.86875 0.06015625 0.103125
1 0.51953125 0.803125 0.053125 0.09609375
1 0.51875 0.884375 0.0640625 0.08515625
1 0.45390625 0.93984375 0.06015625 0.10078125
1 0.4484375 0.990625 0.059375 0.01875
1 0.4625 0.74609375 0.06171875 0.0765625
1 0.45859375 0.83828125 0.0421875 0.07265625
1 0.53671875 0.46015625 0.07109375 0.11328125
1 0.45859375 0.51875 0.0640625 0.11015625
1 0.38671875 0.571875 0.0640625 0.09921875
1 0.38203125 0.46015625 0.06953125 0.1046875
1 0.3921875 0.96796875 0.05 0.0640625
1 0.3953125 0.89453125 0.0546875 0.09609375
1 0.32109375 0.7390625 0.05859375 0.09375
1 0.33359375 0.8515625 0.053125 0.08671875
1 0.33828125 0.93203125 0.04765625 0.07421875
1 0.33984375 0.98046875 0.0515625 0.0390625
1 0.28203125 0.96484375 0.0515625 0.0703125
1 0.2734375 0.88203125 0.053125 0.09609375
1 0.23046875 0.98203125 0.03203125 0.03515625
1 0.221875 0.91484375 0.06015625 0.103125
1 0.15703125 0.9625 0.06953125 0.07421875
1 0.14921875 0.86328125 0.06171875 0.10625
1 0.0703125 0.81953125 0.06953125 0.12265625
1 0.01953125 0.8625 0.0390625 0.090625
1 0.03359375 0.95234375 0.0609375 0.0953125
1 0.0828125 0.9328125 0.0640625 0.09375
1 0.1 0.984375 0.05 0.03125
1 0.01484375 0.5015625 0.0296875 0.096875
1 0.009375 0.35625 0.01875 0.14375
1 0.00625 0.109375 0.0125 0.1046875
1 0.04140625 0.04375 0.0765625 0.08671875
1 0.20546875 0.0984375 0.09921875 0.1296875
1 0.14296875 0.34765625 0.0765625 0.11328125
1 0.15703125 0.2390625 0.078125 0.12734375
1 0.21875 0.28984375 0.0765625 0.11171875
1 0.2328125 0.4078125 0.06171875 0.10078125
1 0.2421875 0.553125 0.06171875 0.10078125
1 0.21640625 0.8078125 0.05859375 0.09609375
1 0.26171875 0.7609375 0.05703125 0.103125
1 0.18828125 0.7359375 0.06953125 0.103125
1 0.24765625 0.68046875 0.07421875 0.134375
1 0.32421875 0.61875 0.0546875 0.08671875
1 0.509375 0.96328125 0.07265625 0.07265625
1 0.7296875 0.71015625 0.08515625 0.14921875