1 0.453125 0.73671875 0.071875 0.11328125
1 0.29609375 0.7671875 0.08359375 0.1265625
1 0.5375 0.81796875 0.08984375 0.13359375
1 0.2953125 0.93125 0.1 0.1375
1 0.45234375 0.92890625 0.08203125 0.128125
1 0.5390625 0.97890625 0.071875 0.04140625
1 0.19765625 0.96328125 0.08828125 0.0734375
1 0.61640625 0.91640625 0.08203125 0.1453125
1 0.7109375 0.96171875 0.1015625 0.0765625
1 0.890625 0.9484375 0.11171875 0.103125
1 0.78828125 0.896875 0.11484375 0.18359375
1 0.69140625 0.8265625 0.1015625 0.1546875
1 0.94609375 0.86640625 0.1078125 0.1953125
1 0.6015625 0.73671875 0.0953125 0.13359375
1 0.7671875 0.7234375 0.09296875 0.13828125
1 0.853125 0.78828125 0.103125 0.153125
1 0.9296875 0.68203125 0.121875 0.178125
1 0.834375 0.61640625 0.10703125 0.16171875
1 0.665625 0.66640625 0.08828125 0.1296875
1 0.58671875 0.57109375 0.08515625 0.1296875
1 0.51015625 0.65703125 0.08828125 0.14140625
1 0.65390625 0.5140625 0.0734375 0.11640625
1 0.91484375 0.49296875 0.08984375 0.15859375
1 0.81328125 0.453125 0.08984375 0.153125
1 0.74453125 0.55390625 0.096875 0.1453125
1 0.6375 0.3796875 0.0546875 0.0734375
1 0.57890625 0.43203125 0.0765625 0.1203125
1 0.7265625 0.38828125 0.08671875 0.13828125
1 0.96484375 0.42578125 0.0703125 0.16171875
1 0.9859375 0.59453125 0.028125 0.1046875
1 0.78984375 0.32734375 0.0734375 0.13671875
1 0.871875 0.35 0.08359375 0.13671875
1 0.9375 0.28359375 0.078125 0.1265625
1 0.9796875 0.203125 0.03984375 0.1234375
1 0.88515625 0.18515625 0.06796875 0.11328125
1 0.93203125 0.1734375 0.06484375 0.1046875
1 0.9828125 0.1140625 0.034375 0.1
1 0.9703125 0.02421875 0.059375 0.0484375
1 0.90234375 0.06484375 0.0703125 0.1015625
1 0.82421875 0.0328125 0.06484375 0.06484375
1 0.83515625 0.12890625 0.06328125 0.096875
1 0.7640625 0.0671875 0.06640625 0.096875
1 0.7703125 0.2 0.078125 0.13203125
1 0.69765625 0.04609375 0.06484375 0.09140625
1 0.75703125 0.0140625 0.05703125 0.028125
1 0.70859375 0.16953125 0.06640625 0.10703125
1 0.575 0.328125 0.06640625 0.1046875
1 0.5609375 0.22109375 0.053125 0.0734375
1 0.634375 0.2203125 0.0703125 0.11484375
1 0.64140625 0.1140625 0.06640625 0.103125
1 0.6265625 0.03671875 0.0734375 0.0734375
1 0.5453125 0.03515625 0.0765625 0.0703125
1 0.56015625 0.13359375 0.05703125 0.096875
1 0.503125 0.1953125 0.05 0.08984375
1 0.50234375 0.11796875 0.06015625 0.0796875
1 0.44140625 0.06640625 0.05703125 0.0953125
1 0.4375 0.0140625 0.0546875 0.028125
1 0.45 0.2484375 0.05859375 0.071875
1 0.44609375 0.16171875 0.03984375 0.06796875
1 0.51953125 0.5171875 0.06640625 0.10703125
1 0.44609375 0.4625 0.06015625 0.103125
1 0.378125 0.4125 0.06015625 0.09296875
1 0.37421875 0.5171875 0.06484375 0.0984375
1 0.38359375 0.03515625 0.046875 0.0703125
1 0.38671875 0.109375 0.0515625 0.08984375
1 0.31640625 0.2546875 0.0546875 0.08828125
1 0.328125 0.14921875 0.05 0.08203125
1 0.33359375 0.07421875 0.0453125 0.0703125
1 0.334375 0.0234375 0.0484375 0.046875
1 0.28046875 0.03828125 0.0484375 0.0765625
1 0.271875 0.12109375 0.05 0.08984375
1 0.23203125 0.021875 0.0296875 0.04296875
1 0.2234375 0.08984375 0.05703125 0.096875
1 0.1625 0.03984375 0.06484375 0.0796875
1 0.1546875 0.13828125 0.05859375 0.1
1 0.08046875 0.1796875 0.06484375 0.11484375
1 0.00703125 0.10234375 0.01328125 0.0984375
1 0.02578125 0.1390625 0.0515625 0.08515625
1 0.01484375 0.03359375 0.0296875 0.06640625
1 0.04765625 0.05390625 0.05859375 0.09296875
1 0.0921875 0.0734375 0.06015625 0.08828125
1 0.11015625 0.0203125 0.046875 0.03984375
1 0.071875 0.009375 0.05703125 0.01796875
1 0.021875 0.47890625 0.04296875 0.09140625
1 0.01640625 0.61484375 0.0328125 0.1359375
1 0.01328125 0.84765625 0.0265625 0.0984375
1 0.0546875 0.9171875 0.071875 0.096875
1 0.20859375 0.8578125 0.09296875 0.121875
1 0.14921875 0.6234375 0.071875 0.10703125
1 0.1625 0.725 0.0734375 0.1203125
1 0.22109375 0.67734375 0.071875 0.1046875
1 0.234375 0.56640625 0.05859375 0.0953125
1 0.2421875 0.4296875 0.05859375 0.0953125
1 0.21796875 0.190625 0.0546875 0.08984375
1 0.2609375 0.23515625 0.053125 0.096875
1 0.19140625 0.25859375 0.06484375 0.096875
1 0.24765625 0.31015625 0.0703125 0.1265625
1 0.3203125 0.36796875 0.0515625 0.08203125
1 0.49453125 0.0390625 0.06796875 0.078125
1 0.8796875 0.00546875 0.059375 0.0109375
1 0.70078125 0.2828125 0.0796875 0.13984375