1 0.4703125 0.721875 0.0671875 0.10625
1 0.32265625 0.75078125 0.078125 0.11875
1 0.54921875 0.7984375 0.084375 0.125
1 0.32265625 0.90546875 0.09375 0.1296875
1 0.46953125 0.90234375 0.0765625 0.1203125
1 0.55078125 0.96484375 0.0671875 0.0703125
1 0.23046875 0.95 0.0828125 0.1
1 0.6234375 0.890625 0.0765625 0.1359375
1 0.7125 0.9484375 0.0953125 0.103125
1 0.88125 0.9359375 0.1046875 0.128125
1 0.784375 0.871875 0.1078125 0.171875
1 0.69375 0.80625 0.0953125 0.1453125
1 0.940625 0.8453125 0.115625 0.1828125
1 0.609375 0.721875 0.0890625 0.125
1 0.76484375 0.709375 0.0875 0.1296875
1 0.8453125 0.7703125 0.096875 0.14375
1 0.9171875 0.6703125 0.1140625 0.1671875
1 0.82734375 0.609375 0.1 0.1515625
1 0.66953125 0.65625 0.0828125 0.121875
1 0.5953125 0.56640625 0.0796875 0.121875
1 0.5234375 0.646875 0.0828125 0.1328125
1 0.65859375 0.51328125 0.06875 0.109375
1 0.903125 0.49375 0.084375 0.1484375
1 0.8078125 0.45625 0.084375 0.14375
1 0.74296875 0.55078125 0.090625 0.1359375
1 0.64296875 0.3875 0.0515625 0.06875
1 0.58828125 0.4359375 0.071875 0.1125
1 0.7265625 0.3953125 0.08125 0.1296875
1 0.95859375 0.43125 0.0828125 0.1515625
1 0.978125 0.5890625 0.04375 0.0984375
1 0.7859375 0.33828125 0.06875 0.128125
1 0.8625 0.359375 0.078125 0.128125
1 0.92421875 0.296875 0.0734375 0.11875
1 0.97265625 0.221875 0.0546875 0.115625
1 0.875 0.2046875 0.0640625 0.10625
1 0.91875 0.19375 0.0609375 0.0984375
1 0.97578125 0.1390625 0.0484375 0.09375
1 0.959375 0.03828125 0.0609375 0.0765625
1 0.89140625 0.0921875 0.065625 0.0953125
1 0.81875 0.04609375 0.0609375 0.0921875
1 0.828125 0.15234375 0.059375 0.090625
1 0.76171875 0.09453125 0.0625 0.090625
1 0.7671875 0.21875 0.0734375 0.1234375
1 0.69921875 0.0609375 0.0609375 0.1125
1 0.7546875 0.02890625 0.053125 0.0578125
1 0.709375 0.18984375 0.0625 0.1
1 0.584375 0.3390625 0.0625 0.0984375
1 0.57109375 0.23828125 0.05 0.06875
1 0.63984375 0.2375 0.065625 0.1078125
1 0.646875 0.13828125 0.0625 0.096875
1 0.63359375 0.05 0.06875 0.1
1 0.55703125 0.0484375 0.071875 0.096875
1 0.5703125 0.15625 0.053125 0.090625
1 0.5171875 0.2140625 0.046875 0.084375
1 0.51640625 0.1421875 0.05625 0.075
1 0.459375 0.09375 0.053125 0.0890625
1 0.45546875 0.02890625 0.0515625 0.0578125
1 0.4671875 0.2640625 0.0546875 0.0671875
1 0.46328125 0.1828125 0.0375 0.0640625
1 0.53203125 0.51640625 0.0625 0.1
1 0.46328125 0.46484375 0.05625 0.096875
1 0.4 0.41796875 0.05625 0.0875
1 0.39609375 0.51640625 0.0609375 0.0921875
1 0.40546875 0.05625 0.04375 0.0828125
1 0.4078125 0.13359375 0.0484375 0.084375
1 0.3421875 0.2703125 0.0515625 0.0828125
1 0.353125 0.17109375 0.046875 0.0765625
1 0.3578125 0.10078125 0.0421875 0.065625
1 0.35859375 0.0421875 0.0453125 0.0671875
1 0.309375 0.06171875 0.0453125 0.0828125
1 0.3 0.14453125 0.046875 0.084375
1 0.26328125 0.04921875 0.028125 0.0453125
1 0.2546875 0.115625 0.053125 0.090625
1 0.19765625 0.0640625 0.0609375 0.0859375
1 0.190625 0.1609375 0.0546875 0.09375
1 0.12109375 0.2 0.0609375 0.1078125
1 0.0171875 0.2171875 0.034375 0.103125
1 0.03359375 0.128125 0.0484375 0.0921875
1 0.06875 0.1625 0.0515625 0.0796875
1 0.04609375 0.0515625 0.0546875 0.0859375
1 0.08984375 0.08203125 0.0546875 0.0875
1 0.13203125 0.1 0.05625 0.0828125
1 0.1484375 0.03671875 0.04375 0.0640625
1 0.1125 0.02421875 0.053125 0.0484375
1 0.015625 0.3546875 0.03125 0.0984375
1 0.03203125 0.44140625 0.034375 0.05625
1 0.05859375 0.48125 0.05625 0.0859375
1 0.0421875 0.609375 0.06875 0.1265625
1 0.04453125 0.82578125 0.053125 0.0921875
1 0.096875 0.89140625 0.0671875 0.090625
1 0.240625 0.83515625 0.0875 0.1140625
1 0.18515625 0.615625 0.0671875 0.1
1 0.19765625 0.7109375 0.06875 0.1125
1 0.25234375 0.66640625 0.0671875 0.0984375
1 0.26484375 0.5625 0.0546875 0.0890625
1 0.27265625 0.434375 0.0546875 0.0890625
1 0.25 0.21015625 0.0515625 0.084375
1 0.28984375 0.2515625 0.05 0.090625
1 0.225 0.2734375 0.0609375 0.090625
1 0.27734375 0.321875 0.065625 0.11875
1 0.3453125 0.3765625 0.0484375 0.0765625
1 0.509375 0.05859375 0.0640625 0.09375
1 0.871875 0.02109375 0.0546875 0.0421875
1 0.70234375 0.29609375 0.075 0.13125