1 0.39765625 0.6828125 0.1640625 0.19296875
1 0.178125 0.70078125 0.1140625 0.159375
1 0.059375 0.59140625 0.11875 0.19453125
1 0.05703125 0.91796875 0.1140625 0.16328125
1 0.27890625 0.9140625 0.1375 0.17109375
1 0.503125 0.78515625 0.1125 0.15390625
1 0.62109375 0.66953125 0.1140625 0.175
1 0.7453125 0.59609375 0.140625 0.18515625
1 0.8625 0.36640625 0.12578125 0.1828125
1 0.50859375 0.26953125 0.12578125 0.1734375
1 0.30546875 0.27578125 0.14921875 0.17734375
1 0.63828125 0.07109375 0.14296875 0.14140625
1 0.06015625 0.2796875 0.1203125 0.18125
1 0.18828125 0.19296875 0.1359375 0.1890625
1 0.3140625 0.09609375 0.134375 0.165625
1 0.1921875 0.05546875 0.12890625 0.11015625
1 0.06875 0.0921875 0.13125 0.1671875
1 0.95078125 0.60390625 0.0984375 0.1640625
1 0.9546875 0.7796875 0.090625 0.165625
1 0.85546875 0.84453125 0.12421875 0.1828125
1 0.734375 0.91640625 0.12890625 0.1671875
1 0.60625 0.9515625 0.14296875 0.09609375
1 0.9484375 0.03359375 0.10234375 0.0671875
1 0.00703125 0.0515625 0.01328125 0.10234375
1 0.5078125 0.0234375 0.1390625 0.046875
1 0.50859375 0.5921875 0.1125 0.14140625
1 0.4078125 0.51171875 0.1171875 0.12578125
1 0.8515625 0.9671875 0.14296875 0.06484375