1 0.928125 0.96875 0.1234375 0.0609375
1 0.9828125 0.9484375 0.0328125 0.103125
1 0.9859375 0.8015625 0.028125 0.18515625
1 0.8171875 0.9265625 0.1015625 0.12265625
1 0.9234375 0.8828125 0.1015625 0.12109375
1 0.8265625 0.7578125 0.0953125 0.12265625
1 0.925 0.7390625 0.103125 0.14140625
1 0.93125 0.57265625 0.125 0.17578125
1 0.9921875 0.48984375 0.015625 0.16328125
1 0.9390625 0.27734375 0.1203125 0.17265625
1 0.8359375 0.06328125 0.115625 0.1265625
1 0.9375 0.13046875 0.125 0.13203125
1 0.0265625 0.978125 0.0515625 0.04375
1 0.0296875 0.77265625 0.0578125 0.16484375
1 0.025 0.91015625 0.05 0.11953125
1 0.0953125 0.9390625 0.09375 0.11953125
1 0.196875 0.90625 0.134375 0.1703125
1 0.203125 0.746875 0.11875 0.1453125
1 0.296875 0.68984375 0.1328125 0.1875
1 0.30078125 0.9609375 0.1296875 0.078125
1 0.3984375 0.99453125 0.125 0.0109375
1 0.5078125 0.8734375 0.1328125 0.17578125
1 0.403125 0.7796875 0.121875 0.19296875
1 0.4046875 0.94296875 0.103125 0.11171875
1 0.6265625 0.915625 0.0890625 0.14296875
1 0.8421875 0.48984375 0.103125 0.1484375
1 0.7375 0.56484375 0.1140625 0.18359375
1 0.625 0.62734375 0.103125 0.159375
1 0.5234375 0.55078125 0.1421875 0.15234375
1 0.51875 0.70078125 0.10625 0.13359375
1 0.3984375 0.4828125 0.1234375 0.1484375
1 0.528125 0.40390625 0.1296875 0.17265625
1 0.409375 0.31953125 0.134375 0.1671875
1 0.525 0.24609375 0.1171875 0.1484375
1 0.5328125 0.11953125 0.121875 0.12109375
1 0.2046875 0.19609375 0.14375 0.18359375
1 0.3171875 0.13359375 0.1109375 0.15234375
1 0.0953125 0.1140625 0.1078125 0.16484375
1 0.02421875 0.06484375 0.0484375 0.1296875
1 0.2234375 0.05390625 0.1125 0.1078125
1 0.32734375 0.0265625 0.1140625 0.053125
1 0.5375 0.03359375 0.1375 0.0671875
1 0.64296875 0.0578125 0.0765625 0.115625
1 0.93984375 0.0390625 0.1171875 0.078125
1 0.0296875 0.609375 0.0578125 0.1890625
1 0.0859375 0.55390625 0.1140625 0.16484375
1 0.190625 0.49375 0.115625 0.1453125
1 0.0328125 0.33359375 0.0640625 0.16328125
1 0.8328125 0.63515625 0.11875 0.1359375
1 0.5203125 0.9703125 0.14375 0.05703125