1 0.853125 0.02421875 0.0875 0.0484375
1 0.778125 0.0546875 0.0875 0.10703125
1 0.9328125 0.0546875 0.0890625 0.10859375
1 0.8625 0.103125 0.09296875 0.11328125
1 0.9734375 0.20703125 0.053125 0.1390625
1 0.6375 0.0546875 0.0828125 0.0890625
1 0.36484375 0.040625 0.06328125 0.08046875
1 0.6390625 0.14296875 0.06875 0.08046875
1 0.50859375 0.1453125 0.0671875 0.07265625
1 0.5703125 0.1875 0.0828125 0.1046875
1 0.50546875 0.25 0.0859375 0.09453125
1 0.365625 0.2421875 0.07578125 0.10078125
1 0.70625 0.19375 0.0890625 0.103125
1 0.78515625 0.24765625 0.1 0.1109375
1 0.70625 0.29453125 0.08046875 0.1109375
1 0.63203125 0.25390625 0.1 0.10859375
1 0.92421875 0.36328125 0.06171875 0.07265625
1 0.98125 0.41015625 0.0375 0.09453125
1 0.8609375 0.40546875 0.0859375 0.11875
1 0.92578125 0.46171875 0.0859375 0.10859375
1 0.78359375 0.35859375 0.1015625 0.1109375
1 0.7765625 0.459375 0.103125 0.10859375
1 0.69921875 0.40703125 0.09453125 0.13125
1 0.6375 0.3484375 0.071875 0.09453125
1 0.57578125 0.38515625 0.065625 0.0984375
1 0.63203125 0.45390625 0.084375 0.08671875
1 0.5546875 0.50390625 0.06875 0.09453125
1 0.35546875 0.44921875 0.09296875 0.11328125
1 0.35234375 0.55625 0.1015625 0.103125
1 0.5 0.55234375 0.06171875 0.084375
1 0.43125 0.590625 0.09140625 0.0890625
1 0.48828125 0.62265625 0.09453125 0.09453125
1 0.42109375 0.6734375 0.07734375 0.10078125
1 0.3484375 0.7234375 0.07578125 0.10859375
1 0.35234375 0.8203125 0.071875 0.0890625
1 0.47734375 0.721875 0.09296875 0.103125
1 0.56015625 0.7640625 0.07890625 0.10078125
1 0.48828125 0.82421875 0.084375 0.0984375
1 0.9796875 0.50546875 0.040625 0.1140625
1 0.98046875 0.59765625 0.0390625 0.1046875
1 0.97109375 0.690625 0.0578125 0.1125
1 0.92578125 0.56015625 0.09296875 0.1109375
1 0.92578125 0.6515625 0.0671875 0.09453125
1 0.859375 0.50234375 0.0859375 0.096875
1 0.85390625 0.603125 0.1 0.103125
1 0.85390625 0.69765625 0.09609375 0.0890625
1 0.7765625 0.55859375 0.1046875 0.12265625
1 0.6390625 0.55078125 0.07890625 0.0890625
1 0.69921875 0.5828125 0.07890625 0.09296875
1 0.62578125 0.64296875 0.0875 0.09453125
1 0.703125 0.68359375 0.10859375 0.1171875
1 0.71171875 0.78046875 0.1 0.09453125
1 0.63046875 0.83671875 0.1 0.125
1 0.353125 0.99140625 0.0875 0.0171875
1 0.35234375 0.92734375 0.0890625 0.11328125
1 0.565625 0.86875 0.09140625 0.0984375
1 0.484375 0.92109375 0.1 0.10703125
1 0.41875 0.96015625 0.0875 0.0796875
1 0.4921875 0.9859375 0.1046875 0.028125
1 0.92265625 0.8328125 0.09140625 0.09296875
1 0.85078125 0.784375 0.1 0.096875
1 0.7796875 0.834375 0.09609375 0.10703125
1 0.7046875 0.88671875 0.09453125 0.10078125
1 0.91953125 0.93515625 0.0875 0.096875
1 0.98125 0.96484375 0.0375 0.0703125
1 0.8390625 0.96328125 0.0875 0.0734375
1 0.12578125 0.909375 0.071875 0.084375
1 0.0578125 0.9546875 0.08046875 0.090625
1 0.053125 0.8671875 0.07734375 0.08671875
1 0.0125 0.903125 0.025 0.090625
1 0.134375 0.81875 0.07734375 0.090625
1 0.05859375 0.76171875 0.07421875 0.096875
1 0.01171875 0.8015625 0.0234375 0.1125
1 0.1375 0.3328125 0.07578125 0.09296875
1 0.1359375 0.42734375 0.07890625 0.0890625
1 0.13046875 0.52421875 0.0859375 0.096875
1 0.12890625 0.62109375 0.0890625 0.0890625
1 0.13046875 0.715625 0.0890625 0.10859375
1 0.05859375 0.4796875 0.07734375 0.0984375
1 0.05703125 0.57421875 0.0828125 0.0984375
1 0.0546875 0.6734375 0.0875 0.103125
1 0.01171875 0.7 0.0234375 0.0875
1 0.0125 0.42890625 0.025 0.0890625
1 0.00859375 0.51796875 0.0171875 0.096875
1 0.0078125 0.60546875 0.015625 0.090625
1 0.1375 0.23984375 0.0859375 0.09296875
1 0.0671875 0.28203125 0.07578125 0.08671875
1 0.01875 0.33359375 0.0375 0.0984375
1 0.1375 0.14296875 0.07890625 0.09296875
1 0.14453125 0.04609375 0.0796875 0.0921875
1 0.06171875 0.0203125 0.0890625 0.040625
1 0.01484375 0.03828125 0.02890625 0.0765625
1 0.06015625 0.0890625 0.09140625 0.09296875
1 0.01640625 0.14140625 0.0328125 0.1046875
1 0.06328125 0.1796875 0.0859375 0.096875
1 0.021875 0.2328125 0.04375 0.09375