1 0.18984375 0.01640625 0.0703125 0.0328125
1 0.33828125 0.015625 0.09140625 0.03125
1 0.41796875 0.003125 0.09296875 0.00625
1 0.49609375 0.01953125 0.07734375 0.0390625
1 0.71640625 0.003125 0.0703125 0.00625
1 0.93359375 0.025 0.07890625 0.04921875
1 0.03984375 0.08984375 0.07890625 0.1015625
1 0.0390625 0.18203125 0.07578125 0.084375
1 0.109375 0.13671875 0.07734375 0.10546875
1 0.18828125 0.0890625 0.0828125 0.103125
1 0.2640625 0.14453125 0.07890625 0.10546875
1 0.34296875 0.0953125 0.0859375 0.11171875
1 0.41875 0.0765625 0.07578125 0.1015625
1 0.04375 0.2875 0.0859375 0.096875
1 0.1109375 0.24140625 0.0828125 0.1078125
1 0.18984375 0.29921875 0.07578125 0.096875
1 0.25546875 0.24375 0.08125 0.090625
1 0.32734375 0.20234375 0.08125 0.10546875
1 0.41015625 0.1609375 0.0859375 0.103125
1 0.49296875 0.10546875 0.09140625 0.0953125
1 0.571875 0.0828125 0.08984375 0.103125
1 0.64296875 0.1078125 0.0578125 0.06015625
1 0.03515625 0.38046875 0.0703125 0.09921875
1 0.109375 0.3390625 0.08984375 0.1015625
1 0.03671875 0.48671875 0.0734375 0.0984375
1 0.109375 0.4421875 0.09140625 0.121875
1 0.18515625 0.39453125 0.0859375 0.1015625
1 0.2640625 0.3453125 0.08984375 0.115625
1 0.3328125 0.3078125 0.0859375 0.103125
1 0.403125 0.2625 0.07734375 0.096875
1 0.4890625 0.20078125 0.07890625 0.08046875
1 0.57421875 0.16953125 0.071875 0.0890625
1 0.56875 0.26640625 0.08125 0.103125
1 0.49140625 0.3015625 0.07890625 0.103125
1 0.41015625 0.36328125 0.07578125 0.09296875
1 0.33828125 0.4109375 0.08125 0.1015625
1 0.2625 0.45234375 0.0953125 0.09921875
1 0.19375 0.5 0.09296875 0.11171875
1 0.10234375 0.5453125 0.08984375 0.109375
1 0.0390625 0.603125 0.07734375 0.11171875
1 0.034375 0.7984375 0.06875 0.096875
1 0.03984375 0.70859375 0.07890625 0.09921875
1 0.1 0.65078125 0.0828125 0.096875
1 0.1828125 0.603125 0.09140625 0.09921875
1 0.25546875 0.5515625 0.0953125 0.1078125
1 0.34140625 0.49375 0.09296875 0.0953125
1 0.4140625 0.45078125 0.09296875 0.103125
1 0.4859375 0.409375 0.0828125 0.1015625
1 0.56015625 0.4546875 0.06328125 0.07421875
1 0.571875 0.365625 0.0859375 0.1015625
1 0.49296875 0.51015625 0.07421875 0.090625
1 0.56171875 0.5640625 0.07890625 0.11171875
1 0.42109375 0.55546875 0.08125 0.11171875
1 0.34296875 0.59921875 0.09140625 0.11328125
1 0.403125 0.653125 0.071875 0.0703125
1 0.25859375 0.6546875 0.084375 0.10546875
1 0.1828125 0.7109375 0.07890625 0.11171875
1 0.10546875 0.74609375 0.09296875 0.109375
1 0.040625 0.9 0.08125 0.121875
1 0.10546875 0.8515625 0.09296875 0.109375
1 0.03046875 0.978125 0.0609375 0.04375
1 0.103125 0.95625 0.1 0.08671875
1 0.1828125 0.80546875 0.1 0.121875
1 0.1828125 0.90703125 0.09296875 0.1078125
1 0.17890625 0.97578125 0.0953125 0.0484375
1 0.94375 0.11328125 0.08984375 0.109375
1 0.9875 0.165625 0.025 0.12421875
1 0.64296875 0.21484375 0.0828125 0.0953125
1 0.7109375 0.1609375 0.0859375 0.096875
1 0.7890625 0.115625 0.0828125 0.0828125
1 0.8640625 0.171875 0.0828125 0.090625
1 0.93984375 0.22734375 0.084375 0.10546875
1 0.98515625 0.275 0.0296875 0.11953125
1 0.98515625 0.38046875 0.0296875 0.1078125
1 0.6359375 0.30546875 0.08125 0.1015625
1 0.70625 0.26484375 0.07578125 0.090625
1 0.78359375 0.21484375 0.0828125 0.11171875
1 0.859375 0.26875 0.0859375 0.11328125
1 0.93125 0.33046875 0.084375 0.09921875
1 0.93828125 0.4171875 0.0828125 0.103125
1 0.98515625 0.4765625 0.0296875 0.10546875
1 0.790625 0.3140625 0.07578125 0.1015625
1 0.85703125 0.371875 0.071875 0.09921875
1 0.78671875 0.403125 0.09140625 0.09296875
1 0.7078125 0.35546875 0.08125 0.096875
1 0.6375 0.40078125 0.07890625 0.09296875
1 0.63203125 0.60546875 0.07734375 0.0953125
1 0.70078125 0.54921875 0.07578125 0.09921875
1 0.6359375 0.50390625 0.0828125 0.10546875
1 0.7078125 0.45625 0.096875 0.0953125
1 0.78671875 0.61171875 0.08984375 0.1015625
1 0.78671875 0.50625 0.08828125 0.10546875
1 0.859375 0.46875 0.07890625 0.103125
1 0.9421875 0.51875 0.07734375 0.103125
1 0.98828125 0.57734375 0.02265625 0.109375
1 0.86953125 0.56640625 0.096875 0.09921875
1 0.93671875 0.621875 0.07578125 0.09921875
1 0.2609375 0.75859375 0.07734375 0.1015625
1 0.25703125 0.85546875 0.07734375 0.103125
1 0.2578125 0.95 0.08125 0.1
1 0.32734375 0.98203125 0.0828125 0.0359375
1 0.33828125 0.70625 0.08125 0.0890625
1 0.334375 0.8140625 0.09140625 0.121875
1 0.3328125 0.9109375 0.0859375 0.090625
1 0.4109375 0.9515625 0.07578125 0.096875
1 0.41015625 0.8578125 0.0828125 0.096875
1 0.41171875 0.75 0.08125 0.10546875
1 0.48046875 0.69609375 0.0859375 0.109375
1 0.55625 0.659375 0.07734375 0.0890625
1 0.56171875 0.75234375 0.07890625 0.096875
1 0.47890625 0.8078125 0.08125 0.0953125
1 0.484375 0.90703125 0.08828125 0.09921875
1 0.484375 0.975 0.07734375 0.04921875
1 0.55390625 0.95625 0.07890625 0.08671875
1 0.553125 0.85546875 0.08984375 0.103125
1 0.63359375 0.6984375 0.08828125 0.10546875
1 0.6390625 0.81171875 0.0859375 0.090625
1 0.6390625 0.90078125 0.0828125 0.09296875
1 0.63359375 0.97265625 0.1078125 0.0546875
1 0.70625 0.653125 0.07734375 0.084375
1 0.71328125 0.76640625 0.07421875 0.103125
1 0.778125 0.72734375 0.084375 0.1078125
1 0.8609375 0.665625 0.0953125 0.0890625
1 0.93515625 0.72109375 0.08125 0.1015625
1 0.98125 0.66640625 0.03671875 0.096875
1 0.9828125 0.7765625 0.034375 0.103125
1 0.7109375 0.86171875 0.084375 0.09921875
1 0.70234375 0.95859375 0.08828125 0.0828125
1 0.78671875 0.81796875 0.0828125 0.0953125
1 0.859375 0.7765625 0.08984375 0.1015625
1 0.9328125 0.81796875 0.08125 0.0953125
1 0.9828125 0.8796875 0.034375 0.103125
1 0.98125 0.9625 0.03671875 0.07421875
1 0.93671875 0.93203125 0.08125 0.115625
1 0.778125 0.98359375 0.084375 0.0328125
1 0.7796875 0.921875 0.08125 0.09296875
1 0.8609375 0.86953125 0.08984375 0.0828125
1 0.8578125 0.96328125 0.090625 0.0734375