1 0.94921875 0.06484375 0.10078125 0.1296875
1 0.940625 0.2453125 0.11796875 0.19140625
1 0.93359375 0.48359375 0.1328125 0.2578125
1 0.93515625 0.7375 0.12890625 0.20703125
1 0.94296875 0.93515625 0.1140625 0.1296875
1 0.8203125 0.87421875 0.2078125 0.22265625
1 0.8015625 0.6125 0.1984375 0.2046875
1 0.79765625 0.3703125 0.1609375 0.20703125
1 0.7921875 0.1296875 0.17265625 0.19609375
1 0.6171875 0.0640625 0.1703125 0.128125
1 0.63125 0.24921875 0.21875 0.225
1 0.61640625 0.48203125 0.17578125 0.21796875
1 0.6125 0.725 0.18203125 0.20703125
1 0.6140625 0.9140625 0.21328125 0.171875
1 0.415625 0.85 0.190625 0.19140625
1 0.425 0.6125 0.18203125 0.23125
1 0.425 0.36328125 0.1703125 0.23125
1 0.43828125 0.11640625 0.17265625 0.20703125
1 0.2671875 0.059375 0.21875 0.11875
1 0.25078125 0.2421875 0.17578125 0.19375
1 0.246875 0.4671875 0.1875 0.23984375
1 0.2375 0.725 0.20234375 0.23125
1 0.2328125 0.91953125 0.196875 0.1609375
1 0.07734375 0.86015625 0.1546875 0.2109375
1 0.08671875 0.6171875 0.1734375 0.228125
1 0.084375 0.36875 0.16875 0.24921875
1 0.08515625 0.13515625 0.1703125 0.23125
1 0.0078125 0.059375 0.01484375 0.11875