1 0.60546875 0.98671875 0.0859375 0.0265625
1 0.75 0.9875 0.0828125 0.0234375
1 0.871875 0.946875 0.0703125 0.0859375
1 0.6734375 0.88125 0.1 0.08046875
1 0.6703125 0.96328125 0.1125 0.0734375
1 0.8046875 0.88671875 0.08125 0.0859375
1 0.7984375 0.7890625 0.1 0.096875
1 0.6796875 0.7859375 0.075 0.096875
1 0.871875 0.75078125 0.08125 0.09921875
1 0.934375 0.70703125 0.078125 0.08984375
1 0.9734375 0.853125 0.0515625 0.10078125
1 0.9796875 0.75859375 0.040625 0.0765625
1 0.9828125 0.66484375 0.0328125 0.09921875
1 0.8765625 0.57109375 0.0921875 0.11171875
1 0.9734375 0.37734375 0.0515625 0.1390625
1 0.8015625 0.34453125 0.1078125 0.115625
1 0.890625 0.3828125 0.078125 0.0859375
1 0.88125 0.4765625 0.1046875 0.08203125
1 0.7515625 0.5546875 0.0859375 0.08984375
1 0.7359375 0.65234375 0.1 0.096875
1 0.6140625 0.6484375 0.0890625 0.11875
1 0.5328125 0.69609375 0.0703125 0.07890625
1 0.5421875 0.79453125 0.103125 0.1078125
1 0.6140625 0.7546875 0.0671875 0.06796875
1 0.621875 0.35703125 0.1046875 0.10078125
1 0.640625 0.446875 0.10625 0.08046875
1 0.53125 0.52578125 0.0890625 0.096875
1 0.7484375 0.20546875 0.1015625 0.1078125
1 0.434375 0.1578125 0.08125 0.0953125
1 0.546875 0.23984375 0.090625 0.0859375
1 0.4265625 0.32421875 0.08125 0.1046875
1 0.4859375 0.3734375 0.0921875 0.11328125
1 0.625 0.04375 0.096875 0.0859375
1 0.3765625 0.04765625 0.0984375 0.09375
1 0.3015625 0.4265625 0.0984375 0.10625
1 0.240625 0.52578125 0.0921875 0.08203125
1 0.175 0.58046875 0.071875 0.10078125
1 0.1140625 0.5203125 0.0875 0.09921875
1 0.046875 0.3734375 0.0890625 0.09375
1 0.040625 0.2140625 0.0796875 0.07890625
1 0.184375 0.13203125 0.090625 0.11015625
1 0.18125 0.040625 0.0875 0.07890625
1 0.1046875 0.075 0.0875 0.1078125
1 0.0453125 0.03828125 0.0734375 0.075
1 0.0109375 0.0953125 0.021875 0.11171875
1 0.009375 0.021875 0.01875 0.04375
1 0.0453125 0.13515625 0.0671875 0.09140625
1 0.115625 0.23828125 0.071875 0.084375
1 0.1109375 0.16484375 0.0625 0.075
1 0.1765625 0.29140625 0.0859375 0.09921875
1 0.16875 0.39375 0.0765625 0.08828125
1 0.24375 0.33359375 0.0765625 0.10078125
1 0.2390625 0.6171875 0.0890625 0.08984375
1 0.2828125 0.6921875 0.090625 0.08828125
1 0.4125 0.60234375 0.090625 0.115625
1 0.365625 0.45625 0.0671875 0.09921875
1 0.428125 0.49609375 0.06875 0.084375
1 0.34375 0.5640625 0.0578125 0.07890625
1 0.24375 0.7890625 0.08125 0.10234375
1 0.171875 0.75078125 0.0734375 0.11171875
1 0.021875 0.69375 0.04375 0.1265625
1 0.0421875 0.83125 0.075 0.0953125
1 0.1640625 0.95078125 0.0625 0.0765625
1 0.2921875 0.96328125 0.0890625 0.07109375
1 0.0421875 0.9359375 0.08125 0.10625
1 0.10625 0.9703125 0.0578125 0.05703125
1 0.4140625 0.77265625 0.08125 0.12109375
1 0.5390625 0.95390625 0.084375 0.08984375
1 0.4796875 0.925 0.0859375 0.11328125
1 0.346875 0.92109375 0.078125 0.08828125
1 0.4109375 0.96484375 0.0671875 0.06953125
1 0.3484375 0.99609375 0.06875 0.00703125
1 0.4171875 0.87734375 0.075 0.08984375
1 0.3578125 0.828125 0.078125 0.07890625
1 0.2375 0.89921875 0.090625 0.09375
1 0.165625 0.85546875 0.090625 0.08828125
1 0.1078125 0.79140625 0.084375 0.11015625
1 0.0109375 0.79140625 0.0203125 0.08203125
1 0.00625 0.903125 0.0125 0.09921875
1 0.0078125 0.97265625 0.0140625 0.053125
1 0.04375 0.4765625 0.0859375 0.084375
1 0.0390625 0.5734375 0.078125 0.09140625
1 0.0046875 0.51796875 0.009375 0.10234375
1 0.365625 0.20546875 0.0796875 0.06953125
1 0.5140625 0.12421875 0.08125 0.08046875
1 0.6265625 0.18828125 0.0875 0.09921875
1 0.296875 0.0203125 0.0703125 0.03828125
1 0.5515625 0.0203125 0.0625 0.040625
1 0.75 0.11875 0.0703125 0.0765625
1 0.8859375 0.21796875 0.09375 0.084375
1 0.9609375 0.18671875 0.078125 0.09375
1 0.8890625 0.1296875 0.0828125 0.09140625
1 0.9890625 0.04375 0.0203125 0.07109375
1 0.9453125 0.08984375 0.071875 0.09375
1 0.946875 0.01484375 0.096875 0.0296875
1 0.9765625 0.55859375 0.046875 0.12109375
1 0.96875 0.99453125 0.0625 0.0109375
1 0.546875 0.43046875 0.071875 0.11015625
1 0.3015625 0.59140625 0.075 0.09140625
1 0.6140625 0.5125 0.071875 0.08203125