1 0.1640625 0.909375 0.215625 0.18125
1 0.15859375 0.69921875 0.2328125 0.2421875
1 0.1515625 0.4609375 0.2046875 0.22734375
1 0.1546875 0.2125 0.19375 0.25078125
1 0.15390625 0.0421875 0.18671875 0.084375
1 0.36171875 0.1125 0.24375 0.225
1 0.34296875 0.36171875 0.18671875 0.2359375
1 0.33984375 0.5953125 0.1640625 0.190625
1 0.35234375 0.83359375 0.1734375 0.23125
1 0.50625 0.93203125 0.16875 0.1359375
1 0.51875 0.69921875 0.16796875 0.1734375
1 0.5296875 0.478125 0.17734375 0.23359375
1 0.521875 0.2078125 0.17890625 0.21875
1 0.52109375 0.0296875 0.1328125 0.059375
1 0.709375 0.0890625 0.19375 0.17734375
1 0.70703125 0.3421875 0.18046875 0.22265625
1 0.6953125 0.60625 0.16796875 0.21640625
1 0.68828125 0.83359375 0.16796875 0.19296875
1 0.86953125 0.90078125 0.2046875 0.1984375
1 0.87109375 0.6859375 0.22109375 0.259375
1 0.87421875 0.43515625 0.19921875 0.246875
1 0.8796875 0.2015625 0.21796875 0.21875
1 0.88125 0.04375 0.184375 0.0875
1 0.97578125 0.8171875 0.04765625 0.21875
1 0.04453125 0.0921875 0.08828125 0.18359375
1 0.0359375 0.3140625 0.071875 0.259375
1 0.03359375 0.56796875 0.06640625 0.22265625
1 0.0234375 0.8 0.04609375 0.2359375