1 0.059375 0.03046875 0.11875 0.06015625
1 0.134375 0.06171875 0.1375 0.12265625
1 0.14453125 0.20078125 0.146875 0.153125
1 0.06953125 0.38984375 0.115625 0.1484375
1 0.340625 0.45078125 0.128125 0.15703125
1 0.328125 0.17890625 0.12109375 0.1640625
1 0.2375 0.0375 0.121875 0.075
1 0.315625 0.0625 0.15234375 0.125
1 0.45078125 0.03984375 0.146875 0.0796875
1 0.528125 0.06484375 0.11875 0.1296875
1 0.53515625 0.1984375 0.15234375 0.16171875
1 0.6171875 0.0515625 0.1390625 0.103125
1 0.73828125 0.06796875 0.13203125 0.1359375
1 0.64453125 0.1015625 0.10234375 0.12734375
1 0.721875 0.17421875 0.1078125 0.14453125
1 0.7234375 0.31015625 0.13203125 0.13125
1 0.8203125 0.3703125 0.09140625 0.11875
1 0.82421875 0.23671875 0.11328125 0.14453125
1 0.828125 0.1078125 0.1078125 0.1140625
1 0.91953125 0.04765625 0.11015625 0.09453125
1 0.93046875 0.17421875 0.1171875 0.15078125
1 0.9796875 0.36171875 0.040625 0.13359375
1 0.62265625 0.48515625 0.1171875 0.1203125
1 0.0578125 0.63125 0.115625 0.11640625
1 0.34453125 0.6921875 0.12265625 0.13359375
1 0.05859375 0.7609375 0.1171875 0.1421875
1 0.1578125 0.82578125 0.12109375 0.13125
1 0.13984375 0.9484375 0.11171875 0.103125
1 0.24375 0.97578125 0.11875 0.0484375
1 0.24375 0.88984375 0.12421875 0.15078125
1 0.34453125 0.82109375 0.10078125 0.1296875
1 0.3421875 0.93984375 0.13203125 0.1203125
1 0.44296875 0.88984375 0.11328125 0.153125
1 0.4515625 0.984375 0.115625 0.03125
1 0.6375 0.62734375 0.12421875 0.146875
1 0.53671875 0.69609375 0.1046875 0.11171875
1 0.53828125 0.8234375 0.10234375 0.13359375
1 0.64765625 0.98046875 0.1078125 0.0390625
1 0.7328125 0.82578125 0.11015625 0.13984375
1 0.74375 0.68984375 0.1078125 0.13359375
1 0.91796875 0.67421875 0.12109375 0.15546875
1 0.8234375 0.97421875 0.10078125 0.0515625
1 0.92109375 0.93984375 0.1171875 0.1203125
1 0.98203125 0.75078125 0.0359375 0.1703125