1 0.87421875 0.0125 0.0390625 0.025
1 0.3875 0.00703125 0.01875 0.0140625
1 0.33359375 0.00703125 0.0203125 0.0140625
1 0.8171875 0.009375 0.034375 0.01796875
1 0.846875 0.021875 0.0328125 0.03671875
1 0.9046875 0.0328125 0.0421875 0.0421875
1 0.9046875 0.06640625 0.028125 0.0328125
1 0.8765625 0.0421875 0.0375 0.0421875
1 0.815625 0.040625 0.0375 0.040625
1 0.7875 0.021875 0.034375 0.0421875
1 0.759375 0.0109375 0.0359375 0.021875
1 0.7296875 0.0203125 0.0328125 0.040625
1 0.7015625 0.009375 0.0296875 0.01640625
1 0.64375 0.009375 0.03125 0.01640625
1 0.675 0.01796875 0.0328125 0.03515625
1 0.64375 0.03125 0.0328125 0.040625
1 0.6171875 0.01796875 0.03125 0.03515625
1 0.5859375 0.009375 0.0328125 0.01640625
1 0.5578125 0.01796875 0.0296875 0.03515625
1 0.53125 0.00546875 0.03125 0.009375
1 0.50625 0.01484375 0.028125 0.02734375
1 0.4734375 0.02578125 0.0296875 0.03671875
1 0.44375 0.04375 0.0328125 0.03828125
1 0.4140625 0.02734375 0.0296875 0.03828125
1 0.7609375 0.040625 0.0328125 0.03828125
1 0.7328125 0.0515625 0.0328125 0.0328125
1 0.8484375 0.0625 0.0296875 0.03671875
1 0.8765625 0.07890625 0.0328125 0.03671875
1 0.903125 0.09921875 0.03125 0.03671875
1 0.8734375 0.1171875 0.0375 0.03515625
1 0.903125 0.1375 0.025 0.03671875
1 0.9015625 0.17578125 0.0296875 0.03671875
1 0.903125 0.21640625 0.03125 0.03515625
1 0.8734375 0.15625 0.034375 0.03828125
1 0.871875 0.19609375 0.0328125 0.0421875
1 0.871875 0.2328125 0.0359375 0.040625
1 0.846875 0.09921875 0.0359375 0.0421875
1 0.8140625 0.07890625 0.0328125 0.040625
1 0.7875 0.0625 0.0234375 0.02578125
1 0.759375 0.07734375 0.034375 0.04375
1 0.7296875 0.0953125 0.03125 0.0515625
1 0.6953125 0.08046875 0.028125 0.04609375
1 0.671875 0.053125 0.0375 0.040625
1 0.6171875 0.05703125 0.034375 0.040625
1 0.7890625 0.096875 0.03125 0.040625
1 0.815625 0.1171875 0.0328125 0.03671875
1 0.84375 0.1359375 0.03125 0.03828125
1 0.84375 0.1703125 0.0328125 0.03671875
1 0.840625 0.209375 0.0328125 0.03828125
1 0.8421875 0.2515625 0.0328125 0.03671875
1 0.8125 0.15234375 0.028125 0.03515625
1 0.8125 0.19296875 0.03125 0.03671875
1 0.8125 0.22734375 0.0328125 0.03515625
1 0.7828125 0.2125 0.0296875 0.03671875
1 0.784375 0.24921875 0.0359375 0.03828125
1 0.784375 0.17578125 0.03125 0.040625
1 0.7859375 0.13359375 0.03125 0.03828125
1 0.7546875 0.115625 0.03125 0.03671875
1 0.75625 0.15234375 0.03125 0.03671875
1 0.75625 0.1890625 0.0359375 0.03671875
1 0.75625 0.22578125 0.0375 0.03828125
1 0.7578125 0.2640625 0.0375 0.040625
1 0.7328125 0.13203125 0.0296875 0.03515625
1 0.728125 0.1671875 0.03125 0.03828125
1 0.7296875 0.20546875 0.0359375 0.03671875
1 0.7296875 0.2421875 0.0390625 0.04375
1 0.7296875 0.2859375 0.0328125 0.04375
1 0.53125 0.03125 0.0375 0.03828125
1 0.503125 0.0515625 0.0328125 0.03671875
1 0.4734375 0.0625 0.028125 0.03671875
1 0.4140625 0.06640625 0.034375 0.03671875
1 0.584375 0.03828125 0.034375 0.03125
1 0.55625 0.05703125 0.0265625 0.03515625
1 0.53125 0.06953125 0.025 0.03125
1 0.503125 0.09140625 0.0359375 0.03828125
1 0.471875 0.103125 0.0296875 0.040625
1 0.44375 0.08828125 0.028125 0.03828125
1 0.409375 0.146875 0.0390625 0.03828125
1 0.4125 0.103125 0.0296875 0.02421875
1 0.4109375 0.12109375 0.0296875 0.021875
1 0.359375 0.1453125 0.028125 0.0328125
1 0.33125 0.1578125 0.028125 0.02734375
1 0.3609375 0.1796875 0.028125 0.03515625
1 0.33125 0.1890625 0.03125 0.03828125
1 0.3875 0.2 0.0296875 0.0328125
1 0.359375 0.21640625 0.0296875 0.03671875
1 0.4421875 0.159375 0.028125 0.0328125
1 0.471875 0.146875 0.0203125 0.02421875
1 0.53125 0.1140625 0.034375 0.0421875
1 0.5046875 0.1265625 0.0296875 0.03828125
1 0.5859375 0.075 0.0328125 0.03671875
1 0.559375 0.09375 0.0265625 0.03125
1 0.64375 0.08046875 0.0265625 0.0328125
1 0.615625 0.09140625 0.0328125 0.03125
1 0.584375 0.11015625 0.034375 0.03828125
1 0.66875 0.09140625 0.028125 0.03671875
1 0.6984375 0.115625 0.0328125 0.02578125
1 0.7015625 0.1484375 0.0296875 0.03828125
1 0.6984375 0.190625 0.0265625 0.0296875
1 0.66875 0.13046875 0.0296875 0.03515625
1 0.6421875 0.11171875 0.0265625 0.0328125
1 0.615625 0.1265625 0.0265625 0.03125
1 0.640625 0.1484375 0.03125 0.03125
1 0.6703125 0.1671875 0.0296875 0.03125
1 0.7 0.22734375 0.0390625 0.04375
1 0.6703125 0.2015625 0.034375 0.0421875
1 0.6140625 0.1703125 0.0296875 0.03515625
1 0.6140625 0.20703125 0.0328125 0.03671875
1 0.6421875 0.22734375 0.0265625 0.0328125
1 0.66875 0.2421875 0.0328125 0.03671875
1 0.5828125 0.15078125 0.0296875 0.0328125
1 0.5578125 0.16875 0.025 0.03125
1 0.5828125 0.1875 0.0296875 0.0328125
1 0.528125 0.146875 0.028125 0.03125
1 0.5015625 0.1671875 0.0296875 0.03515625
1 0.528125 0.18515625 0.0265625 0.0328125
1 0.5015625 0.20546875 0.0203125 0.021875
1 0.471875 0.18515625 0.0234375 0.02421875
1 0.440625 0.2 0.0265625 0.03515625
1 0.4734375 0.2203125 0.028125 0.03125
1 0.5578125 0.20703125 0.028125 0.0296875
1 0.5828125 0.22734375 0.03125 0.0328125
1 0.5828125 0.2609375 0.0296875 0.03671875
1 0.5578125 0.24375 0.03125 0.03671875
1 0.528125 0.22421875 0.0328125 0.03671875
1 0.5 0.2421875 0.0328125 0.03671875
1 0.696875 0.26796875 0.0296875 0.03671875
1 0.66875 0.28046875 0.03125 0.03671875
1 0.6140625 0.28046875 0.0296875 0.03671875
1 0.6421875 0.303125 0.0296875 0.03515625
1 0.7 0.3046875 0.03125 0.040625
1 0.66875 0.32109375 0.034375 0.03671875
1 0.6125 0.3171875 0.03125 0.03828125
1 0.58125 0.296875 0.03125 0.0328125
1 0.0453125 0.00546875 0.028125 0.009375
1 0.0171875 0.01796875 0.03125 0.03515625
1 0.159375 0.009375 0.0328125 0.01640625
1 0.13125 0.01796875 0.0296875 0.03515625
1 0.1046875 0.009375 0.03125 0.01640625
1 0.2171875 0.009375 0.0359375 0.01796875
1 0.275 0.0125 0.0328125 0.02421875
1 0.30625 0.021875 0.028125 0.03515625
1 0.2765625 0.0421875 0.034375 0.0328125
1 0.24375 0.021875 0.034375 0.03828125
1 0.21875 0.04375 0.03125 0.0421875
1 0.1875 0.0203125 0.0359375 0.040625
1 0.159375 0.03671875 0.0328125 0.03828125
1 0.128125 0.0546875 0.034375 0.03671875
1 0.103125 0.03515625 0.0296875 0.0328125
1 0.07578125 0.01796875 0.0328125 0.0359375
1 0.046875 0.03515625 0.0328125 0.03828125
1 0.0140625 0.053125 0.0265625 0.03515625
1 0.003125 0.10859375 0.00625 0.0421875
1 0.303125 0.0625 0.034375 0.040625
1 0.334375 0.084375 0.0328125 0.040625
1 0.3015625 0.1046875 0.040625 0.03828125
1 0.3015625 0.14296875 0.03125 0.040625
1 0.1890625 0.0609375 0.0359375 0.0421875
1 0.246875 0.0609375 0.0328125 0.040625
1 0.275 0.084375 0.034375 0.04375
1 0.2734375 0.12109375 0.034375 0.040625
1 0.2734375 0.16171875 0.034375 0.040625
1 0.2453125 0.10078125 0.034375 0.03828125
1 0.24375 0.1375 0.0359375 0.040625
1 0.24375 0.17578125 0.03125 0.03828125
1 0.24375 0.21484375 0.0328125 0.0328125
1 0.2171875 0.2 0.025 0.0328125
1 0.2171875 0.159375 0.0328125 0.03671875
1 0.2171875 0.11953125 0.0359375 0.03515625
1 0.2171875 0.08046875 0.03125 0.03671875
1 0.1890625 0.0953125 0.03125 0.0328125
1 0.190625 0.13203125 0.0359375 0.04765625
1 0.1875 0.17578125 0.03125 0.03828125
1 0.159375 0.0734375 0.03125 0.040625
1 0.1578125 0.1140625 0.034375 0.040625
1 0.159375 0.15234375 0.028125 0.0328125
1 0.1578125 0.19296875 0.0359375 0.040625
1 0.1875 0.21640625 0.03125 0.0328125
1 0.1578125 0.23125 0.034375 0.03671875
1 0.075 0.0515625 0.03125 0.03671875
1 0.04375 0.0734375 0.0390625 0.040625
1 0.1 0.0734375 0.0296875 0.03671875
1 0.0140625 0.09375 0.028125 0.03671875
1 0.003125 0.146875 0.00625 0.03828125
1 0.015625 0.128125 0.03125 0.03828125
1 0.0453125 0.11171875 0.0359375 0.03671875
1 0.0734375 0.09140625 0.0296875 0.04375
1 0.13125 0.09140625 0.03125 0.0421875
1 0.103125 0.11171875 0.0359375 0.04609375
1 0.128125 0.13203125 0.0328125 0.03828125
1 0.1015625 0.15078125 0.034375 0.0421875
1 0.0734375 0.128125 0.028125 0.03671875
1 0.0453125 0.15078125 0.034375 0.04375
1 0.128125 0.16875 0.034375 0.03671875
1 0.1296875 0.2109375 0.03125 0.040625
1 0.103125 0.1890625 0.0328125 0.04375
1 0.071875 0.16875 0.0296875 0.03828125
1 0.0453125 0.18515625 0.03125 0.03671875
1 0.015625 0.16875 0.0296875 0.0328125
1 0.015625 0.20546875 0.03125 0.0421875
1 0.071875 0.20546875 0.0328125 0.03671875
1 0.0453125 0.22578125 0.0359375 0.03671875
1 0.015625 0.2421875 0.03125 0.0328125
1 0.2984375 0.2125 0.0328125 0.03515625
1 0.2703125 0.23125 0.0328125 0.040625
1 0.33125 0.2328125 0.03125 0.03671875
1 0.3 0.24921875 0.0359375 0.040625
1 0.553125 0.284375 0.0359375 0.03671875
1 0.5265625 0.2609375 0.03125 0.03515625
1 0.5 0.28046875 0.028125 0.03671875
1 0.5234375 0.30078125 0.034375 0.03828125
1 0.4703125 0.25703125 0.0328125 0.03671875
1 0.4421875 0.240625 0.034375 0.0296875
1 0.440625 0.27734375 0.028125 0.0328125
1 0.46875 0.296875 0.034375 0.03671875
1 0.440625 0.3171875 0.03125 0.03515625
1 0.46875 0.3359375 0.0296875 0.03515625
1 0.58125 0.3359375 0.0375 0.03515625
1 0.55625 0.32109375 0.0296875 0.03671875
1 0.525 0.3390625 0.0296875 0.03125
1 0.4953125 0.359375 0.028125 0.03125
1 0.5546875 0.36171875 0.028125 0.0328125
1 0.4375 0.35625 0.03125 0.0328125
1 0.4390625 0.3890625 0.0328125 0.03671875
1 0.4109375 0.21640625 0.0265625 0.0296875
1 0.3875 0.2328125 0.028125 0.03828125
1 0.4109375 0.2546875 0.0328125 0.03828125
1 0.384375 0.27890625 0.0296875 0.03828125
1 0.409375 0.296875 0.03125 0.03828125
1 0.4125 0.33203125 0.0328125 0.03828125
1 0.409375 0.37578125 0.034375 0.04375
1 0.3828125 0.35625 0.0296875 0.03125
1 0.384375 0.3171875 0.03125 0.0421875
1 0.359375 0.253125 0.028125 0.0328125
1 0.328125 0.26953125 0.034375 0.03671875
1 0.3546875 0.29375 0.0328125 0.03828125
1 0.3546875 0.33359375 0.03125 0.0421875
1 0.328125 0.30625 0.0265625 0.0328125
1 0.3 0.28984375 0.028125 0.03671875
1 0.240625 0.2859375 0.028125 0.0296875
1 0.1875 0.25703125 0.0296875 0.0296875
1 0.1875 0.28828125 0.0234375 0.02421875
1 0.215625 0.3046875 0.0265625 0.0296875
1 0.2703125 0.30859375 0.0328125 0.03828125
1 0.2421875 0.3265625 0.0265625 0.0328125
1 0.296875 0.328125 0.034375 0.03671875
1 0.3234375 0.346875 0.034375 0.03828125
1 0.296875 0.3671875 0.028125 0.03671875
1 0.2421875 0.36484375 0.03125 0.03515625
1 0.215625 0.346875 0.0296875 0.03515625
1 0.2703125 0.38515625 0.025 0.0296875
1 0.3546875 0.3703125 0.0296875 0.0328125
1 0.3265625 0.38515625 0.0296875 0.03671875
1 0.38125 0.39453125 0.028125 0.03515625
1 0.35625 0.409375 0.0296875 0.03828125
1 0.3 0.409375 0.0328125 0.03828125
1 0.26875 0.42421875 0.03125 0.03828125
1 0.2453125 0.4015625 0.03125 0.03671875
1 0.215625 0.38515625 0.03125 0.03515625
1 0.6390625 0.3375 0.034375 0.03515625
1 0.6109375 0.359375 0.0328125 0.03671875
1 0.5828125 0.37578125 0.0328125 0.040625
1 0.5546875 0.3984375 0.03125 0.03828125
1 0.5 0.39609375 0.0328125 0.03515625
1 0.4703125 0.4109375 0.0328125 0.03671875
1 0.4390625 0.43125 0.0265625 0.0328125
1 0.409375 0.44921875 0.025 0.03515625
1 0.38125 0.4296875 0.0296875 0.03125
1 0.353125 0.44921875 0.0328125 0.040625
1 0.3265625 0.4609375 0.0234375 0.03671875
1 0.2984375 0.47890625 0.0296875 0.03515625
1 0.2734375 0.45859375 0.028125 0.03515625
1 0.2421875 0.4421875 0.0328125 0.040625
1 0.2140625 0.42421875 0.0328125 0.03515625
1 0.2140625 0.4625 0.0265625 0.03515625
1 0.2421875 0.48046875 0.03125 0.040625
1 0.525 0.41796875 0.0265625 0.03125
1 0.5015625 0.43671875 0.028125 0.03515625
1 0.46875 0.453125 0.03125 0.03515625
1 0.5828125 0.41640625 0.03125 0.03515625
1 0.6125 0.4015625 0.0328125 0.03671875
1 0.6109375 0.440625 0.03125 0.03828125
1 0.58125 0.453125 0.0328125 0.03671875
1 0.5546875 0.43671875 0.03125 0.03125
1 0.525 0.45703125 0.034375 0.03828125
1 0.5 0.47734375 0.03125 0.03671875
1 0.4703125 0.48984375 0.034375 0.03515625
1 0.4375 0.4734375 0.034375 0.0328125
1 0.4078125 0.48984375 0.0265625 0.03125
1 0.38125 0.471875 0.03125 0.03515625
1 0.353125 0.48828125 0.0296875 0.03125
1 0.3234375 0.50078125 0.0296875 0.03671875
1 0.2703125 0.50078125 0.0359375 0.040625
1 0.4359375 0.51015625 0.0328125 0.03671875
1 0.5 0.51171875 0.03125 0.0328125
1 0.5234375 0.496875 0.0296875 0.03125
1 0.553125 0.47734375 0.0296875 0.03671875
1 0.9046875 0.2546875 0.0265625 0.0328125
1 0.8125 0.31015625 0.0328125 0.03671875
1 0.8734375 0.26953125 0.034375 0.03515625
1 0.809375 0.271875 0.03125 0.04375
1 0.7828125 0.28828125 0.03125 0.040625
1 0.75625 0.30625 0.0328125 0.04609375
1 0.784375 0.3265625 0.03125 0.03671875
1 0.7546875 0.34296875 0.03125 0.0296875
1 0.7296875 0.36328125 0.0265625 0.0328125
1 0.7 0.34296875 0.034375 0.03828125
1 0.903125 0.296875 0.03125 0.03125
1 0.871875 0.31015625 0.03125 0.040625
1 0.8421875 0.328125 0.03125 0.03671875
1 0.8140625 0.3484375 0.0296875 0.0328125
1 0.784375 0.36484375 0.03125 0.0328125
1 0.75625 0.38359375 0.0265625 0.0328125
1 0.6984375 0.38203125 0.0296875 0.03671875
1 0.6671875 0.3984375 0.028125 0.03125
1 0.6421875 0.37578125 0.025 0.03671875
1 0.640625 0.41640625 0.0296875 0.040625
1 0.9015625 0.33359375 0.03125 0.03671875
1 0.9015625 0.3703125 0.0296875 0.03515625
1 0.8703125 0.3484375 0.0296875 0.0328125
1 0.840625 0.3671875 0.0265625 0.02734375
1 0.8703125 0.39296875 0.0296875 0.03125
1 0.840625 0.40546875 0.0296875 0.03671875
1 0.8125 0.42421875 0.03125 0.03671875
1 0.7828125 0.40546875 0.0265625 0.03125
1 0.753125 0.4203125 0.0296875 0.03515625
1 0.6984375 0.4203125 0.028125 0.0328125
1 0.6671875 0.440625 0.0265625 0.03828125
1 0.696875 0.45859375 0.0234375 0.0296875
1 0.66875 0.475 0.025 0.03671875
1 0.728125 0.440625 0.028125 0.0296875
1 0.7859375 0.4421875 0.0265625 0.0328125
1 0.8984375 0.44609375 0.028125 0.03515625
1 0.86875 0.4625 0.0296875 0.0328125
1 0.8421875 0.44375 0.0265625 0.02734375
1 0.840625 0.48046875 0.0328125 0.03828125
1 0.809375 0.4625 0.034375 0.03828125
1 0.7828125 0.48046875 0.028125 0.0328125
1 0.8109375 0.496875 0.0328125 0.03515625
1 0.7828125 0.5171875 0.0296875 0.03125
1 0.8078125 0.5375 0.028125 0.03671875
1 0.8953125 0.48828125 0.03125 0.03515625
1 0.86875 0.503125 0.0296875 0.0328125
1 0.840625 0.51953125 0.0328125 0.03515625
1 0.753125 0.4625 0.028125 0.03125
1 0.7265625 0.4734375 0.0296875 0.03671875
1 0.7515625 0.49921875 0.0265625 0.03125
1 0.7265625 0.5140625 0.0296875 0.0328125
1 0.7515625 0.5359375 0.0265625 0.02578125
1 0.696875 0.496875 0.0265625 0.0328125
1 0.6125 0.47734375 0.0296875 0.0328125
1 0.640625 0.496875 0.03125 0.03125
1 0.6671875 0.51171875 0.03125 0.03125
1 0.6390625 0.53046875 0.0328125 0.03671875
1 0.609375 0.515625 0.0296875 0.0328125
1 0.696875 0.53359375 0.0296875 0.03671875
1 0.7265625 0.55234375 0.0328125 0.03671875
1 0.5796875 0.496875 0.03125 0.03515625
1 0.553125 0.5140625 0.028125 0.03125
1 0.58125 0.53046875 0.034375 0.03125
1 0.5515625 0.5484375 0.0328125 0.04375
1 0.609375 0.5484375 0.03125 0.0328125
1 0.665625 0.55078125 0.034375 0.0421875
1 0.525 0.53046875 0.0296875 0.03828125
1 0.4984375 0.546875 0.0328125 0.0421875
1 0.465625 0.5265625 0.034375 0.03125
1 0.465625 0.56171875 0.03125 0.03828125
1 0.4359375 0.5453125 0.0328125 0.0328125
1 0.4078125 0.56328125 0.0328125 0.03828125
1 0.40625 0.525 0.03125 0.03125
1 0.3796875 0.50859375 0.0328125 0.040625
1 0.38125 0.5484375 0.0328125 0.040625
1 0.35 0.5671875 0.028125 0.0328125
1 0.3515625 0.6 0.0296875 0.03515625
1 0.325 0.62578125 0.028125 0.02421875
1 0.29375 0.56875 0.0265625 0.0328125
1 0.3515625 0.528125 0.0328125 0.03671875
1 0.3265625 0.54296875 0.0234375 0.02578125
1 0.2953125 0.5265625 0.0328125 0.03671875
1 0.1015625 0.2296875 0.03125 0.03515625
1 0.0734375 0.24609375 0.0296875 0.040625
1 0.0453125 0.2625 0.03125 0.03515625
1 0.0171875 0.27734375 0.0296875 0.040625
1 0.1015625 0.26796875 0.0328125 0.0328125
1 0.15625 0.3046875 0.0359375 0.03515625
1 0.1875 0.32265625 0.0328125 0.03671875
1 0.128125 0.284375 0.028125 0.0296875
1 0.071875 0.284375 0.0265625 0.0296875
1 0.0453125 0.303125 0.028125 0.0328125
1 0.015625 0.3171875 0.03125 0.040625
1 0.1 0.30625 0.0328125 0.03671875
1 0.0421875 0.3390625 0.0328125 0.03671875
1 0.0140625 0.359375 0.028125 0.0328125
1 0.15625 0.34296875 0.034375 0.03671875
1 0.1875 0.36328125 0.0265625 0.03515625
1 0.184375 0.4015625 0.034375 0.040625
1 0.184375 0.44375 0.0359375 0.03515625
1 0.15625 0.4203125 0.03125 0.0328125
1 0.1546875 0.38515625 0.040625 0.040625
1 0.125 0.36171875 0.0359375 0.04375
1 0.128125 0.32265625 0.03125 0.040625
1 0.0984375 0.34140625 0.028125 0.03515625
1 0.0703125 0.359375 0.0328125 0.03828125
1 0.040625 0.38359375 0.0328125 0.03671875
1 0.015625 0.3984375 0.0296875 0.040625
1 0.0984375 0.3796875 0.025 0.03125
1 0.0734375 0.4 0.03125 0.03515625
1 0.125 0.4015625 0.0265625 0.03671875
1 0.1015625 0.41796875 0.025 0.03515625
1 0.0703125 0.440625 0.034375 0.040625
1 0.04375 0.41796875 0.0296875 0.0328125
1 0.015625 0.43671875 0.0296875 0.040625
1 0.04375 0.45703125 0.0359375 0.0421875
1 0.015625 0.471875 0.03125 0.03671875
1 0.153125 0.4609375 0.028125 0.0421875
1 0.128125 0.440625 0.0359375 0.03125
1 0.1 0.4609375 0.0375 0.0421875
1 0.1265625 0.48046875 0.034375 0.03828125
1 0.0703125 0.47734375 0.0265625 0.0296875
1 0.046875 0.4953125 0.03125 0.0328125
1 0.0171875 0.51171875 0.0328125 0.04609375
1 0.2125 0.50078125 0.0328125 0.03828125
1 0.184375 0.4828125 0.03125 0.040625
1 0.1828125 0.51953125 0.0359375 0.0328125
1 0.1546875 0.50078125 0.0296875 0.040625
1 0.125 0.5171875 0.034375 0.0328125
1 0.0984375 0.496875 0.03125 0.0296875
1 0.06875 0.51171875 0.034375 0.03515625
1 0.040625 0.53046875 0.034375 0.040625
1 0.0140625 0.55625 0.0265625 0.0328125
1 0.2390625 0.51953125 0.03125 0.03671875
1 0.2140625 0.5359375 0.0296875 0.03828125
1 0.2359375 0.559375 0.034375 0.0421875
1 0.184375 0.55390625 0.034375 0.03671875
1 0.153125 0.5359375 0.0328125 0.040625
1 0.1234375 0.55234375 0.0328125 0.04609375
1 0.096875 0.53203125 0.03125 0.03671875
1 0.0953125 0.57265625 0.0328125 0.03828125
1 0.0671875 0.55234375 0.0328125 0.03671875
1 0.0421875 0.5703125 0.0296875 0.03671875
1 0.26875 0.621875 0.0296875 0.03671875
1 0.2109375 0.578125 0.028125 0.03828125
1 0.1828125 0.59296875 0.0375 0.0421875
1 0.153125 0.57421875 0.0296875 0.03828125
1 0.125 0.59453125 0.0359375 0.0421875
1 0.096875 0.609375 0.0328125 0.04609375
1 0.06875 0.590625 0.0359375 0.0421875
1 0.2390625 0.5984375 0.034375 0.0328125
1 0.2125 0.6125 0.034375 0.0421875
1 0.240625 0.6421875 0.0375 0.04375
1 0.1828125 0.63515625 0.034375 0.0421875
1 0.153125 0.61484375 0.03125 0.03671875
1 0.128125 0.63125 0.03125 0.04375
1 0.1 0.64921875 0.0375 0.040625
1 0.0671875 0.63125 0.034375 0.0421875
1 0.0375 0.6125 0.0375 0.040625
1 0.0140625 0.5890625 0.028125 0.03828125
1 0.0140625 0.62421875 0.028125 0.03828125
1 0.040625 0.64765625 0.028125 0.03671875
1 0.0140625 0.66640625 0.028125 0.04609375
1 0.153125 0.64921875 0.0296875 0.03671875
1 0.06875 0.66953125 0.03125 0.040625
1 0.040625 0.68828125 0.0328125 0.040625
1 0.2125 0.65703125 0.0390625 0.040625
1 0.2390625 0.67734375 0.028125 0.03828125
1 0.1796875 0.6734375 0.0375 0.040625
1 0.1546875 0.69140625 0.03125 0.03671875
1 0.125 0.675 0.03125 0.03828125
1 0.1015625 0.6859375 0.0296875 0.03828125
1 0.071875 0.70625 0.0375 0.04375
1 0.125 0.7140625 0.028125 0.03671875
1 0.1 0.73046875 0.028125 0.03515625
1 0.0359375 0.7265625 0.0296875 0.03125
1 0.0140625 0.70625 0.0265625 0.03671875
1 0.4375 0.5875 0.0359375 0.0328125
1 0.409375 0.6015625 0.0328125 0.03515625
1 0.3828125 0.621875 0.0296875 0.03125
1 0.3546875 0.63828125 0.034375 0.03671875
1 0.0140625 0.74296875 0.028125 0.03671875
1 0.06875 0.746875 0.034375 0.03671875
1 0.0375 0.76484375 0.0359375 0.040625
1 0.0140625 0.78203125 0.0265625 0.03671875
1 0.20625 0.69375 0.0296875 0.03515625
1 0.18125 0.71015625 0.0265625 0.03125
1 0.0140625 0.82421875 0.028125 0.04765625
1 0.0125 0.8640625 0.025 0.0421875
1 0.0140625 0.89921875 0.028125 0.0328125
1 0.0125 0.93359375 0.025 0.0421875
1 0.0125 0.97265625 0.0234375 0.04609375
1 0.040625 0.80546875 0.0328125 0.04609375
1 0.0375 0.84609375 0.0359375 0.040625
1 0.0375 0.884375 0.0421875 0.03671875
1 0.0375 0.915625 0.0328125 0.03828125
1 0.0375 0.95625 0.034375 0.03828125
1 0.03828125 0.9859375 0.0328125 0.02734375
1 0.26875 0.69140625 0.0328125 0.03671875
1 0.071875 0.7875 0.0328125 0.03828125
1 0.06875 0.82578125 0.0375 0.040625
1 0.0703125 0.86796875 0.03125 0.03828125
1 0.06875 0.903125 0.03125 0.03515625
1 0.065625 0.9390625 0.034375 0.03125
1 0.065625 0.97578125 0.0265625 0.03828125
1 0.0953125 0.9875 0.03125 0.025
1 0.1203125 0.9796875 0.0328125 0.03828125
1 0.0953125 0.9578125 0.028125 0.03125
1 0.0953125 0.92265625 0.0375 0.040625
1 0.121875 0.9390625 0.0328125 0.040625
1 0.1 0.76484375 0.03125 0.03671875
1 0.1 0.80390625 0.03125 0.040625
1 0.09375 0.84765625 0.03125 0.03515625
1 0.0953125 0.88046875 0.0296875 0.040625
1 0.1234375 0.903125 0.034375 0.03515625
1 0.125 0.86953125 0.0359375 0.03828125
1 0.125 0.83125 0.0390625 0.03515625
1 0.121875 0.790625 0.0421875 0.04375
1 0.125 0.7484375 0.034375 0.0421875
1 0.15 0.73046875 0.0359375 0.04609375
1 0.2390625 0.71953125 0.034375 0.0328125
1 0.2078125 0.73359375 0.0296875 0.03828125
1 0.178125 0.7484375 0.034375 0.03828125
1 0.2390625 0.75234375 0.034375 0.0296875
1 0.2078125 0.7703125 0.0359375 0.04375
1 0.1796875 0.79296875 0.028125 0.0421875
1 0.184375 0.82734375 0.0328125 0.0328125
1 0.153125 0.84375 0.0296875 0.04375
1 0.175 0.8640625 0.040625 0.04375
1 0.1515625 0.8828125 0.03125 0.03515625
1 0.1515625 0.915625 0.03125 0.03828125
1 0.15 0.95390625 0.028125 0.03828125
1 0.1484375 0.98984375 0.03125 0.0203125
1 0.1765625 0.9796875 0.028125 0.03671875
1 0.178125 0.94296875 0.0328125 0.03515625
1 0.1796875 0.9046875 0.034375 0.03828125
1 0.240625 0.7890625 0.03125 0.040625
1 0.2109375 0.8109375 0.034375 0.03828125
1 0.2125 0.84765625 0.0328125 0.040625
1 0.2078125 0.8859375 0.03125 0.03671875
1 0.2046875 0.92109375 0.03125 0.0328125
1 0.20625 0.95625 0.03125 0.03515625
1 0.20546875 0.9859375 0.0359375 0.02734375
1 0.2359375 0.98359375 0.0421875 0.0328125
1 0.2375 0.94296875 0.0359375 0.0421875
1 0.234375 0.9046875 0.0359375 0.03671875
1 0.2390625 0.8640625 0.0328125 0.03671875
1 0.2359375 0.82734375 0.034375 0.03828125
1 0.26875 0.73046875 0.0296875 0.03671875
1 0.26484375 0.99140625 0.0265625 0.01640625
1 0.290625 0.98046875 0.034375 0.03828125
1 0.265625 0.96328125 0.0328125 0.03828125
1 0.2921875 0.94296875 0.03125 0.03828125
1 0.2671875 0.92265625 0.03125 0.03515625
1 0.29375 0.90859375 0.0375 0.040625
1 0.2921875 0.86796875 0.0328125 0.03828125
1 0.290625 0.8296875 0.03125 0.03671875
1 0.2640625 0.809375 0.03125 0.04765625
1 0.29375 0.79296875 0.0296875 0.0328125
1 0.290625 0.75234375 0.0359375 0.0421875
1 0.29375 0.7140625 0.0296875 0.040625
1 0.3484375 0.94296875 0.03125 0.03671875
1 0.3171875 0.96484375 0.03125 0.0328125
1 0.32265625 0.98984375 0.0328125 0.0203125
1 0.34921875 0.98046875 0.0359375 0.03828125
1 0.35 0.90625 0.03125 0.040625
1 0.321875 0.9265625 0.0328125 0.040625
1 0.321875 0.8859375 0.0296875 0.03671875
1 0.3234375 0.853125 0.0328125 0.03671875
1 0.321875 0.81640625 0.034375 0.04375
1 0.325 0.7796875 0.03125 0.03671875
1 0.321875 0.7390625 0.0328125 0.0421875
1 0.325 0.69921875 0.03125 0.03515625
1 0.2640625 0.8859375 0.025 0.03671875
1 0.2671875 0.84609375 0.0296875 0.03671875
1 0.3484375 0.86953125 0.0296875 0.03125
1 0.378125 0.99375 0.03125 0.0125
1 0.43125 0.99140625 0.028125 0.01640625
1 0.40546875 0.98203125 0.0328125 0.0359375
1 0.378125 0.96875 0.0328125 0.03515625
1 0.60234375 0.99375 0.0390625 0.0125
1 0.49453125 0.9953125 0.0296875 0.009375
1 0.46484375 0.984375 0.0328125 0.03125
1 0.4328125 0.9703125 0.028125 0.02734375
1 0.4078125 0.95078125 0.03125 0.0328125
1 0.7203125 0.978125 0.034375 0.03671875
1 0.74375 0.99375 0.025 0.0125
1 0.8015625 0.98984375 0.034375 0.0203125
1 0.7765625 0.978125 0.028125 0.03671875
1 0.746875 0.959375 0.0234375 0.02578125
1 0.7203125 0.9390625 0.0296875 0.0328125
1 0.6890625 0.9578125 0.028125 0.0328125
1 0.665625 0.978125 0.0296875 0.02734375
1 0.8015625 0.96328125 0.0296875 0.03671875
1 0.7765625 0.9390625 0.028125 0.03515625
1 0.8015625 0.92109375 0.0359375 0.03828125
1 0.8609375 0.99140625 0.034375 0.01640625
1 0.8328125 0.9796875 0.03125 0.03828125
1 0.89140625 0.98203125 0.0359375 0.0359375
1 0.8609375 0.96328125 0.0265625 0.03828125
1 0.8890625 0.9453125 0.034375 0.03671875
1 0.8921875 0.871875 0.0328125 0.03515625
1 0.8921875 0.90625 0.0328125 0.03515625
1 0.8609375 0.92265625 0.03125 0.03671875
1 0.834375 0.94140625 0.0328125 0.03515625
1 0.8328125 0.90859375 0.0296875 0.03828125
1 0.8609375 0.88828125 0.0359375 0.03828125
1 0.83125 0.871875 0.0265625 0.03515625
1 0.80625 0.884375 0.0265625 0.0328125
1 0.775 0.90625 0.0296875 0.03515625
1 0.78125 0.86953125 0.0296875 0.0296875
1 0.7484375 0.92265625 0.03125 0.03515625
1 0.89375 0.83125 0.03125 0.03515625
1 0.8640625 0.8515625 0.0328125 0.03671875
1 0.8921875 0.79609375 0.034375 0.03671875
1 0.8921875 0.75625 0.0375 0.03828125
1 0.8921875 0.715625 0.0328125 0.03828125
1 0.8953125 0.675 0.03125 0.03671875
1 0.8625 0.77265625 0.0265625 0.0328125
1 0.8359375 0.79296875 0.03125 0.03515625
1 0.834375 0.83125 0.034375 0.03671875
1 0.8625 0.73203125 0.0296875 0.04375
1 0.8328125 0.75234375 0.034375 0.040625
1 0.865625 0.69375 0.03125 0.03515625
1 0.8359375 0.7140625 0.0328125 0.0421875
1 0.8046875 0.84765625 0.028125 0.03515625
1 0.8078125 0.80703125 0.03125 0.03671875
1 0.8046875 0.77265625 0.028125 0.03828125
1 0.809375 0.73046875 0.028125 0.0328125
1 0.8375 0.6734375 0.03125 0.0328125
1 0.8078125 0.69375 0.028125 0.03828125
1 0.896875 0.52265625 0.03125 0.03125
1 0.8953125 0.559375 0.0265625 0.0296875
1 0.896875 0.5984375 0.0296875 0.03515625
1 0.8953125 0.63671875 0.03125 0.03828125
1 0.865625 0.5375 0.0328125 0.03671875
1 0.86875 0.57421875 0.034375 0.04375
1 0.8671875 0.61484375 0.0328125 0.0328125
1 0.865625 0.653125 0.03125 0.0421875
1 0.8359375 0.63671875 0.0296875 0.03828125
1 0.8375 0.5578125 0.028125 0.040625
1 0.7828125 0.55625 0.025 0.03125
1 0.809375 0.57421875 0.0328125 0.0328125
1 0.809375 0.6109375 0.0296875 0.04375
1 0.7546875 0.57265625 0.034375 0.0421875
1 0.78125 0.59609375 0.034375 0.03671875
1 0.753125 0.6125 0.03125 0.03515625
1 0.7828125 0.6328125 0.0296875 0.03671875
1 0.7796875 0.6734375 0.03125 0.03828125
1 0.778125 0.71171875 0.0328125 0.03828125
1 0.7796875 0.75078125 0.03125 0.03671875
1 0.778125 0.790625 0.0359375 0.03671875
1 0.778125 0.82734375 0.0328125 0.040625
1 0.753125 0.64921875 0.0328125 0.03671875
1 0.753125 0.68828125 0.028125 0.040625
1 0.7484375 0.728125 0.0328125 0.04375
1 0.7515625 0.76875 0.034375 0.03671875
1 0.7484375 0.80703125 0.028125 0.03125
1 0.75 0.84375 0.03125 0.0328125
1 0.7453125 0.884375 0.0390625 0.0421875
1 0.63515625 0.9875 0.0328125 0.025
1 0.575 0.9875 0.028125 0.025
1 0.6046875 0.9703125 0.0296875 0.03125
1 0.6328125 0.95390625 0.03125 0.03828125
1 0.6625 0.9375 0.03125 0.03828125
1 0.6875 0.91953125 0.025 0.0296875
1 0.71875 0.903125 0.028125 0.040625
1 0.71875 0.86640625 0.028125 0.03515625
1 0.71875 0.82734375 0.0265625 0.03515625
1 0.71875 0.7875 0.03125 0.03671875
1 0.71875 0.75234375 0.0296875 0.0328125
1 0.721875 0.5890625 0.028125 0.0328125
1 0.721875 0.6296875 0.0296875 0.0421875
1 0.7234375 0.66640625 0.0296875 0.03515625
1 0.721875 0.70625 0.0390625 0.04375
1 0.6625 0.590625 0.034375 0.03515625
1 0.6359375 0.56875 0.0296875 0.03671875
1 0.6109375 0.5875 0.028125 0.0421875
1 0.58125 0.56875 0.0359375 0.040625
1 0.5515625 0.590625 0.0265625 0.0328125
1 0.5796875 0.60703125 0.028125 0.0328125
1 0.553125 0.63125 0.0296875 0.0328125
1 0.5796875 0.64765625 0.0265625 0.03125
1 0.525 0.609375 0.028125 0.03671875
1 0.634375 0.609375 0.0296875 0.03828125
1 0.609375 0.6296875 0.028125 0.0328125
1 0.6921875 0.6109375 0.03125 0.02734375
1 0.6640625 0.62734375 0.028125 0.03671875
1 0.6921875 0.64921875 0.03125 0.03671875
1 0.665625 0.66640625 0.028125 0.03828125
1 0.609375 0.66953125 0.028125 0.02734375
1 0.6359375 0.6859375 0.028125 0.0328125
1 0.5796875 0.6859375 0.0234375 0.03125
1 0.553125 0.66953125 0.0296875 0.0328125
1 0.69375 0.68828125 0.03125 0.03671875
1 0.665625 0.7046875 0.034375 0.0421875
1 0.6921875 0.7265625 0.0359375 0.0421875
1 0.690625 0.76484375 0.034375 0.03828125
1 0.6359375 0.7265625 0.0328125 0.0328125
1 0.6609375 0.7453125 0.0359375 0.03828125
1 0.6359375 0.76484375 0.0328125 0.03671875
1 0.60625 0.74296875 0.0296875 0.0421875
1 0.6078125 0.70625 0.025 0.0296875
1 0.58125 0.72265625 0.0328125 0.0328125
1 0.55 0.71015625 0.03125 0.03515625
1 0.55 0.7484375 0.03125 0.03671875
1 0.58125 0.76484375 0.03125 0.03671875
1 0.6625 0.78359375 0.0296875 0.03515625
1 0.6890625 0.80390625 0.034375 0.03671875
1 0.6640625 0.82421875 0.034375 0.03671875
1 0.634375 0.80390625 0.0359375 0.040625
1 0.6078125 0.78203125 0.0296875 0.03671875
1 0.6078125 0.82421875 0.025 0.0296875
1 0.578125 0.80703125 0.03125 0.03515625
1 0.5515625 0.78515625 0.03125 0.03125
1 0.5484375 0.8203125 0.03125 0.03828125
1 0.496875 0.5875 0.0328125 0.03515625
1 0.4671875 0.60546875 0.034375 0.0328125
1 0.4390625 0.62578125 0.0296875 0.0328125
1 0.4078125 0.6421875 0.03125 0.03671875
1 0.3828125 0.65859375 0.0265625 0.03125
1 0.3546875 0.67734375 0.0359375 0.040625
1 0.325 0.65703125 0.03125 0.03828125
1 0.49375 0.62578125 0.03125 0.03828125
1 0.4671875 0.6421875 0.0234375 0.0296875
1 0.4390625 0.6640625 0.028125 0.03125
1 0.409375 0.67890625 0.0265625 0.03515625
1 0.3828125 0.696875 0.034375 0.040625
1 0.353125 0.7171875 0.0328125 0.040625
1 0.521875 0.64921875 0.03125 0.03671875
1 0.521875 0.80546875 0.03125 0.0421875
1 0.521875 0.76328125 0.03125 0.03125
1 0.5203125 0.73046875 0.0328125 0.0328125
1 0.5203125 0.68984375 0.0390625 0.04375
1 0.4921875 0.6625 0.034375 0.03671875
1 0.4640625 0.68046875 0.0296875 0.03828125
1 0.4921875 0.70078125 0.0328125 0.03125
1 0.465625 0.72109375 0.028125 0.03671875
1 0.4921875 0.74296875 0.034375 0.0328125
1 0.4359375 0.703125 0.028125 0.03671875
1 0.40625 0.715625 0.028125 0.03671875
1 0.38125 0.7359375 0.0296875 0.03515625
1 0.3515625 0.7578125 0.028125 0.03828125
1 0.3515625 0.79453125 0.0296875 0.03671875
1 0.3515625 0.83125 0.0296875 0.0421875
1 0.378125 0.81484375 0.03125 0.03671875
1 0.38125 0.77265625 0.03125 0.0421875
1 0.4375 0.74140625 0.03125 0.03515625
1 0.40625 0.759375 0.0328125 0.040625
1 0.465625 0.76171875 0.0265625 0.0328125
1 0.4375 0.778125 0.0296875 0.02734375
1 0.409375 0.7984375 0.0265625 0.03828125
1 0.378125 0.853125 0.03125 0.03515625
1 0.40625 0.83828125 0.0328125 0.03828125
1 0.4359375 0.81640625 0.0328125 0.03828125
1 0.4921875 0.78359375 0.0296875 0.03828125
1 0.465625 0.7984375 0.03125 0.03671875
1 0.4953125 0.8203125 0.0328125 0.03671875
1 0.4640625 0.83671875 0.0375 0.04375
1 0.3796875 0.88984375 0.0296875 0.03515625
1 0.378125 0.9265625 0.03125 0.03515625
1 0.6921875 0.84375 0.03125 0.03125
1 0.690625 0.8828125 0.0375 0.04609375
1 0.6625 0.8609375 0.0296875 0.03671875
1 0.6609375 0.90078125 0.034375 0.040625
1 0.634375 0.915625 0.03125 0.040625
1 0.6046875 0.9375 0.034375 0.03828125
1 0.5734375 0.959375 0.0359375 0.03828125
1 0.54453125 0.99375 0.0296875 0.0125
1 0.51953125 0.9875 0.0296875 0.025
1 0.54375 0.97421875 0.0296875 0.03515625
1 0.4921875 0.97265625 0.0296875 0.03515625
1 0.4609375 0.95234375 0.028125 0.0328125
1 0.4046875 0.87734375 0.0296875 0.03671875
1 0.403125 0.91171875 0.0328125 0.03671875
1 0.434375 0.93359375 0.0296875 0.03671875
1 0.4359375 0.896875 0.0296875 0.03515625
1 0.4328125 0.85703125 0.03125 0.040625
1 0.4640625 0.87734375 0.0328125 0.0296875
1 0.4609375 0.9140625 0.025 0.040625
1 0.5234375 0.8421875 0.028125 0.03515625
1 0.496875 0.8609375 0.03125 0.03515625
1 0.490625 0.896875 0.034375 0.03828125
1 0.49375 0.9359375 0.0296875 0.03671875
1 0.51875 0.95625 0.0265625 0.0328125
1 0.5484375 0.9359375 0.0359375 0.0421875
1 0.575 0.915625 0.0359375 0.03828125
1 0.55 0.85703125 0.0328125 0.03828125
1 0.51875 0.88046875 0.0359375 0.0421875
1 0.5203125 0.9171875 0.03125 0.03828125
1 0.546875 0.90078125 0.0296875 0.03515625
1 0.6046875 0.89921875 0.0375 0.03515625
1 0.575 0.8828125 0.0359375 0.03671875
1 0.6328125 0.8828125 0.0328125 0.0328125
1 0.634375 0.8421875 0.03125 0.0421875
1 0.603125 0.8625 0.0359375 0.0421875
1 0.996875 0.15078125 0.0046875 0.040625
1 0.996875 0.18515625 0.0046875 0.04921875
1 0.9984375 0.23125 0.003125 0.04375
1 0.9984375 0.30859375 0.003125 0.04375
1 0.98125 0.28828125 0.0359375 0.04921875
1 0.984375 0.36328125 0.0296875 0.03515625
1 0.9984375 0.38203125 0.003125 0.0421875
1 0.984375 0.40546875 0.03125 0.04375
1 0.984375 0.515625 0.0296875 0.03515625
1 0.98125 0.5984375 0.025 0.02421875
1 0.9828125 0.67734375 0.03125 0.03671875
1 0.98125 0.75625 0.0359375 0.04375
1 0.9796875 0.83671875 0.0390625 0.04765625
1 0.9765625 0.8828125 0.040625 0.040625
1 0.975 0.946875 0.03125 0.03515625
1 0.975 0.98046875 0.03125 0.03828125
1 0.996875 0.8953125 0.00625 0.040625
1 0.99375 0.93203125 0.0125 0.03828125