1 0.0140625 0.4546875 0.0265625 0.16328125
1 0.24375 0.378125 0.121875 0.17421875
1 0.05 0.08984375 0.1 0.15625
1 0.24375 0.084375 0.1015625 0.16875
1 0.359375 0.16875 0.121875 0.16484375
1 0.471875 0.0734375 0.1171875 0.146875
1 0.3828125 0.31953125 0.1140625 0.12109375
1 0.36875 0.4625 0.1171875 0.18359375
1 0.25 0.55625 0.125 0.17265625
1 0.1453125 0.62578125 0.15 0.1875
1 0.2578125 0.84609375 0.134375 0.1796875
1 0.1546875 0.78203125 0.1203125 0.13203125
1 0.0609375 0.83515625 0.1203125 0.15078125
1 0.06484375 0.95859375 0.1296875 0.0828125
1 0.4671875 0.5375 0.14375 0.17578125
1 0.5875 0.46953125 0.1359375 0.19296875
1 0.6921875 0.3796875 0.10625 0.1578125
1 0.7046875 0.5359375 0.1296875 0.17265625
1 0.6921875 0.81796875 0.1375 0.16328125
1 0.7 0.9515625 0.140625 0.096875
1 0.809375 0.43828125 0.13125 0.15390625
1 0.8078125 0.6 0.1203125 0.15078125
1 0.9078125 0.20546875 0.1578125 0.178125
1 0.9109375 0.38515625 0.159375 0.1671875
1 0.9796875 0.14296875 0.0390625 0.15390625
1 0.9859375 0.31953125 0.028125 0.16875
1 0.9828125 0.5890625 0.0328125 0.20390625
1 0.909375 0.5375 0.090625 0.14296875
1 0.80234375 0.9859375 0.1015625 0.02734375
1 0.90234375 0.9515625 0.1078125 0.096875
1 0.784375 0.04609375 0.146875 0.08984375
1 0.1484375 0.04921875 0.1125 0.096875
1 0.35 0.040625 0.140625 0.08046875