1 0.98984375 0.04140625 0.0203125 0.0703125
1 0.96328125 0.0703125 0.06328125 0.0640625
1 0.965625 0.01953125 0.046875 0.0390625
1 0.9125 0.0453125 0.05390625 0.0578125
1 0.8203125 0.06171875 0.0609375 0.07421875
1 0.8734375 0.01953125 0.05078125 0.0390625
1 0.68359375 0.0640625 0.04921875 0.065625
1 0.634375 0.0515625 0.05078125 0.0640625
1 0.7328125 0.04140625 0.04921875 0.0515625
1 0.68125 0.015625 0.071875 0.03125
1 0.59296875 0.01953125 0.05625 0.0390625
1 0.54375 0.0515625 0.06640625 0.071875
1 0.4875 0.05546875 0.05625 0.06796875
1 0.40390625 0.0515625 0.05234375 0.06171875
1 0.45078125 0.03203125 0.05234375 0.0640625
1 0.496875 0.015625 0.04921875 0.03125
1 0.3078125 0.0578125 0.04375 0.065625
1 0.35703125 0.03125 0.04921875 0.06171875
1 0.25703125 0.0296875 0.05234375 0.059375
1 0.21328125 0.04765625 0.046875 0.0640625
1 0.1703125 0.0265625 0.05078125 0.053125
1 0.11875 0.03671875 0.05078125 0.065625
1 0.9875 0.17265625 0.02421875 0.078125
1 0.9140625 0.16484375 0.04921875 0.06171875
1 0.96484375 0.1375 0.059375 0.06171875
1 0.9578125 0.2015625 0.05390625 0.0640625
1 0.8671875 0.19765625 0.059375 0.07578125
1 0.0234375 0.04140625 0.046875 0.06171875
1 0.07109375 0.0265625 0.05078125 0.053125
1 0.1171875 0.1109375 0.04921875 0.05546875
1 0.02421875 0.1109375 0.0453125 0.04921875
1 0.0296875 0.17265625 0.05625 0.05546875
1 0.0265625 0.2375 0.05234375 0.06796875
1 0.075 0.1375 0.046875 0.06171875
1 0.21484375 0.11953125 0.05625 0.06171875
1 0.2640625 0.15625 0.04921875 0.059375
1 0.16796875 0.14375 0.0578125 0.059375
1 0.21640625 0.17890625 0.05078125 0.06171875
1 0.16640625 0.21171875 0.06484375 0.07421875
1 0.1171875 0.240625 0.05234375 0.059375
1 0.071875 0.20390625 0.059375 0.0640625
1 0.11875 0.17734375 0.05390625 0.0640625
1 0.071875 0.271875 0.06484375 0.065625
1 0.25859375 0.2203125 0.05625 0.05546875
1 0.21484375 0.246875 0.05234375 0.059375
1 0.1625 0.2796875 0.05390625 0.0640625
1 0.11875 0.31484375 0.04375 0.065625
1 0.02421875 0.30234375 0.0453125 0.0515625
1 0.16640625 0.34375 0.0453125 0.04921875
1 0.25859375 0.28359375 0.04921875 0.071875
1 0.30390625 0.3171875 0.05078125 0.0703125
1 0.30390625 0.246875 0.04921875 0.06171875
1 0.3515625 0.2140625 0.05390625 0.06171875
1 0.21171875 0.3109375 0.0453125 0.0640625
1 0.06640625 0.34140625 0.05078125 0.0703125
1 0.025 0.36171875 0.05 0.0671875
1 0.11875 0.4296875 0.04375 0.05546875
1 0.071875 0.45859375 0.05234375 0.06171875
1 0.02578125 0.4265625 0.0515625 0.071875
1 0.02265625 0.49375 0.0453125 0.0578125
1 0.11875 0.5578125 0.05390625 0.0703125
1 0.06640625 0.590625 0.05390625 0.0578125
1 0.06796875 0.525 0.05625 0.06171875
1 0.021875 0.56171875 0.04375 0.07421875
1 0.06796875 0.65234375 0.05234375 0.05546875
1 0.025 0.68125 0.05 0.071875
1 0.1609375 0.6625 0.0578125 0.059375
1 0.1609375 0.7203125 0.059375 0.059375
1 0.11015625 0.73671875 0.0578125 0.065625
1 0.0578125 0.76953125 0.0609375 0.0640625
1 0.01796875 0.8046875 0.0359375 0.065625
1 0.01953125 0.93203125 0.03828125 0.06171875
1 0.81796875 0.17265625 0.05078125 0.04765625
1 0.8203125 0.228125 0.05234375 0.06171875
1 0.76953125 0.1953125 0.059375 0.0703125
1 0.81640625 0.29609375 0.0609375 0.065625
1 0.9125 0.2984375 0.059375 0.0640625
1 0.8671875 0.2671875 0.05078125 0.0703125
1 0.9859375 0.29765625 0.028125 0.06796875
1 0.96484375 0.32890625 0.0578125 0.07578125
1 0.96171875 0.39296875 0.05625 0.065625
1 0.9125 0.3578125 0.0578125 0.06796875
1 0.86328125 0.38671875 0.05625 0.06796875
1 0.9109375 0.415625 0.04921875 0.0578125
1 0.990625 0.4203125 0.01875 0.059375
1 0.98671875 0.98359375 0.0265625 0.0328125
1 0.9859375 0.93203125 0.028125 0.0578125
1 0.98671875 0.8640625 0.0265625 0.065625
1 0.98671875 0.79765625 0.0265625 0.0515625
1 0.9859375 0.73984375 0.028125 0.059375
1 0.984375 0.67734375 0.03125 0.06171875
1 0.984375 0.6109375 0.03125 0.06171875
1 0.9859375 0.5515625 0.028125 0.0578125
1 0.98359375 0.4875 0.0328125 0.065625
1 0.909375 0.4875 0.05078125 0.0640625
1 0.9578125 0.45703125 0.046875 0.0640625
1 0.96015625 0.5265625 0.0421875 0.04921875
1 0.9546875 0.58203125 0.04921875 0.05546875
1 0.95078125 0.64375 0.05078125 0.0578125
1 0.95078125 0.70546875 0.0453125 0.059375
1 0.94921875 0.76953125 0.0578125 0.071875
1 0.94921875 0.83515625 0.05625 0.0703125
1 0.94921875 0.96328125 0.05390625 0.06171875
1 0.89921875 0.98203125 0.0484375 0.0359375
1 0.9 0.9296875 0.0578125 0.06171875
1 0.8984375 0.86640625 0.0578125 0.0578125
1 0.90390625 0.7984375 0.05234375 0.06171875
1 0.90234375 0.734375 0.05234375 0.06171875
1 0.90390625 0.675 0.05078125 0.05546875
1 0.909375 0.61328125 0.05078125 0.06171875
1 0.909375 0.54765625 0.05234375 0.06171875
1 0.86015625 0.45703125 0.05625 0.0703125
1 0.86328125 0.5203125 0.03828125 0.0453125
1 0.865625 0.58046875 0.05390625 0.07578125
1 0.85859375 0.64375 0.05625 0.0578125
1 0.8546875 0.7015625 0.046875 0.053125
1 0.8546875 0.7671875 0.05078125 0.065625
1 0.853125 0.82734375 0.04921875 0.06796875
1 0.8515625 0.89296875 0.059375 0.06796875
1 0.8515625 0.96328125 0.0453125 0.0578125
1 0.80703125 0.98046875 0.03984375 0.0390625
1 0.809375 0.92421875 0.04921875 0.0640625
1 0.809375 0.86015625 0.03828125 0.053125
1 0.8078125 0.7921875 0.0453125 0.0640625
1 0.809375 0.728125 0.03984375 0.0578125
1 0.8109375 0.65859375 0.0421875 0.0703125
1 0.8109375 0.6109375 0.04921875 0.053125
1 0.81640625 0.553125 0.05078125 0.0640625
1 0.81328125 0.4875 0.04921875 0.0640625
1 0.81484375 0.421875 0.04921875 0.059375
1 0.81640625 0.36015625 0.046875 0.0578125
1 0.765625 0.32265625 0.04375 0.065625
1 0.7671875 0.25703125 0.046875 0.053125
1 0.77109375 0.38046875 0.03359375 0.0390625
1 0.7671875 0.4421875 0.04921875 0.065625
1 0.77265625 0.50625 0.046875 0.0515625
1 0.7671875 0.578125 0.05234375 0.0703125
1 0.7671875 0.6359375 0.0421875 0.0515625
1 0.7671875 0.69140625 0.05234375 0.059375
1 0.7640625 0.75703125 0.05078125 0.0640625
1 0.7640625 0.82265625 0.04921875 0.0703125
1 0.7625 0.89296875 0.0578125 0.065625
1 0.76484375 0.99296875 0.05078125 0.0140625
1 0.72890625 0.15625 0.0578125 0.06796875
1 0.68359375 0.19375 0.06328125 0.06796875
1 0.6796875 0.25546875 0.06328125 0.059375
1 0.721875 0.2859375 0.05390625 0.06796875
1 0.6796875 0.3171875 0.05390625 0.06796875
1 0.7203125 0.415625 0.05390625 0.07421875
1 0.678125 0.38515625 0.05625 0.0640625
1 0.675 0.45078125 0.046875 0.059375
1 0.71875 0.54140625 0.0578125 0.065625
1 0.6734375 0.51015625 0.059375 0.0640625
1 0.7203125 0.60078125 0.0578125 0.0640625
1 0.7203125 0.66640625 0.05078125 0.06171875
1 0.71640625 0.73046875 0.046875 0.053125
1 0.7203125 0.78203125 0.046875 0.04765625
1 0.7203125 0.8625 0.04375 0.06796875
1 0.7203125 0.928125 0.0453125 0.059375
1 0.71640625 0.978125 0.05234375 0.04296875
1 0.66953125 0.57578125 0.046875 0.059375
1 0.66796875 0.6359375 0.05625 0.059375
1 0.8671875 0.07578125 0.03359375 0.04296875
1 0.778125 0.01953125 0.0421875 0.0390625
1 0.49453125 0.1234375 0.0453125 0.0578125
1 0.63671875 0.15625 0.04375 0.0515625
1 0.5875 0.1828125 0.0578125 0.06171875
1 0.53828125 0.15 0.05078125 0.0578125
1 0.44375 0.15859375 0.05078125 0.06171875
1 0.40390625 0.1234375 0.0421875 0.04921875
1 0.3515625 0.15234375 0.05234375 0.0578125
1 0.30234375 0.1875 0.0421875 0.04921875
1 0.634375 0.22421875 0.04921875 0.0515625
1 0.5875 0.24921875 0.05390625 0.05546875
1 0.53828125 0.21796875 0.05234375 0.059375
1 0.49453125 0.19921875 0.0453125 0.05546875
1 0.62734375 0.2859375 0.05078125 0.059375
1 0.5859375 0.3171875 0.046875 0.0515625
1 0.6296875 0.3515625 0.05234375 0.059375
1 0.62734375 0.415625 0.05078125 0.0640625
1 0.5859375 0.38515625 0.046875 0.059375
1 0.53828125 0.2859375 0.03671875 0.0390625
1 0.53359375 0.3453125 0.04375 0.053125
1 0.49296875 0.3125 0.04921875 0.05546875
1 0.4421875 0.27578125 0.0453125 0.05546875
1 0.4 0.1828125 0.0453125 0.065625
1 0.4 0.240625 0.05078125 0.053125
1 0.40390625 0.3046875 0.05390625 0.06796875
1 0.3546875 0.28203125 0.05390625 0.06796875
1 0.44375 0.34765625 0.0453125 0.0578125
1 0.3984375 0.3765625 0.0453125 0.05546875
1 0.2078125 0.428125 0.03125 0.04140625
1 0.53125 0.415625 0.04375 0.065625
1 0.440625 0.41171875 0.05078125 0.065625
1 0.40390625 0.440625 0.04375 0.053125
1 0.34453125 0.4671875 0.0421875 0.0515625
1 0.30078125 0.49375 0.05078125 0.0578125
1 0.2515625 0.47109375 0.05234375 0.059375
1 0.49140625 0.44453125 0.05390625 0.06171875
1 0.62578125 0.4734375 0.05078125 0.065625
1 0.58359375 0.45234375 0.04921875 0.0515625
1 0.58359375 0.5125 0.0578125 0.065625
1 0.6296875 0.553125 0.04375 0.05546875
1 0.58203125 0.5703125 0.05234375 0.065625
1 0.62265625 0.60703125 0.04921875 0.053125
1 0.4421875 0.4734375 0.05078125 0.05546875
1 0.3953125 0.50390625 0.0578125 0.0703125
1 0.5265625 0.48984375 0.0453125 0.0578125
1 0.4828125 0.5125 0.05234375 0.0578125
1 0.4421875 0.5390625 0.03984375 0.04921875
1 0.58203125 0.6296875 0.0421875 0.04921875
1 0.61875 0.67109375 0.04921875 0.04921875
1 0.67109375 0.69765625 0.0453125 0.053125
1 0.53125 0.54140625 0.05078125 0.0515625
1 0.48984375 0.57421875 0.03828125 0.05546875
1 0.528125 0.603125 0.05234375 0.0703125
1 0.396875 0.571875 0.04921875 0.0578125
1 0.34609375 0.53125 0.0453125 0.0578125
1 0.30078125 0.56796875 0.04921875 0.0703125
1 0.2484375 0.53671875 0.05078125 0.0640625
1 0.2515625 0.60078125 0.05078125 0.059375
1 0.25 0.6625 0.0421875 0.0640625
1 0.44375 0.6046875 0.05390625 0.065625
1 0.4 0.63359375 0.04921875 0.06171875
1 0.34765625 0.590625 0.0453125 0.059375
1 0.34453125 0.66640625 0.03125 0.0453125
1 0.29921875 0.6875 0.05078125 0.06796875
1 0.52421875 0.67265625 0.046875 0.053125
1 0.57890625 0.69765625 0.046875 0.053125
1 0.6734375 0.753125 0.05078125 0.053125
1 0.6734375 0.81875 0.05078125 0.059375
1 0.6734375 0.8765625 0.0453125 0.053125
1 0.62421875 0.79453125 0.03828125 0.053125
1 0.58203125 0.7609375 0.05390625 0.059375
1 0.484375 0.7015625 0.03828125 0.053125
1 0.5265625 0.728125 0.05078125 0.06796875
1 0.528125 0.79609375 0.05234375 0.05546875
1 0.4828125 0.76328125 0.03984375 0.0453125
1 0.4390625 0.66640625 0.03984375 0.05546875
1 0.3953125 0.69375 0.046875 0.05546875
1 0.4390625 0.7328125 0.04921875 0.0578125
1 0.396875 0.75703125 0.03359375 0.04296875
1 0.34609375 0.721875 0.04375 0.05546875
1 0.1171875 0.68515625 0.03828125 0.04921875
1 0.296875 0.75078125 0.0453125 0.0578125
1 0.24453125 0.778125 0.04921875 0.053125
1 0.2078125 0.753125 0.05234375 0.06171875
1 0.1609375 0.7734375 0.046875 0.0640625
1 0.115625 0.79453125 0.04921875 0.0640625
1 0.059375 0.83515625 0.05625 0.0640625
1 0.059375 0.89921875 0.05390625 0.0640625
1 0.059375 0.96328125 0.04921875 0.06796875
1 0.67109375 0.9421875 0.046875 0.0640625
1 0.62734375 0.915625 0.046875 0.0453125
1 0.57890625 0.87890625 0.04921875 0.05546875
1 0.52421875 0.85390625 0.05625 0.059375
1 0.48046875 0.82265625 0.046875 0.06171875
1 0.4390625 0.78828125 0.05078125 0.06171875
1 0.39296875 0.8171875 0.046875 0.04140625
1 0.34609375 0.78203125 0.0421875 0.059375
1 0.2953125 0.81484375 0.05390625 0.04921875
1 0.24296875 0.84140625 0.03828125 0.0640625
1 0.203125 0.80859375 0.04921875 0.0578125
1 0.20625 0.87421875 0.05078125 0.065625
1 0.15703125 0.8375 0.04375 0.059375
1 0.11328125 0.8625 0.04921875 0.05546875
1 0.15703125 0.89921875 0.03984375 0.04921875
1 0.11171875 0.921875 0.05234375 0.07421875
1 0.43671875 0.8515625 0.04375 0.05546875
1 0.34609375 0.8453125 0.046875 0.065625
1 0.29921875 0.87265625 0.04375 0.0515625
1 0.246875 0.90546875 0.04375 0.0515625
1 0.2046875 0.940625 0.05625 0.053125
1 0.159375 0.9734375 0.0421875 0.053125
1 0.115625 0.98046875 0.059375 0.0390625
1 0.203125 0.98125 0.05625 0.03671875
1 0.39140625 0.8828125 0.0453125 0.05546875
1 0.4828125 0.88671875 0.04921875 0.053125
1 0.43515625 0.91953125 0.04921875 0.07421875
1 0.34765625 0.91328125 0.04921875 0.0640625
1 0.296875 0.9359375 0.05078125 0.0703125
1 0.25078125 0.96796875 0.05078125 0.0640625
1 0.340625 0.97109375 0.0453125 0.053125
1 0.5296875 0.91328125 0.046875 0.06171875
1 0.62265625 0.97421875 0.05234375 0.0515625
1 0.5765625 0.946875 0.05625 0.04765625
1 0.57421875 0.98671875 0.05390625 0.0265625
1 0.51953125 0.96875 0.04921875 0.06171875
1 0.48046875 0.95234375 0.046875 0.0640625
1 0.43671875 0.97578125 0.0453125 0.0484375
1 0.3890625 0.99140625 0.05078125 0.01640625
1 0.2984375 0.98671875 0.046875 0.0265625