1 0.98046875 0.9828125 0.03828125 0.034375
1 0.9796875 0.93984375 0.03828125 0.04921875
1 0.97890625 0.896875 0.0421875 0.04765625
1 0.946875 0.99453125 0.03671875 0.0109375
1 0.946875 0.96953125 0.03828125 0.04296875
1 0.94296875 0.92421875 0.03828125 0.0453125
1 0.9453125 0.875 0.03828125 0.04296875
1 0.91015625 0.9859375 0.0328125 0.028125
1 0.91015625 0.94375 0.03671875 0.04296875
1 0.91015625 0.903125 0.03828125 0.040625
1 0.87578125 0.9203125 0.03515625 0.04296875
1 0.87734375 0.87734375 0.0421875 0.0453125
1 0.87734375 0.96328125 0.03671875 0.04765625
1 0.84375 0.98515625 0.0375 0.0296875
1 0.84453125 0.9484375 0.0421875 0.04296875
1 0.84453125 0.90546875 0.04375 0.0453125
1 0.84609375 0.86015625 0.04375 0.04765625
1 0.81171875 0.97421875 0.03671875 0.0453125
1 0.81328125 0.92890625 0.0421875 0.04296875
1 0.81328125 0.8859375 0.04609375 0.0515625
1 0.81328125 0.834375 0.03828125 0.0515625
1 0.43671875 0.98828125 0.04609375 0.0234375
1 0.37890625 0.990625 0.0328125 0.01875
1 0.34609375 0.98515625 0.0328125 0.0296875
1 0.38125 0.959375 0.0328125 0.040625
1 0.34609375 0.9484375 0.03671875 0.0453125
1 0.41171875 0.93515625 0.03515625 0.0390625
1 0.37890625 0.915625 0.03515625 0.04296875
1 0.47578125 0.98203125 0.0328125 0.0359375
1 0.51015625 0.9921875 0.0234375 0.01484375
1 0.7796875 0.98671875 0.03515625 0.02578125
1 0.7765625 0.94609375 0.03125 0.034375
1 0.70859375 0.9890625 0.03671875 0.021875
1 0.74375 0.97421875 0.03515625 0.03671875
1 0.778125 0.903125 0.04609375 0.0515625
1 0.74375 0.9328125 0.040625 0.04921875
1 0.67734375 0.96953125 0.03515625 0.040625
1 0.67734375 0.9265625 0.03828125 0.04296875
1 0.7109375 0.903125 0.03125 0.0390625
1 0.74140625 0.8859375 0.03828125 0.04296875
1 0.63984375 0.98671875 0.03515625 0.02578125
1 0.61171875 0.971875 0.0296875 0.03671875
1 0.64140625 0.95078125 0.03515625 0.0390625
1 0.57578125 0.990625 0.0328125 0.01875
1 0.54609375 0.97421875 0.03515625 0.040625
1 0.5765625 0.95234375 0.03125 0.0390625
1 0.54609375 0.92890625 0.0234375 0.02578125
1 0.5109375 0.95234375 0.02734375 0.028125
1 0.47421875 0.93515625 0.03125 0.040625
1 0.5125 0.91171875 0.0328125 0.03671875
1 0.61171875 0.9265625 0.0328125 0.034375
1 0.64140625 0.903125 0.03671875 0.0390625
1 0.64140625 0.8640625 0.03515625 0.04296875
1 0.61171875 0.88359375 0.03671875 0.04296875
1 0.5765625 0.90703125 0.03828125 0.04296875
1 0.54375 0.8859375 0.03828125 0.04296875
1 0.775 0.85546875 0.03515625 0.04296875
1 0.74140625 0.840625 0.03671875 0.04296875
1 0.67734375 0.840625 0.03515625 0.04296875
1 0.7109375 0.81484375 0.03515625 0.040625
1 0.778125 0.8125 0.03671875 0.04765625
1 0.74140625 0.79296875 0.040625 0.04296875
1 0.67578125 0.79765625 0.03671875 0.0453125
1 0.6390625 0.82109375 0.03671875 0.0390625
1 0.31171875 0.9890625 0.03671875 0.021875
1 0.278125 0.978125 0.040625 0.04296875
1 0.24296875 0.9921875 0.0421875 0.01484375
1 0.24375 0.96328125 0.03671875 0.0453125
1 0.24375 0.91796875 0.03828125 0.0390625
1 0.2125 0.93515625 0.0296875 0.0390625
1 0.21171875 0.98046875 0.03828125 0.0390625
1 0.18046875 0.99375 0.0421875 0.0125
1 0.17734375 0.96328125 0.03671875 0.0453125
1 0.14453125 0.9859375 0.0328125 0.028125
1 0.14296875 0.94375 0.0421875 0.04765625
1 0.17734375 0.915625 0.03671875 0.0390625
1 0.14296875 0.8984375 0.040625 0.04296875
1 0.0765625 0.98515625 0.040625 0.0296875
1 0.015625 0.98359375 0.03125 0.03203125
1 0.1078125 0.971875 0.040625 0.04296875
1 0.11015625 0.92265625 0.03671875 0.04765625
1 0.07890625 0.9484375 0.03828125 0.0515625
1 0.0421875 0.971875 0.03515625 0.0453125
1 0.01484375 0.95234375 0.0296875 0.04296875
1 0.0421875 0.92890625 0.03828125 0.04296875
1 0.015625 0.90546875 0.03125 0.04296875
1 0.3078125 0.9203125 0.03828125 0.040625
1 0.275 0.8984375 0.03828125 0.04765625
1 0.34609375 0.896875 0.03671875 0.04296875
1 0.309375 0.87734375 0.0421875 0.04765625
1 0.60625 0.8359375 0.0421875 0.04296875
1 0.575 0.8640625 0.03671875 0.040625
1 0.54375 0.840625 0.0328125 0.04296875
1 0.57109375 0.8171875 0.040625 0.0453125
1 0.509375 0.86875 0.03828125 0.04296875
1 0.4765625 0.88828125 0.040625 0.034375
1 0.47421875 0.84453125 0.0328125 0.0390625
1 0.50703125 0.82109375 0.040625 0.04296875
1 0.47421875 0.79765625 0.03671875 0.040625
1 0.50703125 0.77578125 0.03515625 0.040625
1 0.6390625 0.77578125 0.04375 0.040625
1 0.61015625 0.79296875 0.03515625 0.04296875
1 0.5734375 0.771875 0.03515625 0.03671875
1 0.53828125 0.74765625 0.0328125 0.03671875
1 0.6078125 0.7453125 0.0328125 0.0390625
1 0.4703125 0.75234375 0.03671875 0.0390625
1 0.47265625 0.71328125 0.03828125 0.04296875
1 0.43984375 0.915625 0.03125 0.034375
1 0.41171875 0.896875 0.0328125 0.0453125
1 0.43984375 0.8703125 0.03828125 0.0453125
1 0.40859375 0.84296875 0.03515625 0.0453125
1 0.4375 0.82109375 0.03671875 0.0453125
1 0.44140625 0.78046875 0.03828125 0.0453125
1 0.4375 0.728125 0.040625 0.0515625
1 0.40625 0.75234375 0.03515625 0.03671875
1 0.40859375 0.79765625 0.03671875 0.04921875
1 0.37890625 0.87265625 0.0328125 0.0390625
1 0.3421875 0.853125 0.040625 0.04296875
1 0.3734375 0.82578125 0.03828125 0.0453125
1 0.3734375 0.778125 0.03671875 0.04921875
1 0.3421875 0.81015625 0.03125 0.0390625
1 0.309375 0.8296875 0.0328125 0.04296875
1 0.23984375 0.834375 0.0328125 0.034375
1 0.17734375 0.86875 0.03515625 0.034375
1 0.17734375 0.83203125 0.02734375 0.028125
1 0.2109375 0.8125 0.03125 0.034375
1 0.275 0.8078125 0.03828125 0.0453125
1 0.24140625 0.78671875 0.03125 0.0390625
1 0.30625 0.784375 0.040625 0.04296875
1 0.33671875 0.76328125 0.040625 0.0453125
1 0.30625 0.7390625 0.0328125 0.04296875
1 0.24140625 0.74140625 0.03671875 0.040625
1 0.2109375 0.76328125 0.03515625 0.040625
1 0.275 0.71796875 0.0296875 0.034375
1 0.3734375 0.73515625 0.03515625 0.0390625
1 0.340625 0.71796875 0.03515625 0.04296875
1 0.4046875 0.70703125 0.0328125 0.040625
1 0.37578125 0.68984375 0.03515625 0.0453125
1 0.309375 0.68984375 0.03828125 0.0453125
1 0.27265625 0.67265625 0.03671875 0.0453125
1 0.2453125 0.6984375 0.03671875 0.04296875
1 0.2109375 0.71796875 0.03671875 0.040625
1 0.70703125 0.7734375 0.040625 0.040625
1 0.67421875 0.74765625 0.03828125 0.04296875
1 0.64140625 0.728125 0.03828125 0.04765625
1 0.6078125 0.70234375 0.03671875 0.0453125
1 0.54375 0.7046875 0.03828125 0.040625
1 0.509375 0.6875 0.03828125 0.04296875
1 0.47265625 0.6640625 0.03125 0.0390625
1 0.4375 0.6421875 0.0296875 0.040625
1 0.4046875 0.665625 0.03515625 0.03671875
1 0.371875 0.6421875 0.03828125 0.04765625
1 0.340625 0.6296875 0.02734375 0.04296875
1 0.3078125 0.6078125 0.03515625 0.040625
1 0.278125 0.63125 0.0328125 0.040625
1 0.24140625 0.65078125 0.03828125 0.04765625
1 0.20859375 0.67265625 0.03828125 0.040625
1 0.20859375 0.62734375 0.03125 0.040625
1 0.24140625 0.60546875 0.03671875 0.04765625
1 0.5734375 0.67890625 0.03125 0.03671875
1 0.54609375 0.65703125 0.0328125 0.040625
1 0.50703125 0.63828125 0.03671875 0.040625
1 0.64140625 0.68125 0.03671875 0.040625
1 0.67578125 0.6984375 0.03828125 0.04296875
1 0.67421875 0.653125 0.03671875 0.0453125
1 0.6390625 0.63828125 0.03828125 0.04296875
1 0.6078125 0.65703125 0.03671875 0.03671875
1 0.5734375 0.63359375 0.040625 0.0453125
1 0.54375 0.61015625 0.03671875 0.04296875
1 0.509375 0.59453125 0.040625 0.040625
1 0.4703125 0.6140625 0.040625 0.0390625
1 0.4359375 0.59453125 0.03125 0.03671875
1 0.4046875 0.61640625 0.03671875 0.040625
1 0.371875 0.596875 0.03515625 0.03671875
1 0.33671875 0.58203125 0.03515625 0.04296875
1 0.275 0.58203125 0.0421875 0.04765625
1 0.46875 0.57109375 0.03828125 0.04296875
1 0.54375 0.56875 0.03671875 0.0390625
1 0.57109375 0.5859375 0.03515625 0.03671875
1 0.60625 0.61015625 0.03515625 0.04296875
1 0.91015625 0.80625 0.03828125 0.04296875
1 0.98046875 0.8546875 0.03828125 0.040625
1 0.90625 0.8515625 0.03671875 0.0515625
1 0.87578125 0.83203125 0.03671875 0.04765625
1 0.84453125 0.81015625 0.03828125 0.05390625
1 0.87734375 0.78671875 0.03671875 0.04296875
1 0.8421875 0.7671875 0.03671875 0.034375
1 0.81328125 0.74375 0.03125 0.0390625
1 0.778125 0.7671875 0.040625 0.0453125
1 0.9796875 0.80625 0.03671875 0.04765625
1 0.9453125 0.784375 0.03671875 0.04296875
1 0.91171875 0.7609375 0.03515625 0.0390625
1 0.87734375 0.74140625 0.03671875 0.0390625
1 0.84453125 0.71953125 0.03125 0.0390625
1 0.7765625 0.721875 0.03515625 0.04296875
1 0.73984375 0.70234375 0.0328125 0.03671875
1 0.7109375 0.728125 0.0296875 0.04296875
1 0.70859375 0.68125 0.03515625 0.04765625
1 0.978125 0.7609375 0.03515625 0.0390625
1 0.94296875 0.7390625 0.03125 0.03203125
1 0.978125 0.709375 0.03515625 0.03671875
1 0.94296875 0.69375 0.03515625 0.04296875
1 0.91015625 0.67265625 0.03671875 0.04296875
1 0.87578125 0.69375 0.03125 0.03671875
1 0.840625 0.6765625 0.03515625 0.040625
1 0.7765625 0.6765625 0.0328125 0.0390625
1 0.73984375 0.653125 0.03125 0.0453125
1 0.775 0.63125 0.02734375 0.034375
1 0.74140625 0.61171875 0.0296875 0.04296875
1 0.81171875 0.653125 0.0328125 0.034375
1 0.87890625 0.65078125 0.03125 0.0390625
1 0.9765625 0.62734375 0.03515625 0.0390625
1 0.9453125 0.6484375 0.03125 0.03203125
1 0.94296875 0.60546875 0.03828125 0.0453125
1 0.90625 0.62734375 0.040625 0.0453125
1 0.87578125 0.60546875 0.0328125 0.0390625
1 0.90859375 0.5859375 0.03828125 0.040625
1 0.87578125 0.5625 0.03515625 0.03671875
1 0.9046875 0.5390625 0.0328125 0.04296875
1 0.99453125 0.5984375 0.0109375 0.040625
1 0.9765625 0.5796875 0.03515625 0.0390625
1 0.94296875 0.56015625 0.03828125 0.040625
1 0.840625 0.62734375 0.0328125 0.03671875
1 0.809375 0.6140625 0.03515625 0.04296875
1 0.8390625 0.584375 0.03125 0.03671875
1 0.809375 0.5671875 0.03515625 0.0390625
1 0.8390625 0.540625 0.03125 0.03046875
1 0.775 0.5859375 0.03125 0.0390625
1 0.67578125 0.61015625 0.03515625 0.0390625
1 0.70859375 0.5859375 0.03671875 0.03671875
1 0.73984375 0.56875 0.03671875 0.03671875
1 0.70703125 0.54765625 0.03828125 0.04296875
1 0.671875 0.56484375 0.03515625 0.0390625
1 0.775 0.54296875 0.03515625 0.04296875
1 0.809375 0.521875 0.03828125 0.04296875
1 0.6375 0.5859375 0.03671875 0.040625
1 0.60625 0.5671875 0.0328125 0.03671875
1 0.6390625 0.54765625 0.040625 0.03671875
1 0.6046875 0.52578125 0.03828125 0.0515625
1 0.671875 0.52578125 0.03671875 0.0390625
1 0.73828125 0.5234375 0.040625 0.04921875
1 0.5734375 0.54765625 0.03515625 0.0453125
1 0.5421875 0.528125 0.03828125 0.04921875
1 0.50390625 0.5515625 0.040625 0.03671875
1 0.50390625 0.5109375 0.03671875 0.0453125
1 0.46875 0.53046875 0.03828125 0.0390625
1 0.4359375 0.50859375 0.03828125 0.0453125
1 0.434375 0.55390625 0.03671875 0.03671875
1 0.403125 0.5734375 0.03828125 0.04765625
1 0.4046875 0.52578125 0.03828125 0.04765625
1 0.36796875 0.5046875 0.0328125 0.0390625
1 0.3703125 0.465625 0.03515625 0.040625
1 0.3390625 0.43515625 0.0328125 0.028125
1 0.30234375 0.50234375 0.03125 0.0390625
1 0.3703125 0.54921875 0.03828125 0.04296875
1 0.340625 0.53203125 0.02734375 0.03046875
1 0.30390625 0.5515625 0.03828125 0.04296875
1 0.0765625 0.90078125 0.03671875 0.040625
1 0.04375 0.88125 0.03515625 0.04765625
1 0.01484375 0.86328125 0.0296875 0.040625
1 0.0765625 0.85546875 0.03828125 0.0390625
1 0.14140625 0.8125 0.0421875 0.040625
1 0.17734375 0.790625 0.03828125 0.04296875
1 0.1078125 0.8359375 0.0328125 0.034375
1 0.0421875 0.8359375 0.03125 0.034375
1 0.0140625 0.81484375 0.02734375 0.0390625
1 0.075 0.81015625 0.03828125 0.04296875
1 0.0125 0.77265625 0.025 0.0421875
1 0.14140625 0.7671875 0.040625 0.04296875
1 0.17734375 0.74375 0.03125 0.040625
1 0.17421875 0.6984375 0.040625 0.04765625
1 0.17421875 0.6484375 0.0421875 0.040625
1 0.14140625 0.6765625 0.03671875 0.0390625
1 0.1390625 0.71796875 0.04765625 0.04765625
1 0.1046875 0.7453125 0.0421875 0.0515625
1 0.1078125 0.790625 0.03671875 0.04765625
1 0.0734375 0.76953125 0.0328125 0.040625
1 0.040625 0.74765625 0.03828125 0.0453125
1 0.01171875 0.71953125 0.0234375 0.04296875
1 0.0734375 0.72421875 0.0296875 0.03671875
1 0.04375 0.70078125 0.03671875 0.040625
1 0.1046875 0.6984375 0.03125 0.04296875
1 0.0765625 0.67890625 0.0296875 0.040625
1 0.040625 0.653125 0.040625 0.04765625
1 0.0125 0.67890625 0.025 0.0390625
1 0.01484375 0.634375 0.0296875 0.04921875
1 0.1375 0.6296875 0.0328125 0.04921875
1 0.1078125 0.653125 0.0421875 0.03671875
1 0.075 0.6296875 0.04375 0.04921875
1 0.10625 0.60546875 0.040625 0.0453125
1 0.040625 0.61015625 0.03125 0.034375
1 0.015625 0.58828125 0.03125 0.0390625
1 0.20703125 0.58203125 0.03828125 0.0453125
1 0.17421875 0.603125 0.03671875 0.04765625
1 0.171875 0.56015625 0.0421875 0.0390625
1 0.1390625 0.58203125 0.03515625 0.04765625
1 0.1046875 0.5625 0.040625 0.0390625
1 0.0734375 0.5859375 0.03671875 0.034375
1 0.03828125 0.56875 0.040625 0.040625
1 0.0125 0.5484375 0.025 0.046875
1 0.23828125 0.56015625 0.03671875 0.04296875
1 0.20859375 0.540625 0.03515625 0.0453125
1 0.234375 0.51328125 0.040625 0.04921875
1 0.17421875 0.51953125 0.040625 0.04296875
1 0.1375 0.540625 0.03828125 0.04765625
1 0.10234375 0.521875 0.03828125 0.05390625
1 0.07109375 0.5453125 0.03671875 0.04296875
1 0.06953125 0.49765625 0.03828125 0.0453125
1 0.03671875 0.521875 0.03828125 0.04296875
1 0.01171875 0.5 0.0234375 0.04296875
1 0.27265625 0.43984375 0.03515625 0.04296875
1 0.20546875 0.49140625 0.0328125 0.0453125
1 0.171875 0.47421875 0.04375 0.04921875
1 0.1375 0.4953125 0.03515625 0.0453125
1 0.1046875 0.471875 0.0421875 0.04921875
1 0.07109375 0.4546875 0.03828125 0.05390625
1 0.03828125 0.4765625 0.0421875 0.04921875
1 0.23828125 0.46796875 0.040625 0.0390625
1 0.20703125 0.45078125 0.040625 0.04921875
1 0.23984375 0.415625 0.04375 0.0515625
1 0.171875 0.42421875 0.040625 0.04921875
1 0.1375 0.4484375 0.03671875 0.04296875
1 0.1078125 0.42890625 0.03671875 0.0515625
1 0.075 0.40703125 0.04375 0.04765625
1 0.03671875 0.42890625 0.040625 0.04921875
1 0.01171875 0.45078125 0.0234375 0.04765625
1 0.0109375 0.409375 0.021875 0.04296875
1 0.1375 0.40703125 0.03515625 0.04296875
1 0.03828125 0.38359375 0.03671875 0.04765625
1 0.01171875 0.36171875 0.0234375 0.04765625
1 0.20703125 0.3984375 0.04609375 0.04765625
1 0.23828125 0.375 0.0328125 0.0453125
1 0.16875 0.3796875 0.04375 0.04765625
1 0.1390625 0.3578125 0.03671875 0.04296875
1 0.1046875 0.37734375 0.03671875 0.0453125
1 0.0765625 0.3640625 0.03515625 0.0453125
1 0.0421875 0.340625 0.04375 0.0515625
1 0.1046875 0.33203125 0.0328125 0.04296875
1 0.075 0.3125 0.0328125 0.040625
1 0.00859375 0.31796875 0.01640625 0.03671875
1 0.4703125 0.48046875 0.0421875 0.0390625
1 0.4375 0.46328125 0.03828125 0.040625
1 0.40625 0.43984375 0.03515625 0.03671875
1 0.3734375 0.4203125 0.040625 0.04296875
1 0.03828125 0.29296875 0.040625 0.04296875
1 0.0109375 0.271875 0.021875 0.04765625
1 0.2 0.35546875 0.03515625 0.040625
1 0.1703125 0.3359375 0.03125 0.03671875
1 0.01171875 0.225 0.0234375 0.05390625
1 0.0109375 0.1765625 0.021875 0.04765625
1 0.0125 0.13203125 0.025 0.0421875
1 0.01015625 0.09609375 0.0203125 0.0453125
1 0.0109375 0.0484375 0.021875 0.0453125
1 0.0109375 0.0140625 0.021875 0.028125
1 0.27265625 0.3578125 0.03828125 0.04296875
1 0.0421875 0.2453125 0.03828125 0.0453125
1 0.03828125 0.20078125 0.04375 0.04765625
1 0.040625 0.15078125 0.03671875 0.0453125
1 0.03828125 0.11015625 0.03671875 0.040625
1 0.03515625 0.0671875 0.040625 0.03671875
1 0.03515625 0.0234375 0.03125 0.0453125
1 0.06953125 0.01171875 0.03671875 0.0234375
1 0.09765625 0.021875 0.03828125 0.04296875
1 0.06953125 0.0453125 0.0328125 0.03671875
1 0.06953125 0.0859375 0.04375 0.04765625
1 0.10078125 0.0671875 0.03828125 0.04765625
1 0.075 0.271875 0.03671875 0.04296875
1 0.075 0.2265625 0.03671875 0.04765625
1 0.06796875 0.17421875 0.03671875 0.040625
1 0.06953125 0.1359375 0.03515625 0.04765625
1 0.10234375 0.11015625 0.040625 0.040625
1 0.1046875 0.1484375 0.0421875 0.0453125
1 0.1046875 0.19375 0.04609375 0.040625
1 0.10078125 0.24140625 0.04921875 0.0515625
1 0.1046875 0.290625 0.040625 0.04921875
1 0.13359375 0.3125 0.0421875 0.05390625
1 0.23828125 0.32578125 0.040625 0.0390625
1 0.2015625 0.3078125 0.03515625 0.0453125
1 0.16640625 0.290625 0.040625 0.0453125
1 0.23828125 0.28671875 0.040625 0.034375
1 0.2015625 0.26484375 0.0421875 0.0515625
1 0.16875 0.2390625 0.0328125 0.04921875
1 0.17421875 0.1984375 0.03828125 0.0390625
1 0.1375 0.17890625 0.03515625 0.0515625
1 0.16328125 0.15546875 0.04765625 0.0515625
1 0.13515625 0.13359375 0.03671875 0.040625
1 0.13515625 0.09453125 0.03671875 0.0453125
1 0.13359375 0.04921875 0.0328125 0.0453125
1 0.13125 0.01015625 0.0375 0.0203125
1 0.16484375 0.0203125 0.0328125 0.040625
1 0.16640625 0.0625 0.03828125 0.040625
1 0.16875 0.1078125 0.040625 0.0453125
1 0.23984375 0.24375 0.03671875 0.04765625
1 0.20546875 0.21796875 0.040625 0.0453125
1 0.20703125 0.17421875 0.03828125 0.04765625
1 0.2015625 0.1296875 0.03671875 0.04296875
1 0.19765625 0.08828125 0.03671875 0.0390625
1 0.2 0.04765625 0.03671875 0.040625
1 0.1984375 0.0140625 0.0421875 0.028125
1 0.23359375 0.0171875 0.04921875 0.034375
1 0.2359375 0.0625 0.0421875 0.04921875
1 0.2328125 0.1078125 0.0421875 0.04296875
1 0.23828125 0.15546875 0.03828125 0.04296875
1 0.234375 0.1984375 0.040625 0.0453125
1 0.27265625 0.3125 0.03515625 0.04296875
1 0.26796875 0.0078125 0.03125 0.01484375
1 0.2984375 0.0203125 0.040625 0.040625
1 0.26953125 0.0390625 0.03828125 0.0453125
1 0.3 0.0625 0.03671875 0.0453125
1 0.27109375 0.0859375 0.03671875 0.040625
1 0.30234375 0.103125 0.04375 0.04765625
1 0.3 0.15078125 0.03828125 0.0453125
1 0.2984375 0.19609375 0.03671875 0.04296875
1 0.2671875 0.21953125 0.03671875 0.05625
1 0.30234375 0.2390625 0.03515625 0.0390625
1 0.2984375 0.28671875 0.0421875 0.04921875
1 0.30234375 0.33203125 0.03515625 0.04765625
1 0.36640625 0.0625 0.03671875 0.04296875
1 0.3296875 0.03671875 0.03671875 0.0390625
1 0.33515625 0.01015625 0.0390625 0.0203125
1 0.3671875 0.0203125 0.0421875 0.040625
1 0.36796875 0.10546875 0.03671875 0.04765625
1 0.33515625 0.08203125 0.03828125 0.04765625
1 0.33515625 0.1296875 0.03515625 0.04296875
1 0.33671875 0.16796875 0.03828125 0.04296875
1 0.33515625 0.2109375 0.040625 0.0515625
1 0.3390625 0.2546875 0.03671875 0.04296875
1 0.33515625 0.3015625 0.03828125 0.04921875
1 0.3390625 0.34921875 0.03671875 0.040625
1 0.2671875 0.1296875 0.0296875 0.04296875
1 0.27109375 0.1765625 0.03515625 0.04296875
1 0.36640625 0.1484375 0.03515625 0.03671875
1 0.40078125 0.00546875 0.03671875 0.0109375
1 0.46328125 0.0078125 0.0328125 0.01484375
1 0.43203125 0.01875 0.0390625 0.0375
1 0.40078125 0.03203125 0.03828125 0.040625
1 0.6640625 0.00546875 0.04609375 0.0109375
1 0.5375 0.003125 0.03515625 0.00625
1 0.503125 0.01640625 0.03828125 0.03203125
1 0.46484375 0.03046875 0.0328125 0.03203125
1 0.4359375 0.05390625 0.03671875 0.0390625
1 0.80234375 0.021875 0.040625 0.04296875
1 0.8296875 0.00546875 0.0296875 0.0109375
1 0.896875 0.01015625 0.040625 0.0203125
1 0.86796875 0.021875 0.0328125 0.04296875
1 0.83359375 0.04296875 0.02734375 0.03046875
1 0.80234375 0.0671875 0.03515625 0.0390625
1 0.765625 0.0453125 0.0328125 0.0390625
1 0.73828125 0.021875 0.03515625 0.03203125
1 0.89765625 0.0390625 0.03515625 0.04296875
1 0.86796875 0.0671875 0.0328125 0.040625
1 0.89765625 0.08828125 0.0421875 0.0453125
1 0.9671875 0.0078125 0.040625 0.01484375
1 0.934375 0.021875 0.03671875 0.04296875
1 0.98984375 0.01875 0.0171875 0.0375
1 0.9671875 0.0390625 0.03125 0.0453125
1 0.98984375 0.06015625 0.0203125 0.04296875
1 0.99140625 0.14765625 0.01640625 0.040625
1 0.99140625 0.10703125 0.01640625 0.040625
1 0.9671875 0.0859375 0.03671875 0.04296875
1 0.9359375 0.06484375 0.03828125 0.040625
1 0.934375 0.103125 0.03515625 0.0453125
1 0.9671875 0.12734375 0.0421875 0.0453125
1 0.93203125 0.146875 0.03125 0.040625
1 0.903125 0.13125 0.03125 0.0390625
1 0.86640625 0.10546875 0.03515625 0.040625
1 0.8734375 0.1484375 0.03515625 0.034375
1 0.83515625 0.0859375 0.03671875 0.040625
1 0.99375 0.1953125 0.0125 0.040625
1 0.9703125 0.1703125 0.03828125 0.04296875
1 0.99140625 0.23515625 0.01640625 0.04296875
1 0.990625 0.28359375 0.01796875 0.0453125
1 0.99140625 0.33046875 0.01640625 0.0453125
1 0.99453125 0.37734375 0.0109375 0.04296875
1 0.96875 0.26328125 0.03125 0.0390625
1 0.9375 0.2390625 0.03671875 0.040625
1 0.9359375 0.19375 0.040625 0.04296875
1 0.96875 0.31015625 0.03515625 0.0515625
1 0.934375 0.28671875 0.040625 0.04765625
1 0.97265625 0.35546875 0.03671875 0.040625
1 0.9375 0.33203125 0.03828125 0.04921875
1 0.90078125 0.17421875 0.0328125 0.040625
1 0.9046875 0.221875 0.03671875 0.04296875
1 0.90078125 0.26328125 0.0328125 0.0453125
1 0.90625 0.3125 0.0328125 0.0390625
1 0.93984375 0.3796875 0.03671875 0.0390625
1 0.9046875 0.35546875 0.0328125 0.0453125
1 0.9953125 0.55703125 0.009375 0.03671875
1 0.9953125 0.51328125 0.009375 0.034375
1 0.9953125 0.46875 0.009375 0.040625
1 0.99453125 0.4234375 0.0109375 0.0453125
1 0.97265625 0.5390625 0.03828125 0.04296875
1 0.9765625 0.4953125 0.040625 0.0515625
1 0.97421875 0.4484375 0.03828125 0.0390625
1 0.97265625 0.403125 0.03671875 0.04921875
1 0.9375 0.42265625 0.03515625 0.0453125
1 0.93984375 0.51484375 0.0328125 0.04765625
1 0.87578125 0.5171875 0.0296875 0.03671875
1 0.90625 0.4953125 0.03828125 0.0390625
1 0.90625 0.45234375 0.03515625 0.0515625
1 0.8421875 0.49765625 0.040625 0.04921875
1 0.8734375 0.46953125 0.040625 0.04296875
1 0.840625 0.45078125 0.03671875 0.040625
1 0.87578125 0.4265625 0.03515625 0.04296875
1 0.871875 0.3796875 0.03671875 0.0453125
1 0.8703125 0.334375 0.03828125 0.0453125
1 0.871875 0.2890625 0.03671875 0.04296875
1 0.8703125 0.24140625 0.0421875 0.04296875
1 0.8703125 0.1984375 0.03828125 0.04765625
1 0.840625 0.40703125 0.03828125 0.04296875
1 0.840625 0.36171875 0.0328125 0.04765625
1 0.83515625 0.31484375 0.03828125 0.0515625
1 0.8390625 0.2671875 0.040625 0.04296875
1 0.83515625 0.221875 0.0328125 0.03671875
1 0.83671875 0.17890625 0.03671875 0.0390625
1 0.83125 0.13125 0.04609375 0.04921875
1 0.70234375 0.01171875 0.03828125 0.0234375
1 0.63203125 0.01171875 0.0328125 0.0234375
1 0.66640625 0.03046875 0.03515625 0.03671875
1 0.7 0.04921875 0.03671875 0.0453125
1 0.734375 0.06875 0.03671875 0.0453125
1 0.7640625 0.090625 0.0296875 0.034375
1 0.8 0.11015625 0.0328125 0.04765625
1 0.8 0.153125 0.0328125 0.040625
1 0.8 0.1984375 0.03125 0.040625
1 0.8 0.2453125 0.03671875 0.04296875
1 0.8 0.28671875 0.03515625 0.0390625
1 0.80390625 0.478125 0.0328125 0.0390625
1 0.80390625 0.43125 0.03515625 0.04921875
1 0.80625 0.38828125 0.03515625 0.040625
1 0.80390625 0.340625 0.04609375 0.0515625
1 0.734375 0.4765625 0.040625 0.040625
1 0.703125 0.50234375 0.03515625 0.04296875
1 0.67421875 0.48046875 0.0328125 0.04921875
1 0.6390625 0.50234375 0.0421875 0.04765625
1 0.6046875 0.4765625 0.03125 0.0390625
1 0.6375 0.45703125 0.0328125 0.0390625
1 0.60625 0.42890625 0.03515625 0.0390625
1 0.6375 0.409375 0.03125 0.03671875
1 0.5734375 0.4546875 0.0328125 0.04296875
1 0.7015625 0.4546875 0.03515625 0.0453125
1 0.671875 0.43125 0.0328125 0.0390625
1 0.76953125 0.45234375 0.03671875 0.03203125
1 0.7359375 0.4328125 0.0328125 0.04296875
1 0.76953125 0.40703125 0.03671875 0.04296875
1 0.73828125 0.38828125 0.0328125 0.0453125
1 0.671875 0.38359375 0.0328125 0.03203125
1 0.703125 0.3640625 0.0328125 0.0390625
1 0.6375 0.3640625 0.02734375 0.03671875
1 0.60625 0.38359375 0.03515625 0.0390625
1 0.77109375 0.36171875 0.03671875 0.04296875
1 0.73828125 0.34296875 0.040625 0.04921875
1 0.76953125 0.3171875 0.0421875 0.04921875
1 0.7671875 0.271875 0.040625 0.0453125
1 0.703125 0.3171875 0.03828125 0.0390625
1 0.7328125 0.2953125 0.0421875 0.0453125
1 0.703125 0.271875 0.03828125 0.04296875
1 0.66875 0.29765625 0.03515625 0.04921875
1 0.6703125 0.340625 0.0296875 0.034375
1 0.6390625 0.32109375 0.03828125 0.0390625
1 0.60234375 0.3359375 0.03671875 0.040625
1 0.60234375 0.290625 0.03671875 0.04296875
1 0.6390625 0.271875 0.03671875 0.04296875
1 0.734375 0.25 0.03515625 0.040625
1 0.765625 0.2265625 0.040625 0.04296875
1 0.7359375 0.20234375 0.040625 0.04296875
1 0.7015625 0.2265625 0.0421875 0.04765625
1 0.6703125 0.25234375 0.03515625 0.04296875
1 0.6703125 0.20234375 0.0296875 0.034375
1 0.63515625 0.221875 0.03671875 0.040625
1 0.6046875 0.24765625 0.03671875 0.03671875
1 0.60078125 0.20703125 0.03671875 0.0453125
1 0.540625 0.48046875 0.03828125 0.040625
1 0.50546875 0.459375 0.040625 0.0390625
1 0.47265625 0.43515625 0.03515625 0.0390625
1 0.4359375 0.415625 0.03671875 0.04296875
1 0.40625 0.396875 0.03125 0.03671875
1 0.3734375 0.375 0.0421875 0.04765625
1 0.3390625 0.3984375 0.03671875 0.0453125
1 0.53671875 0.43515625 0.03671875 0.0453125
1 0.50546875 0.415625 0.02734375 0.034375
1 0.47265625 0.38984375 0.0328125 0.03671875
1 0.4375 0.37265625 0.03125 0.040625
1 0.40625 0.3515625 0.040625 0.04765625
1 0.371875 0.32734375 0.03828125 0.04765625
1 0.56953125 0.40703125 0.03671875 0.04296875
1 0.56953125 0.22421875 0.03671875 0.04921875
1 0.56953125 0.2734375 0.03671875 0.03671875
1 0.56796875 0.3125 0.03828125 0.0390625
1 0.56796875 0.36015625 0.04609375 0.0515625
1 0.53515625 0.3921875 0.040625 0.04296875
1 0.5015625 0.3703125 0.03515625 0.0453125
1 0.53515625 0.346875 0.03828125 0.03671875
1 0.50390625 0.3234375 0.0328125 0.04296875
1 0.53515625 0.29765625 0.040625 0.0390625
1 0.46875 0.34453125 0.0328125 0.04296875
1 0.434375 0.3296875 0.0328125 0.04296875
1 0.4046875 0.30625 0.03515625 0.040625
1 0.3703125 0.28046875 0.0328125 0.0453125
1 0.3703125 0.23671875 0.03515625 0.04296875
1 0.3703125 0.19375 0.03515625 0.04921875
1 0.40078125 0.21328125 0.03671875 0.04296875
1 0.4046875 0.26328125 0.03671875 0.04921875
1 0.4703125 0.29921875 0.03671875 0.040625
1 0.434375 0.278125 0.03828125 0.04765625
1 0.50390625 0.27578125 0.03125 0.0390625
1 0.4703125 0.25625 0.03515625 0.03203125
1 0.4375 0.2328125 0.03125 0.0453125
1 0.40078125 0.16796875 0.03671875 0.040625
1 0.434375 0.18515625 0.03828125 0.0453125
1 0.46875 0.2109375 0.03828125 0.0453125
1 0.53515625 0.25 0.03515625 0.0453125
1 0.50390625 0.2328125 0.03671875 0.04296875
1 0.53828125 0.20703125 0.03828125 0.04296875
1 0.5015625 0.1875 0.04375 0.0515625
1 0.403125 0.125 0.03515625 0.040625
1 0.40078125 0.08203125 0.03671875 0.040625
1 0.76953125 0.17890625 0.03671875 0.03671875
1 0.7671875 0.13359375 0.04375 0.05390625
1 0.734375 0.159375 0.03515625 0.04296875
1 0.7328125 0.11171875 0.040625 0.04765625
1 0.7015625 0.09453125 0.03671875 0.04765625
1 0.66640625 0.06875 0.040625 0.0453125
1 0.6296875 0.04296875 0.0421875 0.0453125
1 0.59609375 0.00546875 0.03515625 0.0109375
1 0.5671875 0.01171875 0.03515625 0.0234375
1 0.5953125 0.02578125 0.03515625 0.040625
1 0.53515625 0.028125 0.03515625 0.040625
1 0.4984375 0.0515625 0.0328125 0.0390625
1 0.43203125 0.13984375 0.03515625 0.04296875
1 0.43046875 0.09921875 0.03828125 0.04296875
1 0.4671875 0.0734375 0.03515625 0.04296875
1 0.46875 0.11640625 0.03515625 0.040625
1 0.46484375 0.1640625 0.03671875 0.04765625
1 0.5015625 0.13984375 0.03828125 0.034375
1 0.4984375 0.096875 0.0296875 0.04765625
1 0.57109375 0.18125 0.0328125 0.040625
1 0.540625 0.159375 0.03671875 0.040625
1 0.5328125 0.11640625 0.040625 0.0453125
1 0.53671875 0.07109375 0.03515625 0.04296875
1 0.565625 0.04765625 0.03125 0.0390625
1 0.60078125 0.07109375 0.0421875 0.04921875
1 0.63203125 0.09453125 0.0421875 0.0453125
1 0.60234375 0.1640625 0.03828125 0.0453125
1 0.565625 0.1359375 0.0421875 0.04921875
1 0.56796875 0.09296875 0.03671875 0.0453125
1 0.59921875 0.11171875 0.03515625 0.040625
1 0.66640625 0.1140625 0.04375 0.040625
1 0.63203125 0.13359375 0.0421875 0.04296875
1 0.7 0.13359375 0.03828125 0.0390625
1 0.7015625 0.18125 0.03671875 0.04921875
1 0.66484375 0.15703125 0.0421875 0.04921875