1 0.03671875 0.01875 0.07265625 0.0375
1 0.034375 0.0890625 0.06875 0.08125
1 0.10625 0.046875 0.078125 0.09375
1 0.0375 0.18984375 0.07421875 0.1
1 0.11015625 0.14765625 0.08125 0.09765625
1 0.17734375 0.20234375 0.07265625 0.07265625
1 0.2515625 0.15859375 0.0796875 0.09609375
1 0.1828125 0.1 0.07265625 0.08515625
1 0.25390625 0.05859375 0.078125 0.08359375
1 0.178125 0.02734375 0.08671875 0.05390625
1 0.32421875 0.20390625 0.06171875 0.06875
1 0.3953125 0.16015625 0.06015625 0.06875
1 0.40234375 0.05625 0.05703125 0.07109375
1 0.46484375 0.10859375 0.07109375 0.07890625
1 0.47109375 0.0265625 0.0671875 0.053125
1 0.5421875 0.16640625 0.07265625 0.05859375
1 0.54765625 0.075 0.08671875 0.11640625
1 0.540625 0.00859375 0.08515625 0.01640625
1 0.62265625 0.20859375 0.06953125 0.06875
1 0.62421875 0.11484375 0.08515625 0.11640625
1 0.62109375 0.03359375 0.090625 0.06640625
1 0.68984375 0.075 0.07109375 0.075
1 0.69921875 0.0125 0.090625 0.025
1 0.7671875 0.0390625 0.08125 0.078125
1 0.76796875 0.12109375 0.065625 0.08125
1 0.8453125 0.0140625 0.096875 0.028125
1 0.8421875 0.07890625 0.08671875 0.09609375
1 0.921875 0.03671875 0.07421875 0.07265625
1 0.9734375 0.015625 0.053125 0.03125
1 0.975 0.08046875 0.05 0.09375
1 0.91640625 0.11875 0.0671875 0.08984375
1 0.69140625 0.26640625 0.0671875 0.09140625
1 0.765625 0.22265625 0.078125 0.08984375
1 0.840625 0.17734375 0.08515625 0.09140625
1 0.91875 0.2125 0.07421875 0.0875
1 0.9765625 0.18671875 0.04609375 0.10625
1 0.3921875 0.26484375 0.0796875 0.08359375
1 0.46796875 0.31015625 0.06953125 0.07890625
1 0.7640625 0.32265625 0.06953125 0.09609375
1 0.84375 0.27734375 0.08515625 0.1
1 0.91171875 0.32734375 0.07421875 0.09609375
1 0.97109375 0.2859375 0.0578125 0.103125
1 0.0375 0.89765625 0.07421875 0.08359375
1 0.03046875 0.97421875 0.0609375 0.0515625
1 0.09609375 0.83984375 0.07421875 0.06484375
1 0.171875 0.9 0.08125 0.0875
1 0.09765625 0.94765625 0.07421875 0.09140625
1 0.16875 0.97265625 0.09609375 0.05390625
1 0.2421875 0.94921875 0.0875 0.1015625
1 0.3171875 0.97578125 0.0921875 0.04765625
1 0.3171875 0.90859375 0.07109375 0.08984375
1 0.16484375 0.8 0.0796875 0.075
1 0.46640625 0.98671875 0.0765625 0.0265625
1 0.6109375 0.9875 0.0765625 0.025
1 0.97109375 0.875 0.0578125 0.0875
1 0.97109375 0.96171875 0.0578125 0.0765625
1 0.90234375 0.990625 0.078125 0.01875
1 0.83671875 0.96953125 0.078125 0.06015625
1 0.909375 0.91875 0.078125 0.08359375
1 0.68671875 0.96328125 0.08359375 0.07265625
1 0.396875 0.95625 0.08828125 0.08125
1 0.471875 0.91875 0.0921875 0.09375
1 0.54140625 0.95703125 0.09375 0.08515625
1 0.61875 0.92109375 0.08359375 0.10859375
1 0.76796875 0.91484375 0.0921875 0.1
1 0.8421875 0.86875 0.078125 0.075
1 0.9078125 0.82109375 0.07265625 0.0875
1 0.91328125 0.42890625 0.08125 0.09375
1 0.97109375 0.3859375 0.0578125 0.096875
1 0.96796875 0.47578125 0.0640625 0.10625
1 0.91171875 0.51640625 0.08671875 0.09140625
1 0.909375 0.60859375 0.090625 0.1
1 0.9734375 0.57578125 0.053125 0.09375
1 0.91328125 0.72265625 0.08828125 0.10390625
1 0.97109375 0.675 0.0578125 0.084375
1 0.03203125 0.78515625 0.0640625 0.0875
1 0.3953125 0.85625 0.0921875 0.10859375
1 0.5421875 0.86015625 0.07265625 0.09765625
1 0.68984375 0.86484375 0.078125 0.1
1 0.75859375 0.81640625 0.0796875 0.1
1 0.83125 0.77109375 0.08671875 0.1125
1 0.615625 0.8125 0.07109375 0.10234375
1 0.68984375 0.76015625 0.08671875 0.11640625
1 0.7640625 0.71015625 0.08125 0.09609375
1 0.83125 0.67109375 0.078125 0.09609375
1 0.828125 0.56484375 0.0796875 0.1
1 0.8421875 0.4625 0.0765625 0.07734375
1 0.840625 0.37734375 0.09765625 0.1
1 0.7625 0.41875 0.0765625 0.09609375
1 0.7640625 0.51484375 0.0765625 0.08984375
1 0.75859375 0.61640625 0.0796875 0.1125
1 0.540625 0.37734375 0.06015625 0.07109375
1 0.615625 0.41875 0.0796875 0.09375
1 0.6953125 0.36484375 0.0796875 0.10234375
1 0.69140625 0.47109375 0.06953125 0.1125
1 0.68828125 0.56875 0.07421875 0.10859375
1 0.69140625 0.65859375 0.0796875 0.10234375
1 0.32421875 0.80859375 0.08671875 0.10390625
1 0.396875 0.75859375 0.08671875 0.09375
1 0.4734375 0.80625 0.08828125 0.11015625
1 0.54609375 0.7625 0.08359375 0.10390625
1 0.62265625 0.70859375 0.08125 0.10234375
1 0.6171875 0.6 0.08515625 0.11875
1 0.61875 0.51015625 0.08671875 0.09140625
1 0.2484375 0.76015625 0.08125 0.10234375
1 0.103125 0.74375 0.0765625 0.08359375
1 0.1734375 0.70390625 0.078125 0.09609375
1 0.24453125 0.65390625 0.08515625 0.1125
1 0.31953125 0.70234375 0.090625 0.1
1 0.3953125 0.65625 0.0921875 0.10390625
1 0.4734375 0.70390625 0.08359375 0.10859375
1 0.55 0.66640625 0.08515625 0.1
1 0.54453125 0.56015625 0.0796875 0.1
1 0.54765625 0.46484375 0.0765625 0.09140625
1 0.4734375 0.41640625 0.0765625 0.09140625
1 0.46953125 0.5125 0.08515625 0.10859375
1 0.46953125 0.60859375 0.090625 0.10390625
1 0.32421875 0.6 0.08828125 0.10859375
1 0.315625 0.50234375 0.08125 0.0875
1 0.38828125 0.46015625 0.08125 0.08984375
1 0.3921875 0.36875 0.07265625 0.09140625
1 0.3296875 0.31015625 0.07421875 0.09765625
1 0.3171875 0.41015625 0.08125 0.09609375
1 0.25390625 0.35390625 0.06953125 0.09375
1 0.1734375 0.29765625 0.08125 0.0875
1 0.1046875 0.25234375 0.0765625 0.09765625
1 0.03828125 0.29609375 0.0765625 0.09609375
1 0.0375 0.4 0.07421875 0.10390625
1 0.03984375 0.496875 0.0796875 0.09375
1 0.10625 0.35390625 0.08125 0.09375
1 0.03984375 0.690625 0.0796875 0.09765625
1 0.03515625 0.5921875 0.0703125 0.090625
1 0.11015625 0.64609375 0.0921875 0.09765625
1 0.17578125 0.59609375 0.08359375 0.10390625
1 0.10078125 0.55234375 0.07265625 0.09609375
1 0.18828125 0.49765625 0.0796875 0.07734375
1 0.2484375 0.45625 0.078125 0.11015625
1 0.17890625 0.40390625 0.08828125 0.11015625
1 0.1046875 0.45625 0.0796875 0.10390625