1 0.80546875 0.00703125 0.0765625 0.0140625
1 0.6140625 0.02421875 0.0828125 0.04609375
1 0.7515625 0.021875 0.0796875 0.04375
1 0.68125 0.0015625 0.0828125 0.0015625
1 0.8671875 0.071875 0.0671875 0.0828125
1 0.678125 0.1359375 0.0953125 0.07734375
1 0.675 0.04609375 0.1078125 0.08984375
1 0.803125 0.128125 0.078125 0.0828125
1 0.796875 0.22421875 0.0953125 0.09140625
1 0.684375 0.22578125 0.071875 0.09140625
1 0.8671875 0.25859375 0.078125 0.09375
1 0.9265625 0.30078125 0.0734375 0.084375
1 0.9703125 0.16171875 0.059375 0.0953125
1 0.975 0.2515625 0.05 0.0734375
1 0.978125 0.34140625 0.0421875 0.09375
1 0.871875 0.4296875 0.0875 0.10625
1 0.9703125 0.61484375 0.059375 0.13359375
1 0.8 0.64765625 0.103125 0.11015625
1 0.884375 0.6109375 0.075 0.0828125
1 0.875 0.52109375 0.0984375 0.07890625
1 0.7515625 0.44609375 0.0828125 0.084375
1 0.7375 0.35234375 0.0953125 0.09375
1 0.621875 0.3578125 0.084375 0.1140625
1 0.5453125 0.31171875 0.0671875 0.075
1 0.553125 0.21640625 0.0984375 0.103125
1 0.621875 0.25703125 0.0640625 0.06640625
1 0.628125 0.63515625 0.0984375 0.096875
1 0.6453125 0.5484375 0.1015625 0.07734375
1 0.54375 0.475 0.084375 0.09140625
1 0.75 0.7796875 0.096875 0.103125
1 0.45 0.82578125 0.0765625 0.08984375
1 0.5578125 0.746875 0.0859375 0.0828125
1 0.4421875 0.66796875 0.078125 0.10078125
1 0.4984375 0.61796875 0.0875 0.10859375
1 0.6328125 0.9453125 0.0921875 0.10078125
1 0.39375 0.94140625 0.09375 0.10859375
1 0.3234375 0.56875 0.09375 0.103125
1 0.265625 0.475 0.0890625 0.07890625
1 0.203125 0.421875 0.06875 0.0953125
1 0.1453125 0.48046875 0.0828125 0.09375
1 0.0796875 0.61796875 0.084375 0.08984375
1 0.0734375 0.77265625 0.078125 0.075
1 0.2109375 0.8515625 0.0859375 0.1046875
1 0.209375 0.9453125 0.0828125 0.0859375
1 0.1359375 0.9046875 0.0828125 0.103125
1 0.0796875 0.95078125 0.0703125 0.09140625
1 0.028125 0.8859375 0.05625 0.10625
1 0.028125 0.965625 0.053125 0.06875
1 0.078125 0.84765625 0.0640625 0.08828125
1 0.1453125 0.7484375 0.06875 0.08046875
1 0.1421875 0.81796875 0.059375 0.071875
1 0.203125 0.69921875 0.0828125 0.09375
1 0.1953125 0.6 0.071875 0.084375
1 0.26875 0.65859375 0.071875 0.0953125
1 0.2640625 0.3875 0.084375 0.0859375
1 0.3046875 0.315625 0.0859375 0.084375
1 0.4296875 0.4 0.0859375 0.11015625
1 0.384375 0.54140625 0.0640625 0.09375
1 0.44375 0.50078125 0.065625 0.08046875
1 0.3640625 0.43671875 0.0546875 0.075
1 0.2671875 0.221875 0.0765625 0.096875
1 0.2 0.25859375 0.0703125 0.10625
1 0.0390625 0.3140625 0.0765625 0.11953125
1 0.0765625 0.18203125 0.071875 0.09140625
1 0.1921875 0.06796875 0.059375 0.0734375
1 0.3140625 0.04921875 0.084375 0.08046875
1 0.0703125 0.0109375 0.06875 0.0203125
1 0.075 0.08046875 0.0765625 0.10078125
1 0.1375 0.03828125 0.0546875 0.075
1 0.43125 0.23671875 0.078125 0.115625
1 0.55 0.05703125 0.0796875 0.10078125
1 0.49375 0.09140625 0.08125 0.10859375
1 0.3671875 0.096875 0.075 0.084375
1 0.428125 0.04609375 0.0640625 0.084375
1 0.3671875 0.01484375 0.065625 0.02734375
1 0.31875 0.0015625 0.059375 0.003125
1 0.4328125 0.1375 0.071875 0.084375
1 0.3765625 0.18515625 0.0734375 0.075
1 0.2625 0.1171875 0.0859375 0.08828125
1 0.19375 0.159375 0.0859375 0.084375
1 0.1390625 0.2203125 0.0796875 0.1046875
1 0.028125 0.2203125 0.0546875 0.07890625
1 0.0234375 0.1140625 0.046875 0.09375
1 0.0203125 0.00390625 0.040625 0.00546875
1 0.025 0.040625 0.0484375 0.0640625
1 0.0765625 0.52265625 0.084375 0.08046875
1 0.0703125 0.4296875 0.0796875 0.0859375
1 0.021875 0.4828125 0.04375 0.09921875
1 0.021875 0.578125 0.0421875 0.10078125
1 0.384375 0.78203125 0.0765625 0.06640625
1 0.5265625 0.85703125 0.0765625 0.07734375
1 0.6328125 0.79609375 0.0828125 0.0953125
1 0.31796875 0.96953125 0.0671875 0.0609375
1 0.5609375 0.96796875 0.059375 0.0640625
1 0.75 0.8625 0.0671875 0.0734375
1 0.8796875 0.76875 0.0890625 0.08046875
1 0.9515625 0.7984375 0.075 0.08984375
1 0.8828125 0.8515625 0.078125 0.08828125
1 0.984375 0.93359375 0.0296875 0.06796875
1 0.9375 0.89140625 0.06875 0.08984375
1 0.93828125 0.9734375 0.0921875 0.053125
1 0.971875 0.44375 0.05625 0.115625
1 0.9640625 0.01640625 0.0703125 0.03125
1 0.91171875 0.0015625 0.0859375 0.003125
1 0.5578125 0.56484375 0.06875 0.1046875
1 0.3234375 0.4109375 0.0703125 0.08828125
1 0.621875 0.4859375 0.06875 0.07890625