1 0.76640625 0.83828125 0.059375 0.07578125
1 0.8578125 0.84453125 0.0609375 0.071875
1 0.95078125 0.84296875 0.0578125 0.07578125
1 0.98515625 0.98046875 0.0296875 0.0390625
1 0.84921875 0.95390625 0.0390625 0.03984375
1 0.50703125 0.97890625 0.04765625 0.0421875
1 0.54921875 0.934375 0.05625 0.0578125
1 0.503125 0.9125 0.04765625 0.05546875
1 0.45234375 0.8765625 0.05234375 0.065625
1 0.59140625 0.85078125 0.059375 0.06796875
1 0.41875 0.98125 0.04375 0.0375
1 0.31875 0.934375 0.05078125 0.05546875
1 0.3265625 0.98125 0.0390625 0.0375
1 0.14609375 0.97578125 0.05390625 0.04765625
1 0.18828125 0.9359375 0.059375 0.0734375
1 0.09453125 0.94453125 0.0609375 0.0734375
1 0.096875 0.88046875 0.06640625 0.0578125
1 0.1015625 0.82109375 0.05625 0.065625
1 0.096875 0.75078125 0.06953125 0.08203125
1 0.14765625 0.91796875 0.0578125 0.06953125
1 0.3765625 0.88671875 0.0609375 0.07578125
1 0.3234375 0.846875 0.04921875 0.06171875
1 0.23046875 0.85859375 0.04609375 0.05390625
1 0.18828125 0.825 0.0625 0.071875
1 0.4984375 0.840625 0.04765625 0.04765625
1 0.3234375 0.72734375 0.05078125 0.0578125
1 0.2796875 0.75703125 0.04921875 0.0515625
1 0.18828125 0.76328125 0.05390625 0.059375
1 0.19140625 0.69921875 0.059375 0.065625
1 0.1421875 0.6671875 0.05234375 0.06953125
1 0.496875 0.78515625 0.05625 0.06796875
1 0.45390625 0.75703125 0.05390625 0.06171875
1 0.54609375 0.753125 0.0625 0.06796875
1 0.59140625 0.72109375 0.0625 0.06953125
1 0.540625 0.68359375 0.0578125 0.065625
1 0.58828125 0.653125 0.059375 0.06171875
1 0.5828125 0.58984375 0.0578125 0.05546875
1 0.49296875 0.65703125 0.05390625 0.0578125
1 0.45390625 0.6953125 0.0578125 0.06171875
1 0.40859375 0.66328125 0.05390625 0.06953125
1 0.45234375 0.62578125 0.05625 0.065625
1 0.49453125 0.57734375 0.06640625 0.071875
1 0.403125 0.59375 0.05234375 0.06171875
1 0.41171875 0.5296875 0.0640625 0.06796875
1 0.403125 0.41640625 0.05078125 0.06171875
1 0.18984375 0.6296875 0.05625 0.0640625
1 0.18671875 0.565625 0.059375 0.06796875
1 0.22890625 0.5375 0.059375 0.071875
1 0.18125 0.515625 0.04609375 0.0515625
1 0.22890625 0.478125 0.05234375 0.0578125
1 0.1828125 0.45390625 0.05625 0.06796875
1 0.1359375 0.478125 0.05078125 0.071875
1 0.6390625 0.75078125 0.05234375 0.05546875
1 0.6375 0.6875 0.05625 0.06796875
1 0.6796875 0.659375 0.0625 0.071875
1 0.7203125 0.6234375 0.0578125 0.0640625
1 0.68125 0.6015625 0.04609375 0.05546875
1 0.6359375 0.56796875 0.0609375 0.065625
1 0.7171875 0.5578125 0.059375 0.06796875
1 0.98359375 0.80390625 0.03203125 0.0734375
1 0.9875 0.74296875 0.025 0.0640625
1 0.90703125 0.8109375 0.05078125 0.065625
1 0.91015625 0.74921875 0.05078125 0.059375
1 0.94921875 0.71875 0.05234375 0.06796875
1 0.9859375 0.67734375 0.028125 0.0734375
1 0.9421875 0.6453125 0.05234375 0.0640625
1 0.8625 0.775 0.04609375 0.0578125
1 0.81015625 0.7546875 0.05390625 0.06953125
1 0.8640625 0.71328125 0.0609375 0.0640625
1 0.72578125 0.75078125 0.04609375 0.0578125
1 0.76796875 0.72109375 0.04609375 0.0578125
1 0.77109375 0.659375 0.05625 0.06796875
1 0.81328125 0.6234375 0.05390625 0.0640625
1 0.76953125 0.59140625 0.05390625 0.06171875
1 0.7640625 0.5296875 0.05234375 0.065625
1 0.71875 0.49375 0.05390625 0.065625
1 0.95234375 0.5875 0.04921875 0.05390625
1 0.9015625 0.55390625 0.04765625 0.059375
1 0.98984375 0.55390625 0.0203125 0.0640625
1 0.95078125 0.521875 0.0609375 0.071875
1 0.9015625 0.49375 0.05234375 0.06953125
1 0.12734375 0.40859375 0.05078125 0.06796875
1 0.1796875 0.38828125 0.05234375 0.0640625
1 0.21875 0.36875 0.04609375 0.05390625
1 0.13203125 0.35234375 0.05234375 0.06953125
1 0.1828125 0.325 0.05390625 0.06953125
1 0.23046875 0.29453125 0.05390625 0.0578125
1 0.1796875 0.26328125 0.05390625 0.071875
1 0.13046875 0.29453125 0.04921875 0.059375
1 0.084375 0.2015625 0.05234375 0.071875
1 0.22578125 0.23125 0.05078125 0.071875
1 0.2765625 0.19296875 0.0578125 0.08203125
1 0.2234375 0.1671875 0.0578125 0.071875
1 0.178125 0.1953125 0.05234375 0.06171875
1 0.13359375 0.1671875 0.04765625 0.06953125
1 0.16953125 0.12578125 0.05078125 0.0640625
1 0.2203125 0.10546875 0.0640625 0.08359375
1 0.1359375 0.1078125 0.05078125 0.05
1 0.084375 0.0796875 0.05078125 0.06171875
1 0.13203125 0.04765625 0.0578125 0.0734375
1 0.08046875 0.021875 0.04609375 0.04375
1 0.1796875 0.02421875 0.05390625 0.04765625
1 0.22578125 0.03984375 0.05078125 0.071875
1 0.26640625 0.0203125 0.0609375 0.040625
1 0.30859375 0.1078125 0.04921875 0.05546875
1 0.81171875 0.440625 0.059375 0.0640625
1 0.80546875 0.3765625 0.0625 0.06171875
1 0.8828125 0.4046875 0.040625 0.0359375
1 0.89453125 0.37421875 0.04375 0.05390625
1 0.85390625 0.34453125 0.0578125 0.071875
1 0.98046875 0.3703125 0.0390625 0.06796875
1 0.9375 0.346875 0.04921875 0.05390625
1 0.896875 0.31484375 0.04765625 0.0515625
1 0.89140625 0.0140625 0.05078125 0.028125
1 0.93359375 0.0296875 0.0578125 0.059375
1 0.9375 0.0875 0.0609375 0.06171875
1 0.9390625 0.14765625 0.05234375 0.0640625
1 0.9390625 0.21328125 0.059375 0.06953125
1 0.94765625 0.27890625 0.05234375 0.06796875
1 0.89140625 0.246875 0.0609375 0.07734375
1 0.84609375 0.2828125 0.05390625 0.0640625
1 0.84375 0.21328125 0.05234375 0.0640625
1 0.88984375 0.12578125 0.05390625 0.0734375
1 0.84765625 0.09140625 0.05078125 0.071875
1 0.8015625 0.12578125 0.05625 0.06171875
1 0.84765625 0.03515625 0.0609375 0.06953125
1 0.3984375 0.09765625 0.05625 0.06953125
1 0.584375 0.48046875 0.0421875 0.05546875
1 0.49296875 0.47578125 0.04921875 0.0578125
1 0.5390625 0.44609375 0.05234375 0.065625
1 0.5390625 0.38046875 0.05390625 0.065625
1 0.5390625 0.31640625 0.0578125 0.0578125
1 0.7609375 0.28515625 0.05625 0.065625
1 0.71015625 0.3109375 0.0578125 0.0640625
1 0.63359375 0.32109375 0.0625 0.0578125
1 0.67109375 0.28671875 0.04765625 0.05546875
1 0.71015625 0.25078125 0.05390625 0.05390625
1 0.6765625 0.21875 0.04609375 0.0578125
1 0.63046875 0.2546875 0.0578125 0.06171875
1 0.58671875 0.28515625 0.04765625 0.04609375
1 0.63359375 0.19140625 0.05234375 0.05390625
1 0.67421875 0.159375 0.05234375 0.06171875
1 0.71328125 0.1171875 0.059375 0.05390625
1 0.359375 0.26875 0.04375 0.06171875
1 0.3578125 0.2015625 0.05234375 0.06796875
1 0.40546875 0.2984375 0.0421875 0.0515625
1 0.40546875 0.22890625 0.040625 0.0796875
1 0.44375 0.26484375 0.04765625 0.0578125
1 0.44375 0.2015625 0.04609375 0.06796875
1 0.484375 0.2234375 0.05078125 0.05546875
1 0.53203125 0.19296875 0.05234375 0.06796875
1 0.5828125 0.16171875 0.05625 0.0578125
1 0.53359375 0.13125 0.05234375 0.0578125
1 0.48671875 0.15546875 0.05390625 0.065625
1 0.584375 0.10390625 0.059375 0.065625
1 0.48828125 0.09375 0.0640625 0.071875
1 0.5359375 0.059375 0.0640625 0.0796875
1 0.71328125 0.06796875 0.059375 0.06796875
1 0.76015625 0.025 0.06953125 0.05
1 0.7109375 0.01640625 0.05625 0.0328125
1 0.79609375 0.01015625 0.04921875 0.01953125
1 0.6609375 0.00234375 0.0578125 0.00390625
1 0.66796875 0.025 0.0578125 0.05
1 0.62734375 0.0640625 0.0578125 0.0734375
1 0.57890625 0.03125 0.05625 0.06171875
1 0.621875 0.01640625 0.05 0.0328125
1 0.5859375 0.00234375 0.0625 0.00390625
1 0.48828125 0.028125 0.0609375 0.05546875
1 0.48671875 0.00234375 0.0609375 0.00390625
1 0.39921875 0.00390625 0.059375 0.0078125