1 0.0625 0.075 0.084375 0.11015625
1 0.015625 0.2109375 0.0296875 0.08828125
1 0.1890625 0.071875 0.0984375 0.0953125
1 0.2 0.1671875 0.103125 0.10625
1 0.0625 0.2609375 0.0921875 0.096875
1 0.06875 0.453125 0.084375 0.1171875
1 0.015625 0.42421875 0.0296875 0.14140625
1 0.1921875 0.25859375 0.1 0.11171875
1 0.2640625 0.29921875 0.0890625 0.11953125
1 0.3171875 0.0515625 0.0890625 0.10078125
1 0.4484375 0.13046875 0.0890625 0.096875
1 0.31875 0.4296875 0.08125 0.0953125
1 0.2109375 0.4546875 0.0859375 0.115625
1 0.13125 0.3984375 0.0734375 0.09375
1 0.0609375 0.346875 0.06875 0.09140625
1 0.071875 0.64765625 0.0890625 0.11953125
1 0.20625 0.64609375 0.103125 0.12265625
1 0.134375 0.590625 0.0734375 0.09375
1 0.06875 0.82734375 0.1046875 0.1171875
1 0.259375 0.76171875 0.0953125 0.11953125
1 0.203125 0.83515625 0.090625 0.09140625
1 0.14375 0.88046875 0.0765625 0.11015625
1 0.31875 0.90078125 0.0984375 0.103125
1 0.084375 0.9359375 0.0578125 0.08046875
1 0.2078125 0.93046875 0.084375 0.08828125
1 0.209375 0.9859375 0.075 0.02734375
1 0.328125 0.97421875 0.06875 0.0515625
1 0.3890625 0.746875 0.0890625 0.09140625
1 0.325 0.80390625 0.0921875 0.09140625
1 0.396875 0.84921875 0.0703125 0.07890625
1 0.509375 0.7375 0.0890625 0.0828125
1 0.4609375 0.90859375 0.1015625 0.09140625
1 0.51875 0.94921875 0.059375 0.10078125
1 0.45625 0.79609375 0.06875 0.08984375
1 0.5296875 0.83515625 0.0828125 0.09375
1 0.59375 0.9046875 0.103125 0.11015625
1 0.5890625 0.703125 0.0953125 0.11171875
1 0.4578125 0.6125 0.0890625 0.08984375
1 0.5234375 0.5671875 0.0765625 0.09921875
1 0.4484375 0.3265625 0.065625 0.1046875
1 0.5125 0.3796875 0.078125 0.1140625
1 0.5875 0.41640625 0.084375 0.08984375
1 0.584375 0.32265625 0.0765625 0.084375
1 0.6453125 0.18359375 0.09375 0.11171875
1 0.73125 0.2328125 0.08125 0.10625
1 0.71875 0.128125 0.096875 0.10078125
1 0.9140625 0.10625 0.0875 0.096875
1 0.796875 0.084375 0.084375 0.103125
1 0.7078125 0.0421875 0.0921875 0.075
1 0.853125 0.040625 0.0875 0.08046875
1 0.9734375 0.209375 0.0515625 0.1046875
1 0.7890625 0.3796875 0.10625 0.11015625
1 0.9734375 0.40703125 0.053125 0.10859375
1 0.8453125 0.59296875 0.059375 0.07890625
1 0.796875 0.653125 0.071875 0.0734375
1 0.7328125 0.69375 0.08125 0.0828125
1 0.5921875 0.51953125 0.0796875 0.10625
1 0.6609375 0.5578125 0.084375 0.103125
1 0.7265625 0.5171875 0.0921875 0.096875
1 0.7328125 0.60546875 0.071875 0.08828125
1 0.665625 0.6609375 0.0671875 0.11015625
1 0.5890625 0.609375 0.0859375 0.0828125
1 0.7421875 0.78515625 0.09375 0.1046875
1 0.659375 0.83828125 0.09375 0.10625
1 0.8 0.8421875 0.1 0.115625
1 0.803125 0.94296875 0.09375 0.08046875
1 0.7296875 0.8953125 0.0703125 0.09921875
1 0.6703125 0.9375 0.0671875 0.075
1 0.6734375 0.98515625 0.090625 0.0296875
1 0.0265625 0.884375 0.0515625 0.096875
1 0.0265625 0.959375 0.053125 0.08046875
1 0.0171875 0.04375 0.034375 0.0875
1 0.1390625 0.3140625 0.0671875 0.07734375
1 0.40078125 0.99140625 0.0765625 0.01640625
1 0.9265625 0.984375 0.09375 0.03125
1 0.859375 0.79296875 0.0859375 0.0859375
1 0.9359375 0.84609375 0.109375 0.09375
1 0.934375 0.6421875 0.1046875 0.08984375
1 0.928125 0.73046875 0.1078125 0.09375
1 0.9796875 0.9046875 0.0390625 0.0859375
1 0.9796875 0.7984375 0.040625 0.0953125
1 0.834375 0.590625 0.125 0.075