1 0.715625 0.0328125 0.140625 0.06484375
1 0.83828125 0.0890625 0.1421875 0.178125
1 0.715625 0.159375 0.1328125 0.18359375
1 0.95 0.1390625 0.1 0.225
1 0.94140625 0.34765625 0.1171875 0.18828125
1 0.9453125 0.53515625 0.109375 0.20078125
1 0.93828125 0.9953125 0.1234375 0.00625
1 0.93984375 0.8921875 0.1203125 0.21484375
1 0.946875 0.71171875 0.10625 0.1765625
1 0.8328125 0.95390625 0.140625 0.09140625
1 0.83671875 0.809375 0.1296875 0.2078125
1 0.82890625 0.628125 0.12578125 0.171875
1 0.834375 0.43984375 0.1296875 0.2125
1 0.83671875 0.23671875 0.12578125 0.203125
1 0.7109375 0.9125 0.146875 0.175
1 0.7140625 0.725 0.12734375 0.20078125
1 0.71015625 0.53125 0.13828125 0.1859375
1 0.72109375 0.33828125 0.14765625 0.221875
1 0.47734375 0.028125 0.13515625 0.05546875
1 0.3453125 0.0578125 0.14765625 0.115625
1 0.2234375 0.02265625 0.121875 0.0453125
1 0.0984375 0.0734375 0.1375 0.146875
1 0.21796875 0.1421875 0.12421875 0.21015625
1 0.478125 0.1375 0.1421875 0.190625
1 0.58671875 0.2609375 0.13125 0.21953125
1 0.4640625 0.31640625 0.12265625 0.20078125
1 0.58671875 0.4421875 0.1296875 0.1984375
1 0.57890625 0.63515625 0.1453125 0.203125
1 0.5734375 0.8140625 0.15859375 0.19296875
1 0.5703125 0.94921875 0.140625 0.1015625
1 0.46875 0.98984375 0.121875 0.0203125
1 0.46953125 0.89609375 0.11484375 0.19296875
1 0.4640625 0.69296875 0.153125 0.21015625
1 0.46796875 0.5 0.13515625 0.2078125
1 0.35078125 0.22734375 0.13671875 0.2296875
1 0.346875 0.41796875 0.140625 0.1984375
1 0.34140625 0.6109375 0.1328125 0.21953125
1 0.34140625 0.796875 0.13515625 0.203125
1 0.34453125 0.9421875 0.13515625 0.115625
1 0.22265625 0.98515625 0.1328125 0.02890625
1 0.225 0.87890625 0.1421875 0.1984375
1 0.22265625 0.690625 0.1328125 0.1984375
1 0.2265625 0.51484375 0.1453125 0.190625
1 0.22265625 0.33828125 0.13515625 0.20546875
1 0.0234375 0.965625 0.046875 0.06875
1 0.09921875 0.93671875 0.1296875 0.1265625
1 0.09921875 0.778125 0.14375 0.203125
1 0.10234375 0.58671875 0.1328125 0.18828125
1 0.1046875 0.40546875 0.12265625 0.21953125
1 0.11171875 0.221875 0.13828125 0.18828125
1 0.021875 0.3015625 0.04296875 0.19296875
1 0.025 0.48828125 0.05 0.17890625
1 0.02734375 0.665625 0.05390625 0.21953125
1 0.02734375 0.8546875 0.05390625 0.17890625