1 0.06640625 0.02890625 0.07578125 0.05703125
1 0.27890625 0.08046875 0.10703125 0.08671875
1 0.28203125 0.015625 0.12109375 0.03125
1 0.1375 0.075 0.0875 0.0921875
1 0.14453125 0.17890625 0.10703125 0.1046875
1 0.271875 0.1828125 0.08046875 0.1046875
1 0.065625 0.2203125 0.0875 0.10625
1 0.0203125 0.26875 0.040625 0.09609375
1 0.06015625 0.41328125 0.09921875 0.1203125
1 0.140625 0.6578125 0.115625 0.12421875
1 0.0453125 0.61640625 0.08359375 0.0921875
1 0.05625 0.51640625 0.1125 0.08828125
1 0.19453125 0.43125 0.0921875 0.09609375
1 0.21171875 0.3265625 0.10703125 0.1046875
1 0.3421875 0.33046875 0.0953125 0.128125
1 0.4296875 0.2796875 0.07578125 0.084375
1 0.41953125 0.1734375 0.1109375 0.11640625
1 0.3421875 0.21640625 0.071875 0.07265625
1 0.33359375 0.64375 0.1125 0.10859375
1 0.3140625 0.546875 0.1140625 0.08671875
1 0.43125 0.4625 0.0953125 0.1046875
1 0.19765625 0.80703125 0.109375 0.11640625
1 0.53515625 0.85859375 0.0875 0.10234375
1 0.4140625 0.76953125 0.09765625 0.0921875
1 0.54375 0.67890625 0.0875 0.1125
1 0.4796875 0.62578125 0.09921875 0.121875
1 0.33046875 0.9671875 0.10390625 0.06484375
1 0.5984375 0.96328125 0.10546875 0.07265625
1 0.678125 0.56875 0.10546875 0.1140625
1 0.74296875 0.4625 0.09921875 0.08828125
1 0.8140625 0.40390625 0.07734375 0.10859375
1 0.87890625 0.46875 0.09375 0.10625
1 0.9515625 0.62578125 0.0953125 0.10078125
1 0.9578125 0.7984375 0.08359375 0.084375
1 0.80390625 0.8859375 0.09765625 0.11796875
1 0.80703125 0.97109375 0.09375 0.05703125
1 0.8890625 0.94453125 0.09375 0.11015625
1 0.95390625 0.9734375 0.07890625 0.053125
1 0.9890625 0.9265625 0.021875 0.1203125
1 0.990625 0.98984375 0.01875 0.01953125
1 0.953125 0.88203125 0.071875 0.0984375
1 0.87734375 0.771875 0.07734375 0.090625
1 0.8828125 0.85078125 0.0671875 0.08046875
1 0.81171875 0.71484375 0.0921875 0.10625
1 0.8203125 0.6046875 0.08203125 0.09453125
1 0.73984375 0.66953125 0.08203125 0.10859375
1 0.7453125 0.3640625 0.0953125 0.09609375
1 0.69765625 0.28359375 0.09765625 0.09453125
1 0.55859375 0.3796875 0.09765625 0.12421875
1 0.609375 0.5375 0.071875 0.10625
1 0.5421875 0.49375 0.0734375 0.090625
1 0.6328125 0.42109375 0.06171875 0.084375
1 0.73984375 0.17890625 0.0875 0.11015625
1 0.8171875 0.2203125 0.07890625 0.1203125
1 0.97734375 0.2828125 0.0453125 0.1359375
1 0.95625 0.13359375 0.08046875 0.10234375
1 0.82578125 0.0234375 0.0671875 0.046875
1 0.6890625 0.015625 0.0953125 0.03125
1 0.95625 0.03984375 0.0875 0.0796875
1 0.88828125 0.0078125 0.06171875 0.015625
1 0.55703125 0.196875 0.0875 0.1296875
1 0.42265625 0.02578125 0.090625 0.0515625
1 0.48828125 0.04765625 0.0921875 0.0953125
1 0.62890625 0.0421875 0.08359375 0.084375
1 0.5609375 0.0140625 0.071875 0.02734375
1 0.55390625 0.084375 0.08046875 0.09609375
1 0.6171875 0.1375 0.08359375 0.084375
1 0.746875 0.0609375 0.09765625 0.10078125
1 0.8234375 0.10859375 0.09765625 0.09453125
1 0.8859375 0.17734375 0.090625 0.11796875
1 0.98984375 0.178125 0.0203125 0.08828125
1 0.99375 0.05703125 0.01171875 0.10625
1 0.9546875 0.515625 0.090625 0.090625
1 0.95859375 0.41171875 0.08203125 0.0984375
1 0.99609375 0.47109375 0.0078125 0.1109375
1 0.609375 0.80703125 0.0859375 0.075
1 0.45 0.89375 0.0875 0.08671875
1 0.32890625 0.825 0.09375 0.10625
1 0.68359375 0.99296875 0.07578125 0.0140625
1 0.409375 0.9921875 0.0671875 0.015625
1 0.19609375 0.89921875 0.07578125 0.0828125
1 0.05078125 0.79375 0.1015625 0.090625
1 0.046875 0.8875 0.0890625 0.0984375
1 0.0125 0.93203125 0.025 0.10078125
1 0.4140625 0.56484375 0.07734375 0.11796875
1 0.678125 0.39140625 0.08046875 0.0984375
1 0.3421875 0.4765625 0.07734375 0.08828125