1 0.8578125 0.97578125 0.059375 0.0484375
1 0.8484375 0.803125 0.059375 0.0765625
1 0.940625 0.809375 0.06171875 0.07265625
1 0.93203125 0.91953125 0.0390625 0.03984375
1 0.9125 0.9953125 0.05625 0.009375
1 0.7609375 0.9859375 0.04453125 0.028125
1 0.671875 0.98203125 0.053125 0.0359375
1 0.58671875 0.95 0.04765625 0.05390625
1 0.6296875 0.89921875 0.05625 0.05859375
1 0.58359375 0.87734375 0.04765625 0.05625
1 0.5328125 0.84140625 0.053125 0.06640625
1 0.67265625 0.815625 0.059375 0.06796875
1 0.4984375 0.94765625 0.04453125 0.03984375
1 0.4890625 0.9859375 0.059375 0.028125
1 0.35859375 0.97890625 0.04453125 0.0421875
1 0.39765625 0.89921875 0.0515625 0.05625
1 0.4046875 0.9515625 0.0390625 0.0484375
1 0.22421875 0.9890625 0.05625 0.021875
1 0.2234375 0.94609375 0.0546875 0.05859375
1 0.26640625 0.9015625 0.059375 0.07421875
1 0.17265625 0.909375 0.06171875 0.07421875
1 0.17421875 0.8453125 0.06640625 0.05859375
1 0.17890625 0.78515625 0.05625 0.06640625
1 0.17421875 0.71484375 0.0703125 0.08203125
1 0.225 0.88359375 0.0578125 0.0703125
1 0.0390625 0.99296875 0.06171875 0.0140625
1 0.0078125 0.978125 0.0125 0.04375
1 0.02890625 0.89375 0.0515625 0.05390625
1 0.034375 0.83125 0.05625 0.05859375
1 0.00703125 0.86171875 0.01328125 0.0765625
1 0.0328125 0.7734375 0.05625 0.05859375
1 0.00546875 0.73984375 0.01015625 0.06640625
1 0.0359375 0.70859375 0.05625 0.0625
1 0.02890625 0.659375 0.0578125 0.05390625
1 0.0390625 0.5703125 0.0578125 0.0640625
1 0.00859375 0.61953125 0.0171875 0.05859375
1 0.0328125 0.51796875 0.04765625 0.05
1 0.0328125 0.4640625 0.04921875 0.05625
1 0.034375 0.40546875 0.0546875 0.0625
1 0.0328125 0.3375 0.04453125 0.05859375
1 0.034375 0.2734375 0.04921875 0.06015625
1 0.03046875 0.20703125 0.0515625 0.0640625
1 0.03046875 0.14453125 0.04765625 0.05625
1 0.02890625 0.084375 0.04765625 0.0625
1 0.02734375 0.02734375 0.04765625 0.05390625
1 0.0015625 0.0609375 0.003125 0.05
1 0.00390625 0.1203125 0.0078125 0.05625
1 0.0015625 0.18671875 0.003125 0.0640625
1 0.00546875 0.25234375 0.01015625 0.05
1 0.00546875 0.30859375 0.01015625 0.05859375
1 0.00546875 0.36953125 0.01015625 0.06015625
1 0.00703125 0.43359375 0.01328125 0.06015625
1 0.00703125 0.4921875 0.01328125 0.05625
1 0.00859375 0.55390625 0.0171875 0.0640625
1 0.45546875 0.8515625 0.06171875 0.0765625
1 0.40234375 0.8109375 0.04921875 0.0625
1 0.30859375 0.8234375 0.04609375 0.05390625
1 0.26640625 0.7890625 0.06328125 0.07265625
1 0.578125 0.80546875 0.04765625 0.0484375
1 0.40234375 0.690625 0.0515625 0.05859375
1 0.35859375 0.72109375 0.04921875 0.05234375
1 0.26640625 0.7265625 0.0546875 0.06015625
1 0.26953125 0.6625 0.059375 0.06640625
1 0.2203125 0.63046875 0.053125 0.0703125
1 0.5765625 0.74921875 0.05625 0.06796875
1 0.534375 0.72109375 0.0546875 0.0625
1 0.6265625 0.7171875 0.06328125 0.06796875
1 0.67265625 0.684375 0.06328125 0.0703125
1 0.62109375 0.646875 0.0578125 0.06640625
1 0.66875 0.61640625 0.059375 0.0625
1 0.6640625 0.55234375 0.0578125 0.05625
1 0.5734375 0.6203125 0.0546875 0.05859375
1 0.534375 0.65859375 0.0578125 0.0625
1 0.48828125 0.6265625 0.0546875 0.0703125
1 0.5328125 0.58828125 0.05625 0.06640625
1 0.575 0.53984375 0.06640625 0.07265625
1 0.4828125 0.55625 0.053125 0.0625
1 0.49140625 0.4921875 0.06484375 0.06796875
1 0.4828125 0.37734375 0.0515625 0.0625
1 0.26796875 0.5921875 0.05625 0.0640625
1 0.26484375 0.528125 0.059375 0.06796875
1 0.30703125 0.5 0.059375 0.07265625
1 0.259375 0.478125 0.04609375 0.05234375
1 0.30703125 0.43984375 0.053125 0.05859375
1 0.2609375 0.415625 0.05625 0.06796875
1 0.21328125 0.43984375 0.0515625 0.07265625
1 0.7203125 0.71484375 0.053125 0.05625
1 0.71875 0.65078125 0.05625 0.06796875
1 0.7609375 0.62265625 0.06328125 0.07265625
1 0.80234375 0.58671875 0.0578125 0.0640625
1 0.7625 0.5640625 0.04609375 0.05625
1 0.71640625 0.53046875 0.06171875 0.06640625
1 0.7984375 0.5203125 0.059375 0.06796875
1 0.98203125 0.77578125 0.0359375 0.06640625
1 0.98359375 0.7125 0.0328125 0.06015625
1 0.9453125 0.7390625 0.04609375 0.05859375
1 0.8921875 0.71875 0.0546875 0.0703125
1 0.946875 0.6765625 0.06171875 0.0640625
1 0.80703125 0.71484375 0.04609375 0.05859375
1 0.85 0.684375 0.04609375 0.05859375
1 0.853125 0.62265625 0.05625 0.06796875
1 0.89609375 0.58671875 0.0546875 0.0640625
1 0.8515625 0.55390625 0.0546875 0.0625
1 0.84609375 0.4921875 0.053125 0.06640625
1 0.8 0.45546875 0.0546875 0.06640625
1 0.98046875 0.51640625 0.0390625 0.06015625
1 0.9796875 0.45703125 0.040625 0.0703125
1 0.2046875 0.36953125 0.0515625 0.06796875
1 0.2578125 0.34921875 0.053125 0.0640625
1 0.296875 0.3296875 0.04609375 0.05390625
1 0.21015625 0.31328125 0.053125 0.0703125
1 0.2609375 0.28515625 0.0546875 0.0703125
1 0.30859375 0.2546875 0.0546875 0.05859375
1 0.2578125 0.22265625 0.0546875 0.07265625
1 0.2078125 0.2546875 0.04921875 0.06015625
1 0.1625 0.1609375 0.053125 0.07265625
1 0.30390625 0.190625 0.0515625 0.07265625
1 0.3546875 0.15234375 0.0578125 0.08203125
1 0.30234375 0.1265625 0.0578125 0.07265625
1 0.25625 0.1546875 0.053125 0.0625
1 0.21171875 0.1265625 0.04765625 0.0703125
1 0.24765625 0.084375 0.0515625 0.0640625
1 0.2984375 0.0640625 0.06484375 0.084375
1 0.21328125 0.06640625 0.0515625 0.05
1 0.1625 0.03828125 0.0515625 0.0625
1 0.21015625 0.02265625 0.0578125 0.0453125
1 0.30390625 0.0171875 0.0515625 0.034375
1 0.3875 0.06640625 0.04921875 0.05625
1 0.89453125 0.4015625 0.059375 0.0640625
1 0.8875 0.3375 0.06328125 0.0625
1 0.965625 0.365625 0.040625 0.0359375
1 0.978125 0.3359375 0.04375 0.053125
1 0.93671875 0.30546875 0.0578125 0.07265625
1 0.978125 0.27578125 0.04375 0.0515625
1 0.971875 0.2078125 0.05625 0.078125
1 0.928125 0.24296875 0.0546875 0.0640625
1 0.9265625 0.17265625 0.053125 0.0640625
1 0.97265625 0.084375 0.0546875 0.07421875
1 0.9296875 0.05 0.0515625 0.07265625
1 0.88359375 0.084375 0.05625 0.0625
1 0.9296875 0.0140625 0.06171875 0.028125
1 0.478125 0.05625 0.05625 0.0703125
1 0.665625 0.44140625 0.04296875 0.05625
1 0.5734375 0.4375 0.04921875 0.05859375
1 0.61953125 0.4078125 0.053125 0.06640625
1 0.61953125 0.34140625 0.0546875 0.06640625
1 0.61953125 0.27734375 0.0578125 0.05859375
1 0.84296875 0.2453125 0.05625 0.06640625
1 0.7921875 0.27109375 0.0578125 0.0640625
1 0.71484375 0.28125 0.06328125 0.05859375
1 0.75234375 0.246875 0.04765625 0.05625
1 0.7921875 0.2109375 0.0546875 0.05390625
1 0.7578125 0.17890625 0.04609375 0.05859375
1 0.71171875 0.21484375 0.0578125 0.0625
1 0.6671875 0.2453125 0.04765625 0.04609375
1 0.71484375 0.15078125 0.053125 0.05390625
1 0.75625 0.11875 0.053125 0.0625
1 0.7953125 0.0765625 0.059375 0.05390625
1 0.43828125 0.22890625 0.04453125 0.0625
1 0.43671875 0.1609375 0.053125 0.06796875
1 0.484375 0.259375 0.04296875 0.05234375
1 0.484375 0.1890625 0.040625 0.08046875
1 0.52421875 0.225 0.04765625 0.05859375
1 0.52421875 0.1609375 0.04609375 0.06796875
1 0.56484375 0.1828125 0.0515625 0.05625
1 0.6125 0.15234375 0.053125 0.06796875
1 0.6640625 0.1203125 0.05625 0.05859375
1 0.6140625 0.090625 0.053125 0.05859375
1 0.56640625 0.11484375 0.0546875 0.06640625
1 0.665625 0.0625 0.059375 0.06640625
1 0.56796875 0.05234375 0.06484375 0.07265625
1 0.6171875 0.0296875 0.065625 0.059375
1 0.79609375 0.03046875 0.059375 0.06015625
1 0.7078125 0.03046875 0.0578125 0.06015625
1 0.659375 0.01015625 0.05625 0.0203125
1 0.56796875 0.00703125 0.06171875 0.0140625