1 0.7875 0.0421875 0.0546875 0.075
1 0.7796875 0.21484375 0.0546875 0.06953125
1 0.865625 0.209375 0.05625 0.06640625
1 0.9515625 0.2125 0.0546875 0.06953125
1 0.984375 0.06796875 0.03125 0.071875
1 0.9125 0.0203125 0.053125 0.040625
1 0.8578125 0.10859375 0.0359375 0.03671875
1 0.8390625 0.021875 0.0515625 0.04375
1 0.7 0.03828125 0.0421875 0.04375
1 0.6171875 0.03515625 0.0484375 0.06796875
1 0.6625 0.0203125 0.0375 0.03828125
1 0.74375 0.01640625 0.05 0.0328125
1 0.540625 0.08046875 0.04375 0.04921875
1 0.5796875 0.1265625 0.0515625 0.053125
1 0.5375 0.1484375 0.0453125 0.0515625
1 0.490625 0.18203125 0.0484375 0.0609375
1 0.61875 0.20546875 0.0546875 0.0625
1 0.4578125 0.0828125 0.0421875 0.03828125
1 0.45 0.03125 0.0546875 0.0609375
1 0.5 0.01640625 0.0625 0.0328125
1 0.4078125 0.01484375 0.053125 0.0296875
1 0.33125 0.0515625 0.0421875 0.04375
1 0.365625 0.1265625 0.0484375 0.0515625
1 0.3734375 0.07890625 0.0359375 0.04375
1 0.20625 0.02734375 0.0515625 0.0546875
1 0.20625 0.084375 0.05 0.053125
1 0.2453125 0.125 0.0546875 0.06796875
1 0.159375 0.11953125 0.0578125 0.06796875
1 0.1609375 0.17578125 0.0609375 0.0546875
1 0.165625 0.23125 0.053125 0.0609375
1 0.159375 0.296875 0.0640625 0.075
1 0.20625 0.14140625 0.053125 0.0640625
1 0.0359375 0.02421875 0.05625 0.04765625
1 0.00625 0.04375 0.0125 0.0640625
1 0.0265625 0.13359375 0.0484375 0.04921875
1 0.03125 0.1890625 0.053125 0.053125
1 0.00625 0.16328125 0.0109375 0.06953125
1 0.0296875 0.24375 0.0515625 0.053125
1 0.00625 0.275 0.0109375 0.0609375
1 0.0328125 0.303125 0.053125 0.05703125
1 0.0265625 0.3484375 0.053125 0.0515625
1 0.0359375 0.4296875 0.053125 0.05859375
1 0.0078125 0.38515625 0.0140625 0.053125
1 0.0296875 0.47734375 0.04375 0.04609375
1 0.0296875 0.528125 0.0453125 0.053125
1 0.03125 0.58203125 0.05 0.05703125
1 0.0296875 0.64375 0.040625 0.053125
1 0.03125 0.703125 0.0453125 0.0546875
1 0.028125 0.76328125 0.0484375 0.05859375
1 0.028125 0.8203125 0.04375 0.0515625
1 0.0265625 0.875 0.04375 0.05703125
1 0.025 0.93203125 0.04375 0.05703125
1 0.0015625 0.896875 0.003125 0.04609375
1 0.003125 0.8421875 0.00625 0.0515625
1 0.0015625 0.78203125 0.0015625 0.05859375
1 0.0046875 0.72265625 0.009375 0.04609375
1 0.00625 0.671875 0.0109375 0.053125
1 0.0046875 0.61484375 0.009375 0.0546875
1 0.00625 0.55625 0.0109375 0.0546875
1 0.00625 0.50078125 0.0109375 0.0515625
1 0.0078125 0.44375 0.0140625 0.05859375
1 0.41875 0.1703125 0.05625 0.071875
1 0.3703125 0.20703125 0.046875 0.05703125
1 0.284375 0.19609375 0.0421875 0.0515625
1 0.2453125 0.2296875 0.0578125 0.06640625
1 0.5328125 0.2125 0.0453125 0.04375
1 0.3703125 0.31953125 0.046875 0.053125
1 0.3296875 0.29140625 0.0453125 0.04921875
1 0.2453125 0.2859375 0.05 0.0546875
1 0.2484375 0.3453125 0.0546875 0.0609375
1 0.203125 0.37421875 0.0484375 0.0640625
1 0.5296875 0.26640625 0.0515625 0.0625
1 0.4921875 0.28984375 0.0515625 0.05703125
1 0.5765625 0.2953125 0.0578125 0.0625
1 0.61875 0.325 0.0578125 0.0640625
1 0.571875 0.359375 0.0546875 0.0609375
1 0.615625 0.3875 0.0546875 0.05703125
1 0.6109375 0.44609375 0.053125 0.0515625
1 0.528125 0.38359375 0.05 0.053125
1 0.490625 0.3484375 0.053125 0.05703125
1 0.45 0.378125 0.0515625 0.0640625
1 0.490625 0.4125 0.0515625 0.0609375
1 0.5296875 0.45703125 0.0609375 0.06640625
1 0.44375 0.44375 0.0484375 0.05703125
1 0.4515625 0.50078125 0.059375 0.0625
1 0.4453125 0.60703125 0.046875 0.05703125
1 0.246875 0.409375 0.0515625 0.05859375
1 0.24375 0.46796875 0.0546875 0.0625
1 0.2828125 0.49375 0.0546875 0.06640625
1 0.2390625 0.515625 0.0421875 0.04765625
1 0.2828125 0.55078125 0.0484375 0.053125
1 0.240625 0.5703125 0.0515625 0.0625
1 0.196875 0.5484375 0.046875 0.06640625
1 0.6625 0.2953125 0.0484375 0.0515625
1 0.6609375 0.35625 0.0515625 0.0640625
1 0.7 0.38203125 0.0578125 0.06640625
1 0.7375 0.41484375 0.053125 0.05859375
1 0.7015625 0.43515625 0.0421875 0.0515625
1 0.659375 0.46796875 0.0578125 0.0609375
1 0.7359375 0.475 0.0546875 0.0625
1 0.9828125 0.24921875 0.0328125 0.06796875
1 0.9859375 0.3046875 0.0265625 0.05859375
1 0.9109375 0.240625 0.0484375 0.0609375
1 0.9140625 0.29921875 0.0484375 0.05703125
1 0.95 0.325 0.0484375 0.0625
1 0.984375 0.3671875 0.0296875 0.06796875
1 0.94375 0.39453125 0.0484375 0.05859375
1 0.8703125 0.275 0.0421875 0.0546875
1 0.821875 0.29140625 0.0515625 0.0640625
1 0.871875 0.33203125 0.0578125 0.05859375
1 0.74375 0.296875 0.0421875 0.053125
1 0.7828125 0.325 0.0421875 0.053125
1 0.784375 0.38203125 0.0515625 0.0625
1 0.825 0.41484375 0.05 0.05859375
1 0.7828125 0.44375 0.05 0.05859375
1 0.778125 0.503125 0.0484375 0.0609375
1 0.7375 0.53359375 0.05 0.0609375
1 0.953125 0.44765625 0.0453125 0.04921875
1 0.90625 0.47890625 0.04375 0.0546875
1 0.9890625 0.48046875 0.021875 0.05859375
1 0.953125 0.51015625 0.05625 0.06640625
1 0.90625 0.53359375 0.0484375 0.06640625
1 0.1875 0.61484375 0.046875 0.0640625
1 0.2375 0.63125 0.0484375 0.0609375
1 0.2734375 0.6515625 0.0421875 0.04921875
1 0.1921875 0.6640625 0.0484375 0.0640625
1 0.240625 0.68984375 0.05 0.0640625
1 0.284375 0.71953125 0.05 0.053125
1 0.2375 0.7484375 0.05 0.06640625
1 0.1921875 0.71953125 0.0453125 0.0546875
1 0.1484375 0.80546875 0.05 0.06640625
1 0.2796875 0.778125 0.046875 0.06640625
1 0.3265625 0.8125 0.053125 0.075
1 0.278125 0.83671875 0.053125 0.06640625
1 0.2359375 0.8109375 0.0484375 0.05703125
1 0.1953125 0.83671875 0.04375 0.0640625
1 0.2265625 0.87734375 0.046875 0.05859375
1 0.275 0.89375 0.059375 0.07734375
1 0.196875 0.89140625 0.046875 0.04609375
1 0.1484375 0.91953125 0.046875 0.05703125
1 0.19375 0.9484375 0.053125 0.06796875
1 0.14453125 0.975 0.0421875 0.04921875
1 0.2375 0.9734375 0.05 0.053125
1 0.2796875 0.95625 0.046875 0.06796875
1 0.31796875 0.9765625 0.0578125 0.046875
1 0.35625 0.89375 0.0453125 0.0515625
1 0.821875 0.58359375 0.05625 0.05859375
1 0.815625 0.64375 0.0578125 0.05703125
1 0.8890625 0.61796875 0.0375 0.03515625
1 0.9015625 0.64609375 0.040625 0.04921875
1 0.8625 0.6734375 0.053125 0.06640625
1 0.9796875 0.64765625 0.0390625 0.0625
1 0.940625 0.671875 0.0453125 0.04921875
1 0.9015625 0.69921875 0.04375 0.04765625
1 0.896875 0.98359375 0.046875 0.0328125
1 0.9359375 0.96484375 0.053125 0.05703125
1 0.9390625 0.91015625 0.05625 0.05703125
1 0.9421875 0.8546875 0.0484375 0.0609375
1 0.9421875 0.79453125 0.0546875 0.0640625
1 0.95 0.73359375 0.0484375 0.0625
1 0.896875 0.76328125 0.05625 0.071875
1 0.8546875 0.73046875 0.05 0.05859375
1 0.8515625 0.79453125 0.0484375 0.05859375
1 0.8953125 0.87734375 0.05 0.06796875
1 0.8546875 0.90625 0.046875 0.06640625
1 0.8140625 0.875 0.0515625 0.05703125
1 0.85625 0.9640625 0.05625 0.071875
1 0.440625 0.903125 0.0515625 0.0640625
1 0.6125 0.546875 0.0390625 0.053125
1 0.528125 0.55234375 0.046875 0.053125
1 0.5703125 0.578125 0.05 0.0609375
1 0.5703125 0.640625 0.0515625 0.0625
1 0.5703125 0.69921875 0.053125 0.053125
1 0.7765625 0.728125 0.0515625 0.0625
1 0.728125 0.7046875 0.053125 0.05859375
1 0.6578125 0.6953125 0.0578125 0.053125
1 0.6921875 0.7265625 0.04375 0.0515625
1 0.728125 0.76171875 0.0515625 0.04921875
1 0.6984375 0.7890625 0.0421875 0.053125
1 0.6546875 0.75625 0.053125 0.05703125
1 0.6140625 0.728125 0.04375 0.0421875
1 0.6578125 0.81484375 0.0484375 0.04921875
1 0.696875 0.84609375 0.0484375 0.05703125
1 0.7328125 0.8828125 0.05625 0.04921875
1 0.4046875 0.74296875 0.0421875 0.05703125
1 0.403125 0.80546875 0.0484375 0.0625
1 0.4453125 0.715625 0.0390625 0.04765625
1 0.446875 0.7796875 0.0375 0.0734375
1 0.4828125 0.746875 0.04375 0.053125
1 0.48125 0.80546875 0.0421875 0.0625
1 0.5203125 0.78515625 0.046875 0.0515625
1 0.5640625 0.8125 0.05 0.0625
1 0.6109375 0.8421875 0.0515625 0.053125
1 0.565625 0.86953125 0.0484375 0.053125
1 0.521875 0.84765625 0.0515625 0.0609375
1 0.6125 0.896875 0.05625 0.0609375
1 0.5234375 0.9046875 0.059375 0.06640625
1 0.5671875 0.9375 0.0609375 0.0734375
1 0.7328125 0.93046875 0.0546875 0.0625
1 0.7734375 0.97265625 0.0640625 0.0546875
1 0.73046875 0.98046875 0.0515625 0.03828125
1 0.8078125 0.9859375 0.046875 0.02734375
1 0.684375 0.99453125 0.053125 0.0109375
1 0.6890625 0.9703125 0.053125 0.0515625
1 0.6515625 0.93359375 0.0546875 0.06796875
1 0.60625 0.96484375 0.0515625 0.05859375
1 0.64609375 0.98203125 0.0453125 0.0359375
1 0.6125 0.99453125 0.059375 0.0109375
1 0.5234375 0.9703125 0.05625 0.05859375
1 0.521875 0.99375 0.05625 0.0125
1 0.43984375 0.9921875 0.0546875 0.015625