1 0.97109375 0.76875 0.0578125 0.17265625
1 0.96875 0.5765625 0.0625 0.215625
1 0.9640625 0.37734375 0.071875 0.1953125
1 0.96484375 0.18984375 0.0703125 0.1953125
1 0.96484375 0.04609375 0.0703125 0.0921875
1 0.86953125 0.0921875 0.1453125 0.184375
1 0.86953125 0.28515625 0.128125 0.19765625
1 0.8734375 0.4828125 0.13046875 0.175
1 0.746875 0.57734375 0.14296875 0.22265625
1 0.7453125 0.37265625 0.128125 0.18515625
1 0.7359375 0.17734375 0.1375 0.2171875
1 0.72109375 0.04140625 0.16328125 0.0828125
1 0.60390625 0.08984375 0.1265625 0.17734375
1 0.61328125 0.28515625 0.13203125 0.2125
1 0.615625 0.48515625 0.1265625 0.1875
1 0.62265625 0.67265625 0.1359375 0.20234375
1 0.48671875 0.04765625 0.16015625 0.0953125
1 0.48671875 0.1921875 0.14140625 0.19765625
1 0.48671875 0.38515625 0.14140625 0.19765625
1 0.50390625 0.5796875 0.13046875 0.1875
1 0.49609375 0.7828125 0.13359375 0.2203125
1 0.3421875 0.09609375 0.1453125 0.1921875
1 0.34921875 0.2921875 0.1390625 0.1953125
1 0.3546875 0.4875 0.14140625 0.19765625
1 0.3609375 0.69765625 0.1453125 0.22265625
1 0.74921875 0.78515625 0.12265625 0.1796875
1 0.87890625 0.8625 0.1453125 0.2203125
1 0.2171875 0.0671875 0.146875 0.134375
1 0.22109375 0.21015625 0.14140625 0.18984375
1 0.0890625 0.1203125 0.13046875 0.19765625
1 0.015625 0.2328125 0.03125 0.21015625
1 0.09296875 0.3171875 0.13359375 0.1953125
1 0.225 0.40234375 0.146875 0.1875
1 0.015625 0.42890625 0.03125 0.1828125
1 0.0890625 0.5078125 0.128125 0.1828125
1 0.2234375 0.58984375 0.15234375 0.18984375
1 0.01953125 0.6203125 0.0390625 0.18515625
1 0.0890625 0.69765625 0.12109375 0.18984375
1 0.2234375 0.7875 0.1453125 0.20234375
1 0.01953125 0.80859375 0.0390625 0.1875
1 0.09296875 0.8953125 0.13046875 0.1875
1 0.3625 0.90390625 0.1453125 0.1921875
1 0.96640625 0.9359375 0.0671875 0.12734375
1 0.8875 0.98359375 0.15078125 0.0328125
1 0.61328125 0.8796875 0.1390625 0.2125
1 0.753125 0.93125 0.15234375 0.1375
1 0.6078125 0.98828125 0.15 0.0234375
1 0.4953125 0.93828125 0.13125 0.1234375
1 0.3625 0.99375 0.1453125 0.0125
1 0.2328125 0.95078125 0.140625 0.0984375
1 0.0234375 0.95625 0.04609375 0.0875
1 0.1015625 0.99140625 0.1390625 0.0171875