1 0.046875 0.04375 0.09375 0.0875
1 0.1984375 0.0625 0.140625 0.125
1 0.0546875 0.26640625 0.1078125 0.11015625
1 0.146875 0.30078125 0.103125 0.1171875
1 0.059375 0.36875 0.10625 0.11171875
1 0.1421875 0.40703125 0.10625 0.13203125
1 0.1328125 0.5484375 0.1125 0.13046875
1 0.2078125 0.4734375 0.1046875 0.125
1 0.2953125 0.31015625 0.0984375 0.0953125
1 0.4421875 0.303125 0.10625 0.1390625
1 0.3703125 0.053125 0.125 0.1046875
1 0.38125 0.15390625 0.1203125 0.1375
1 0.453125 0.084375 0.10625 0.11953125
1 0.54375 0.03671875 0.078125 0.0734375
1 0.4734375 0.01796875 0.11875 0.0359375
1 0.54375 0.13203125 0.1078125 0.11953125
1 0.6234375 0.190625 0.096875 0.128125
1 0.61875 0.296875 0.1078125 0.115625
1 0.70625 0.23515625 0.1234375 0.1390625
1 0.7609375 0.0828125 0.115625 0.1359375
1 0.85 0.0515625 0.1546875 0.10078125
1 0.8484375 0.1453125 0.09375 0.128125
1 0.8609375 0.24765625 0.1015625 0.10625
1 0.7875 0.39453125 0.1046875 0.12265625
1 0.86875 0.3453125 0.090625 0.10078125
1 0.875 0.46640625 0.0859375 0.10625
1 0.7890625 0.52265625 0.1125 0.1265625
1 0.98125 0.040625 0.0359375 0.08046875
1 0.98125 0.1375 0.0375 0.14140625
1 0.9828125 0.328125 0.034375 0.10625
1 0.9859375 0.44609375 0.028125 0.12109375
1 0.29375 0.41796875 0.084375 0.09921875
1 0.3734375 0.4734375 0.1046875 0.128125
1 0.45 0.52109375 0.0765625 0.103125
1 0.55 0.45859375 0.115625 0.128125
1 0.546875 0.57265625 0.1140625 0.12109375
1 0.0515625 0.7171875 0.103125 0.1171875
1 0.05625 0.84375 0.1 0.14140625
1 0.1390625 0.76484375 0.1046875 0.1375
1 0.2171875 0.71171875 0.1171875 0.14140625
1 0.1421875 0.88828125 0.1015625 0.13203125
1 0.2265625 0.84609375 0.115625 0.128125
1 0.4546875 0.7671875 0.1046875 0.12109375
1 0.44375 0.8859375 0.1125 0.11953125
1 0.6203125 0.759375 0.084375 0.12109375
1 0.7109375 0.696875 0.1140625 0.13203125
1 0.896875 0.68984375 0.0921875 0.1171875
1 0.953125 0.6546875 0.0921875 0.1171875
1 0.99375 0.821875 0.0109375 0.11953125
1 0.70625 0.93828125 0.115625 0.12265625
1 0.8765625 0.93359375 0.1 0.13203125
1 0.99375 0.93046875 0.0109375 0.096875
1 0.98828125 0.9875 0.0203125 0.025
1 0.14921875 0.96796875 0.1203125 0.0640625
1 0.31015625 0.96015625 0.1171875 0.0796875
1 0.403125 0.98984375 0.125 0.0203125
1 0.459375 0.17421875 0.065625 0.0734375