1 0.0171875 0.04375 0.0328125 0.0625
1 0.046875 0.06953125 0.05625 0.05703125
1 0.0453125 0.021875 0.0421875 0.0421875
1 0.0921875 0.04765625 0.0484375 0.0515625
1 0.175 0.0625 0.0546875 0.06640625
1 0.128125 0.021875 0.0453125 0.0421875
1 0.296875 0.0640625 0.04375 0.05859375
1 0.340625 0.053125 0.0453125 0.05703125
1 0.253125 0.04375 0.04375 0.04609375
1 0.3 0.01796875 0.0640625 0.03515625
1 0.378125 0.021875 0.05 0.0421875
1 0.421875 0.053125 0.059375 0.0640625
1 0.471875 0.05703125 0.05 0.0609375
1 0.546875 0.053125 0.046875 0.0546875
1 0.5046875 0.0328125 0.046875 0.0640625
1 0.4640625 0.01796875 0.04375 0.03515625
1 0.6328125 0.05859375 0.0390625 0.05859375
1 0.5890625 0.03125 0.04375 0.0625
1 0.678125 0.03125 0.046875 0.0609375
1 0.7171875 0.04921875 0.0421875 0.05703125
1 0.75625 0.02734375 0.0453125 0.0546875
1 0.8015625 0.040625 0.0453125 0.05859375
1 0.01875 0.16171875 0.0359375 0.06953125
1 0.090625 0.15390625 0.04375 0.0546875
1 0.0453125 0.13046875 0.053125 0.0546875
1 0.0515625 0.1875 0.0484375 0.05703125
1 0.1328125 0.18359375 0.053125 0.06796875
1 0.8890625 0.04375 0.0453125 0.0546875
1 0.8453125 0.02734375 0.0453125 0.0546875
1 0.96875 0.04765625 0.0390625 0.04765625
1 0.928125 0.02578125 0.04375 0.0515625
1 0.803125 0.10625 0.04375 0.04921875
1 0.8859375 0.10625 0.040625 0.04375
1 0.88125 0.16171875 0.05 0.04921875
1 0.928125 0.13203125 0.040625 0.05703125
1 0.9703125 0.103125 0.05 0.0515625
1 0.8875 0.2203125 0.0515625 0.0609375
1 0.9671875 0.1578125 0.0453125 0.0609375
1 0.840625 0.13046875 0.0421875 0.0546875
1 0.715625 0.1140625 0.05 0.0546875
1 0.671875 0.146875 0.04375 0.053125
1 0.7578125 0.1359375 0.0515625 0.053125
1 0.7140625 0.1671875 0.0453125 0.0546875
1 0.759375 0.19609375 0.0578125 0.06640625
1 0.803125 0.221875 0.046875 0.053125
1 0.84375 0.1890625 0.053125 0.05703125
1 0.8015625 0.16484375 0.0484375 0.05703125
1 0.84375 0.24921875 0.0578125 0.05859375
1 0.6765625 0.20390625 0.05 0.04921875
1 0.715625 0.22734375 0.046875 0.053125
1 0.7625 0.25703125 0.0484375 0.05703125
1 0.8015625 0.28828125 0.0390625 0.05859375
1 0.8859375 0.27734375 0.040625 0.04609375
1 0.96875 0.2125 0.0453125 0.04765625
1 0.928125 0.24921875 0.0453125 0.05703125
1 0.759375 0.3140625 0.040625 0.04375
1 0.6765625 0.2609375 0.04375 0.0640625
1 0.6359375 0.28984375 0.0453125 0.0625
1 0.6359375 0.22734375 0.04375 0.0546875
1 0.59375 0.1984375 0.0484375 0.0546875
1 0.71875 0.284375 0.040625 0.05703125
1 0.8484375 0.31171875 0.0453125 0.0625
1 0.8859375 0.33046875 0.04375 0.0609375
1 0.9328125 0.303125 0.053125 0.0515625
1 0.975 0.2734375 0.0484375 0.06953125
1 0.9765625 0.33203125 0.04375 0.04921875
1 0.934375 0.359375 0.0453125 0.05859375
1 0.8015625 0.390625 0.0390625 0.04921875
1 0.84375 0.41640625 0.046875 0.0546875
1 0.8875 0.3890625 0.0484375 0.0640625
1 0.8890625 0.44765625 0.0421875 0.0515625
1 0.934375 0.41484375 0.0453125 0.05703125
1 0.934375 0.4734375 0.040625 0.053125
1 0.8015625 0.5046875 0.0484375 0.0625
1 0.8484375 0.53359375 0.0484375 0.0515625
1 0.846875 0.475 0.05 0.0546875
1 0.890625 0.50859375 0.04375 0.06640625
1 0.846875 0.5890625 0.046875 0.04921875
1 0.8890625 0.61640625 0.05 0.0640625
1 0.7640625 0.5984375 0.0515625 0.053125
1 0.7640625 0.64921875 0.053125 0.053125
1 0.809375 0.6640625 0.0515625 0.05859375
1 0.85625 0.69375 0.0546875 0.05703125
1 0.9359375 0.69921875 0.0453125 0.04921875
1 0.971875 0.66953125 0.0296875 0.0421875
1 0.934375 0.58515625 0.0453125 0.0625
1 0.9734375 0.55390625 0.0359375 0.04921875
1 0.9328125 0.528125 0.0453125 0.053125
1 0.971875 0.496875 0.0390625 0.04765625
1 0.971875 0.44609375 0.034375 0.04375
1 0.9734375 0.3875 0.0421875 0.05703125
1 0.9375 0.64375 0.04375 0.04609375
1 0.9734375 0.61640625 0.040625 0.0546875
1 0.8984375 0.725 0.04375 0.05859375
1 0.9375 0.80390625 0.04375 0.053125
1 0.975 0.83125 0.0375 0.04765625
1 0.89375 0.83828125 0.040625 0.0546875
1 0.9375 0.8609375 0.0421875 0.053125
1 0.978125 0.89375 0.04375 0.0546875
1 0.9359375 0.91953125 0.0421875 0.0515625
1 0.9359375 0.9734375 0.05 0.053125
1 0.975 0.99140625 0.040625 0.01640625
1 0.9734375 0.95078125 0.04375 0.04921875
1 0.1765625 0.16171875 0.0453125 0.0421875
1 0.175 0.2109375 0.046875 0.0546875
1 0.2203125 0.18203125 0.053125 0.0625
1 0.178125 0.271875 0.0546875 0.05859375
1 0.0921875 0.2734375 0.053125 0.05703125
1 0.1328125 0.24609375 0.0453125 0.0625
1 0.0203125 0.2734375 0.0390625 0.0609375
1 0.0453125 0.30078125 0.0515625 0.06796875
1 0.0484375 0.3578125 0.05 0.05859375
1 0.0921875 0.3265625 0.0515625 0.0609375
1 0.1359375 0.35234375 0.05 0.0609375
1 0.09375 0.378125 0.04375 0.0515625
1 0.015625 0.38359375 0.03125 0.053125
1 0.021875 0.959375 0.04375 0.04609375
1 0.01875 0.89375 0.0375 0.04609375
1 0.0203125 0.83828125 0.0390625 0.0515625
1 0.01875 0.778125 0.0375 0.05859375
1 0.01875 0.71953125 0.0375 0.04609375
1 0.0203125 0.66796875 0.0390625 0.053125
1 0.021875 0.6109375 0.0421875 0.0546875
1 0.021875 0.55234375 0.0421875 0.0546875
1 0.0203125 0.49921875 0.0390625 0.0515625
1 0.021875 0.4421875 0.04375 0.05859375
1 0.0953125 0.4421875 0.0453125 0.05703125
1 0.0515625 0.41484375 0.0421875 0.05703125
1 0.05 0.47734375 0.0375 0.04375
1 0.0546875 0.5265625 0.04375 0.04921875
1 0.0578125 0.58203125 0.0453125 0.0515625
1 0.0578125 0.63671875 0.040625 0.053125
1 0.059375 0.69375 0.0515625 0.0640625
1 0.059375 0.75234375 0.05 0.0625
1 0.059375 0.86640625 0.0484375 0.0546875
1 0.059375 0.925 0.04375 0.04609375
1 0.059375 0.97578125 0.0453125 0.04765625
1 0.10546875 0.9875 0.0484375 0.025
1 0.1046875 0.8953125 0.04375 0.0546875
1 0.103125 0.83671875 0.0515625 0.0546875
1 0.1046875 0.7796875 0.0515625 0.0515625
1 0.1 0.71953125 0.046875 0.0546875
1 0.1015625 0.6625 0.046875 0.0546875
1 0.1 0.609375 0.0453125 0.04921875
1 0.0953125 0.55390625 0.0453125 0.0546875
1 0.0953125 0.4953125 0.046875 0.0546875
1 0.1390625 0.41484375 0.05 0.0625
1 0.1359375 0.471875 0.034375 0.040625
1 0.134375 0.525 0.0484375 0.06796875
1 0.140625 0.58203125 0.05 0.0515625
1 0.14375 0.6328125 0.0421875 0.04765625
1 0.14375 0.69140625 0.0453125 0.05859375
1 0.1453125 0.7453125 0.04375 0.0609375
1 0.146875 0.80390625 0.053125 0.0609375
1 0.146875 0.86640625 0.040625 0.0515625
1 0.1421875 0.91953125 0.0453125 0.0609375
1 0.14453125 0.975 0.0390625 0.04921875
1 0.1875 0.9859375 0.046875 0.02734375
1 0.184375 0.946875 0.0453125 0.04375
1 0.1875 0.88984375 0.0359375 0.0515625
1 0.184375 0.83125 0.04375 0.05703125
1 0.184375 0.77421875 0.034375 0.04765625
1 0.1859375 0.7140625 0.040625 0.05703125
1 0.184375 0.65703125 0.0359375 0.0515625
1 0.1828125 0.59453125 0.0375 0.0625
1 0.1828125 0.55234375 0.04375 0.04765625
1 0.178125 0.50078125 0.0453125 0.05703125
1 0.18125 0.4421875 0.04375 0.05703125
1 0.1796875 0.38359375 0.04375 0.053125
1 0.178125 0.328125 0.0421875 0.0515625
1 0.2234375 0.2953125 0.0390625 0.05859375
1 0.221875 0.23671875 0.0421875 0.04765625
1 0.21875 0.346875 0.0296875 0.03515625
1 0.221875 0.4015625 0.04375 0.05859375
1 0.2171875 0.45859375 0.0421875 0.04609375
1 0.221875 0.52265625 0.046875 0.0625
1 0.221875 0.57421875 0.0375 0.04609375
1 0.221875 0.62421875 0.046875 0.053125
1 0.225 0.6828125 0.0453125 0.05703125
1 0.225 0.74140625 0.04375 0.0625
1 0.2265625 0.80390625 0.0515625 0.05859375
1 0.225 0.9140625 0.0453125 0.053125
1 0.23046875 0.99921875 0.0484375 0.0015625
1 0.25625 0.146875 0.0515625 0.0609375
1 0.296875 0.1796875 0.05625 0.0609375
1 0.3 0.23515625 0.05625 0.053125
1 0.2625 0.2625 0.0484375 0.0609375
1 0.3 0.28984375 0.0484375 0.0609375
1 0.2640625 0.378125 0.0484375 0.06640625
1 0.3015625 0.35078125 0.05 0.05703125
1 0.3046875 0.409375 0.0421875 0.053125
1 0.265625 0.48984375 0.0515625 0.05859375
1 0.30625 0.4625 0.053125 0.05703125
1 0.2640625 0.54296875 0.0515625 0.05703125
1 0.2640625 0.6015625 0.0453125 0.0546875
1 0.2671875 0.65859375 0.0421875 0.04765625
1 0.2640625 0.7046875 0.0421875 0.0421875
1 0.2640625 0.77578125 0.0390625 0.0609375
1 0.2640625 0.83515625 0.040625 0.053125
1 0.2671875 0.88984375 0.046875 0.05703125
1 0.2671875 0.9453125 0.0421875 0.0515625
1 0.265625 0.98515625 0.0453125 0.0296875
1 0.309375 0.52109375 0.0421875 0.053125
1 0.3109375 0.57421875 0.05 0.053125
1 0.1328125 0.075 0.0296875 0.03828125
1 0.2125 0.021875 0.0375 0.0421875
1 0.465625 0.1171875 0.040625 0.0515625
1 0.3390625 0.146875 0.0390625 0.04609375
1 0.3828125 0.1703125 0.0515625 0.0546875
1 0.4265625 0.14140625 0.0453125 0.0515625
1 0.5109375 0.1484375 0.0453125 0.0546875
1 0.546875 0.1171875 0.0375 0.04375
1 0.59375 0.14296875 0.046875 0.0515625
1 0.6375 0.17421875 0.0375 0.04375
1 0.340625 0.20703125 0.04375 0.04609375
1 0.3828125 0.2296875 0.0484375 0.04921875
1 0.4265625 0.2015625 0.046875 0.053125
1 0.465625 0.18515625 0.040625 0.04921875
1 0.346875 0.2625 0.0453125 0.053125
1 0.384375 0.28984375 0.0421875 0.04609375
1 0.3453125 0.32109375 0.046875 0.053125
1 0.346875 0.378125 0.0453125 0.05703125
1 0.384375 0.35078125 0.0421875 0.053125
1 0.4265625 0.2625 0.0328125 0.03515625
1 0.43125 0.315625 0.0390625 0.04765625
1 0.4671875 0.2859375 0.04375 0.04921875
1 0.5125 0.253125 0.040625 0.04921875
1 0.55 0.1703125 0.040625 0.05859375
1 0.55 0.221875 0.0453125 0.04765625
1 0.546875 0.27890625 0.0484375 0.0609375
1 0.590625 0.25859375 0.0484375 0.0609375
1 0.5109375 0.3171875 0.040625 0.0515625
1 0.5515625 0.34296875 0.040625 0.04921875
1 0.721875 0.3890625 0.028125 0.03671875
1 0.4328125 0.378125 0.0390625 0.05859375
1 0.5140625 0.37421875 0.0453125 0.05859375
1 0.546875 0.4 0.0390625 0.04765625
1 0.6 0.42421875 0.0375 0.04609375
1 0.6390625 0.44765625 0.0453125 0.0515625
1 0.6828125 0.42734375 0.046875 0.053125
1 0.46875 0.40390625 0.0484375 0.0546875
1 0.3484375 0.4296875 0.0453125 0.05859375
1 0.3859375 0.4109375 0.04375 0.04609375
1 0.3859375 0.4640625 0.0515625 0.05859375
1 0.3453125 0.50078125 0.0390625 0.04921875
1 0.3875 0.515625 0.046875 0.05859375
1 0.3515625 0.5484375 0.04375 0.04765625
1 0.5125 0.4296875 0.0453125 0.04921875
1 0.5546875 0.45703125 0.0515625 0.0625
1 0.4375 0.44375 0.040625 0.0515625
1 0.4765625 0.4640625 0.046875 0.0515625
1 0.5125 0.48828125 0.0359375 0.04375
1 0.3875 0.56875 0.0375 0.04375
1 0.3546875 0.60546875 0.04375 0.04375
1 0.3078125 0.6296875 0.040625 0.04765625
1 0.4328125 0.48984375 0.0453125 0.04609375
1 0.4703125 0.51953125 0.034375 0.04921875
1 0.4359375 0.5453125 0.046875 0.0625
1 0.553125 0.5171875 0.04375 0.0515625
1 0.5984375 0.48046875 0.040625 0.0515625
1 0.6390625 0.5140625 0.04375 0.0625
1 0.6859375 0.4859375 0.0453125 0.05703125
1 0.6828125 0.54296875 0.0453125 0.053125
1 0.684375 0.5984375 0.0375 0.05703125
1 0.5109375 0.546875 0.0484375 0.05859375
1 0.55 0.57265625 0.04375 0.0546875
1 0.596875 0.53359375 0.040625 0.053125
1 0.6 0.6015625 0.028125 0.040625
1 0.640625 0.6203125 0.0453125 0.0609375
1 0.4390625 0.60703125 0.0421875 0.04765625
1 0.390625 0.6296875 0.0421875 0.04765625
1 0.30625 0.67890625 0.0453125 0.04765625
1 0.30625 0.7375 0.0453125 0.053125
1 0.30625 0.7890625 0.040625 0.04765625
1 0.35 0.715625 0.034375 0.04765625
1 0.3875 0.6859375 0.0484375 0.053125
1 0.475 0.6328125 0.034375 0.04765625
1 0.4375 0.65703125 0.0453125 0.0609375
1 0.4359375 0.7171875 0.046875 0.04921875
1 0.4765625 0.68828125 0.0359375 0.040625
1 0.515625 0.6015625 0.0359375 0.04921875
1 0.5546875 0.62578125 0.0421875 0.04921875
1 0.515625 0.6609375 0.04375 0.0515625
1 0.553125 0.6828125 0.0296875 0.03828125
1 0.5984375 0.6515625 0.0390625 0.04921875
1 0.803125 0.61796875 0.034375 0.04375
1 0.6421875 0.67734375 0.040625 0.0515625
1 0.6890625 0.70078125 0.04375 0.04765625
1 0.721875 0.67890625 0.046875 0.0546875
1 0.7640625 0.696875 0.0421875 0.05703125
1 0.8046875 0.715625 0.04375 0.05703125
1 0.8546875 0.75234375 0.05 0.05703125
1 0.8546875 0.809375 0.0484375 0.05703125
1 0.8546875 0.86640625 0.04375 0.0609375
1 0.3078125 0.84765625 0.0421875 0.05703125
1 0.346875 0.82421875 0.0421875 0.040625
1 0.390625 0.790625 0.04375 0.04921875
1 0.4390625 0.76875 0.05 0.053125
1 0.478125 0.74140625 0.0421875 0.0546875
1 0.515625 0.71015625 0.0453125 0.0546875
1 0.55625 0.7359375 0.0421875 0.03671875
1 0.5984375 0.7046875 0.0375 0.053125
1 0.64375 0.73359375 0.0484375 0.04375
1 0.690625 0.7578125 0.034375 0.05703125
1 0.7265625 0.728125 0.04375 0.0515625
1 0.7234375 0.7875 0.0453125 0.05859375
1 0.7671875 0.75390625 0.0390625 0.053125
1 0.80625 0.77578125 0.04375 0.04921875
1 0.7671875 0.809375 0.0359375 0.04375
1 0.8078125 0.8296875 0.046875 0.06640625
1 0.8578125 0.92265625 0.046875 0.05859375
1 0.89375 0.95078125 0.040625 0.04921875
1 0.85625 0.975 0.046875 0.04921875
1 0.8921875 0.9875 0.046875 0.025
1 0.5171875 0.7671875 0.0390625 0.04921875
1 0.5984375 0.76171875 0.0421875 0.05859375
1 0.640625 0.78515625 0.0390625 0.04609375
1 0.6875 0.81484375 0.0390625 0.04609375
1 0.725 0.84609375 0.05 0.04765625
1 0.765625 0.87890625 0.0375 0.053125
1 0.8046875 0.89375 0.053125 0.05859375
1 0.8078125 0.95078125 0.0453125 0.0609375
1 0.7703125 0.97890625 0.040625 0.0421875
1 0.728125 0.959375 0.0453125 0.0546875
1 0.76875 0.928125 0.0421875 0.0515625
1 0.7265625 0.896875 0.05 0.0609375
1 0.5578125 0.79453125 0.040625 0.04921875
1 0.4765625 0.7984375 0.04375 0.04765625
1 0.51875 0.82734375 0.04375 0.06640625
1 0.596875 0.821875 0.04375 0.05703125
1 0.6421875 0.8421875 0.0453125 0.0625
1 0.684375 0.8734375 0.0453125 0.0625
1 0.6890625 0.93203125 0.04375 0.05859375
1 0.6453125 0.95390625 0.0390625 0.053125
1 0.603125 0.8734375 0.040625 0.04765625
1 0.434375 0.821875 0.0421875 0.0546875
1 0.3125 0.9671875 0.040625 0.05703125
1 0.31484375 0.99921875 0.0484375 0.0015625
1 0.3515625 0.88046875 0.046875 0.0546875
1 0.353125 0.9375 0.0546875 0.0609375
1 0.34921875 0.984375 0.0453125 0.03125
1 0.3921875 0.8515625 0.05 0.0421875
1 0.3953125 0.90625 0.0484375 0.0609375
1 0.44375 0.8734375 0.04375 0.05703125
1 0.478125 0.85703125 0.0421875 0.05703125
1 0.5171875 0.88046875 0.040625 0.04609375
1 0.5609375 0.91171875 0.0453125 0.0546875
1 0.5546875 0.96171875 0.040625 0.04375
1 0.6 0.978125 0.0390625 0.04375
1 0.6453125 0.9953125 0.04375 0.009375
1 0.73125 0.99453125 0.0375 0.0109375
1 0.4796875 0.915625 0.040625 0.04765625
1 0.440625 0.93359375 0.04375 0.053125
1 0.3953125 0.9671875 0.0390625 0.04609375
1 0.478125 0.9671875 0.040625 0.04609375
1 0.51484375 0.9875 0.0453125 0.025
1 0.56015625 0.996875 0.0421875 0.00546875
1 0.43515625 0.98125 0.0421875 0.0375
1 0.3953125 0.99921875 0.046875 0.0015625
1 0.4796875 0.99765625 0.040625 0.0046875
1 0.6421875 0.903125 0.0421875 0.053125