1 0.2109375 0.9796875 0.1921875 0.03828125
1 0.01875 0.89375 0.0375 0.2125
1 0.0140625 0.5375 0.0265625 0.20546875
1 0.459375 0.9703125 0.2078125 0.05703125
1 0.021875 0.18203125 0.0421875 0.24765625
1 0.875 0.63828125 0.1921875 0.2328125
1 0.3578125 0.11640625 0.196875 0.2328125
1 0.596875 0.471875 0.2140625 0.209375
1 0.446875 0.725 0.2109375 0.19609375
1 0.084375 0.6515625 0.16875 0.2125
1 0.0828125 0.94140625 0.165625 0.1171875
1 0.3390625 0.4609375 0.1625 0.2015625
1 0.70625 0.74296875 0.171875 0.22578125
1 0.5984375 0.1140625 0.1953125 0.20703125
1 0.853125 0.30078125 0.2 0.2296875
1 0.6125 0.95234375 0.1640625 0.09375
1 0.0890625 0.82421875 0.1546875 0.15390625
1 0.4609375 0.37421875 0.1328125 0.1796875
1 0.5953125 0.2953125 0.1609375 0.1703125
1 0.7234375 0.19296875 0.1203125 0.16328125
1 0.3578125 0.296875 0.0921875 0.12109375
1 0.94609375 0.0703125 0.1046875 0.140625
1 0.7296875 0.928125 0.1234375 0.14296875
1 0.3140625 0.65859375 0.1125 0.128125
1 0.475 0.896875 0.19375 0.178125
1 0.5984375 0.8296875 0.146875 0.16875