1 0.99375 0.98671875 0.0125 0.0265625
1 0.9875 0.9453125 0.0234375 0.03828125
1 0.9734375 0.96328125 0.015625 0.01796875
1 0.9875 0.91171875 0.021875 0.0296875
1 0.9375 0.90625 0.025 0.0328125
1 0.9296875 0.93359375 0.0140625 0.01640625
1 0.9765625 0.99609375 0.021875 0.00703125
1 0.9484375 0.98359375 0.0296875 0.03125
1 0.921875 0.9890625 0.0265625 0.0203125
1 0.9109375 0.96171875 0.034375 0.040625
1 0.9109375 0.925 0.0265625 0.0296875
1 0.9390625 0.8734375 0.025 0.02734375
1 0.9109375 0.88984375 0.0234375 0.02734375
1 0.9859375 0.87734375 0.0265625 0.04375
1 0.89375 0.98203125 0.034375 0.03515625
1 0.8828125 0.9375 0.015625 0.01796875
1 0.8703125 0.990625 0.025 0.01796875
1 0.8484375 0.98671875 0.03125 0.0265625
1 0.846875 0.96484375 0.03125 0.02421875
1 0.8296875 0.94140625 0.0234375 0.02421875
1 0.8125 0.98203125 0.034375 0.03515625
1 0.784375 0.9890625 0.0328125 0.0203125
1 0.7375 0.98515625 0.0265625 0.02578125
1 0.759375 0.96875 0.0265625 0.021875
1 0.7828125 0.9453125 0.028125 0.0328125
1 0.7578125 0.9390625 0.0265625 0.03125
1 0.7734375 0.91171875 0.0296875 0.03671875
1 0.7296875 0.94296875 0.0265625 0.03671875
1 0.7484375 0.896875 0.025 0.0328125
1 0.725 0.91015625 0.028125 0.0328125
1 0.7234375 0.88046875 0.028125 0.03515625
1 0.7484375 0.86640625 0.0265625 0.03828125
1 0.775 0.875 0.025 0.03125
1 0.8296875 0.90859375 0.0265625 0.03125
1 0.8609375 0.925 0.0296875 0.0328125
1 0.884375 0.90859375 0.03125 0.03125
1 0.859375 0.88828125 0.025 0.03515625
1 0.8828125 0.871875 0.0296875 0.03515625
1 0.909375 0.85703125 0.034375 0.0296875
1 0.8578125 0.8546875 0.0234375 0.021875
1 0.83125 0.875 0.03125 0.0328125
1 0.803125 0.89140625 0.03125 0.03125
1 0.8046875 0.85859375 0.028125 0.0328125
1 0.7765625 0.84375 0.028125 0.0296875
1 0.83125 0.8421875 0.0296875 0.03125
1 0.884375 0.840625 0.021875 0.02578125
1 0.70546875 0.9921875 0.0265625 0.015625
1 0.7046875 0.96171875 0.034375 0.03828125
1 0.6734375 0.9796875 0.0359375 0.03671875
1 0.6484375 0.97578125 0.021875 0.0203125
1 0.62890625 0.9921875 0.0265625 0.015625
1 0.6265625 0.9703125 0.0296875 0.0296875
1 0.653125 0.95078125 0.0265625 0.0296875
1 0.703125 0.93046875 0.03125 0.0296875
1 0.675 0.91015625 0.03125 0.0296875
1 0.64375 0.925 0.034375 0.03125
1 0.64375 0.8953125 0.0359375 0.03515625
1 0.6953125 0.896875 0.034375 0.03828125
1 0.66875 0.875 0.0296875 0.03828125
1 0.696875 0.8625 0.03125 0.03515625
1 0.6421875 0.8640625 0.028125 0.03671875
1 0.6078125 0.90625 0.028125 0.0328125
1 0.6140625 0.840625 0.0265625 0.03125
1 0.6671875 0.8421875 0.028125 0.0328125
1 0.7234375 0.8421875 0.028125 0.03828125
1 0.696875 0.82578125 0.028125 0.03125
1 0.66875 0.80546875 0.028125 0.03125
1 0.6421875 0.82734375 0.0328125 0.03828125
1 0.6078125 0.80703125 0.028125 0.0328125
1 0.6390625 0.790625 0.03125 0.03515625
1 0.60625 0.77578125 0.0328125 0.0328125
1 0.7234375 0.80546875 0.025 0.03125
1 0.696875 0.7890625 0.0296875 0.03515625
1 0.665625 0.77421875 0.0296875 0.03828125
1 0.6375 0.75625 0.0296875 0.03671875
1 0.6109375 0.73359375 0.0265625 0.03125
1 0.5734375 0.99296875 0.034375 0.0125
1 0.5703125 0.97421875 0.0265625 0.03125
1 0.54453125 0.98125 0.0359375 0.0375
1 0.51875 0.9671875 0.0375 0.0421875
1 0.521875 0.99296875 0.03125 0.0125
1 0.490625 0.97421875 0.021875 0.0296875
1 0.46875 0.9890625 0.0375 0.021875
1 0.4421875 0.9796875 0.0296875 0.03515625
1 0.4140625 0.96171875 0.03125 0.0328125
1 0.4140625 0.9890625 0.0296875 0.021875
1 0.3875 0.97578125 0.03125 0.0421875
1 0.384375 0.99609375 0.01875 0.00546875
1 0.359375 0.96328125 0.0265625 0.0328125
1 0.3625 0.990625 0.03125 0.01796875
1 0.3125 0.990625 0.0265625 0.01640625
1 0.28125 0.9796875 0.0421875 0.03828125
1 0.478125 0.9390625 0.0296875 0.0296875
1 0.425 0.9359375 0.0296875 0.0296875
1 0.5046875 0.92109375 0.0359375 0.03828125
1 0.4515625 0.92265625 0.0265625 0.03125
1 0.4 0.925 0.028125 0.03828125
1 0.3453125 0.9265625 0.0328125 0.0328125
1 0.371875 0.90625 0.0296875 0.040625
1 0.2546875 0.98671875 0.028125 0.0265625
1 0.228125 0.9796875 0.0296875 0.03828125
1 0.1765625 0.978125 0.0421875 0.0421875
1 0.1484375 0.9890625 0.0359375 0.0203125
1 0.1203125 0.9796875 0.034375 0.040625
1 0.09140625 0.98671875 0.0296875 0.0265625
1 0.103125 0.9453125 0.025 0.0328125
1 0.1265625 0.93359375 0.0265625 0.040625
1 0.15625 0.94296875 0.034375 0.03125
1 0.184375 0.93046875 0.03125 0.03828125
1 0.2109375 0.91015625 0.0390625 0.040625
1 0.1828125 0.8953125 0.028125 0.03515625
1 0.2921875 0.9265625 0.028125 0.0328125
1 0.315625 0.91171875 0.028125 0.03671875
1 0.265625 0.9140625 0.0265625 0.03828125
1 0.2359375 0.88984375 0.028125 0.03515625
1 0.1578125 0.90859375 0.03125 0.03828125
1 0.1578125 0.875 0.0265625 0.03125
1 0.1828125 0.85703125 0.028125 0.04609375
1 0.128125 0.89921875 0.03125 0.03671875
1 0.1015625 0.9140625 0.0265625 0.03125
1 0.075 0.93203125 0.0296875 0.03828125
1 0.075 0.896875 0.0296875 0.0328125
1 0.05 0.915625 0.0265625 0.03828125
1 0.05 0.87890625 0.0203125 0.021875
1 0.0203125 0.8609375 0.0296875 0.03125
1 0.021875 0.89375 0.03125 0.03515625
1 0.00625 0.88046875 0.0109375 0.040625
1 0.00625 0.91953125 0.0109375 0.0328125
1 0.00625 0.95078125 0.0109375 0.03515625
1 0.021875 0.93203125 0.03125 0.040625
1 0.065625 0.98515625 0.028125 0.02734375
1 0.0421875 0.990625 0.034375 0.01640625
1 0.0359375 0.9703125 0.025 0.0296875
1 0.015625 0.98359375 0.028125 0.0328125
1 0.56875 0.94296875 0.0359375 0.03828125
1 0.54375 0.946875 0.0328125 0.03671875
1 0.5625 0.9140625 0.0296875 0.0296875
1 0.534375 0.90625 0.0375 0.040625
1 0.5640625 0.87890625 0.034375 0.04609375
1 0.5359375 0.871875 0.0359375 0.040625
1 0.9875 0.76484375 0.0234375 0.03671875
1 0.990625 0.80390625 0.01875 0.0296875
1 0.9875 0.83828125 0.0234375 0.040625
1 0.9375 0.83671875 0.034375 0.03125
1 0.934375 0.80546875 0.0359375 0.03671875
1 0.9359375 0.76875 0.040625 0.0421875
1 0.934375 0.7265625 0.0359375 0.04375
1 0.9078125 0.715625 0.028125 0.02734375
1 0.90625 0.7453125 0.028125 0.03828125
1 0.88125 0.7265625 0.03125 0.03515625
1 0.8546875 0.7140625 0.028125 0.0421875
1 0.909375 0.81796875 0.03125 0.03515625
1 0.8828125 0.8015625 0.0328125 0.0421875
1 0.8796875 0.76484375 0.034375 0.040625
1 0.85625 0.75078125 0.0265625 0.03515625
1 0.8546875 0.78515625 0.0296875 0.03515625
1 0.859375 0.8203125 0.028125 0.0328125
1 0.83125 0.809375 0.0390625 0.03671875
1 0.8015625 0.8296875 0.0296875 0.03828125
1 0.8296875 0.7671875 0.03125 0.0328125
1 0.828125 0.7265625 0.0328125 0.040625
1 0.7984375 0.71015625 0.028125 0.03671875
1 0.771875 0.6953125 0.0328125 0.03515625
1 0.7984375 0.7484375 0.0296875 0.03671875
1 0.803125 0.78515625 0.0296875 0.0328125
1 0.775 0.80390625 0.0328125 0.03671875
1 0.75 0.82421875 0.0328125 0.03515625
1 0.7484375 0.7875 0.028125 0.0328125
1 0.7734375 0.76875 0.034375 0.03515625
1 0.7734375 0.73359375 0.03125 0.04375
1 0.7484375 0.75390625 0.03125 0.03828125
1 0.7484375 0.7140625 0.028125 0.03828125
1 0.721875 0.7703125 0.028125 0.03515625
1 0.721875 0.73046875 0.0359375 0.0421875
1 0.7203125 0.69375 0.0328125 0.040625
1 0.6921875 0.67734375 0.028125 0.03515625
1 0.6921875 0.7140625 0.0296875 0.0328125
1 0.6953125 0.75390625 0.03125 0.0421875
1 0.665625 0.7359375 0.0296875 0.03515625
1 0.6390625 0.7140625 0.03125 0.0296875
1 0.609375 0.6953125 0.0359375 0.03671875
1 0.6640625 0.6953125 0.0359375 0.03671875
1 0.6359375 0.67890625 0.0265625 0.0296875
1 0.6140625 0.6640625 0.0328125 0.0421875
1 0.6640625 0.65859375 0.0296875 0.0328125
1 0.6390625 0.6421875 0.03125 0.04375
1 0.6109375 0.62578125 0.0296875 0.03828125
1 0.5796875 0.621875 0.034375 0.0328125
1 0.5765625 0.59296875 0.025 0.0296875
1 0.553125 0.62578125 0.025 0.03515625
1 0.5546875 0.59296875 0.025 0.040625
1 0.5296875 0.57421875 0.034375 0.03671875
1 0.559375 0.65859375 0.03125 0.03671875
1 0.5296875 0.640625 0.034375 0.0421875
1 0.5609375 0.6953125 0.0390625 0.040625
1 0.5609375 0.7359375 0.0359375 0.03671875
1 0.53125 0.7484375 0.0203125 0.02578125
1 0.53125 0.71171875 0.0234375 0.03125
1 0.53125 0.68046875 0.028125 0.03515625
1 0.5609375 0.7703125 0.034375 0.03828125
1 0.5625 0.80390625 0.034375 0.0328125
1 0.5625 0.83671875 0.03125 0.03125
1 0.53125 0.8328125 0.0328125 0.03671875
1 0.5328125 0.7875 0.0296875 0.03671875
1 0.5 0.8828125 0.03125 0.03828125
1 0.478125 0.90625 0.0296875 0.0328125
1 0.4515625 0.884375 0.0296875 0.03671875
1 0.4265625 0.9046875 0.0296875 0.03671875
1 0.3984375 0.88828125 0.03125 0.0421875
1 0.478125 0.8625 0.0328125 0.03828125
1 0.5046875 0.80546875 0.0296875 0.02734375
1 0.48125 0.821875 0.0296875 0.0296875
1 0.45 0.8421875 0.03125 0.040625
1 0.453125 0.8109375 0.025 0.02421875
1 0.4796875 0.79296875 0.021875 0.02578125
1 0.4265625 0.86640625 0.0328125 0.03515625
1 0.365625 0.86796875 0.0328125 0.040625
1 0.34375 0.88828125 0.0359375 0.04375
1 0.290625 0.89140625 0.0328125 0.040625
1 0.3171875 0.8734375 0.034375 0.0421875
1 0.265625 0.875 0.0296875 0.03671875
1 0.3984375 0.840625 0.0390625 0.03515625
1 0.4265625 0.82578125 0.0359375 0.040625
1 0.503125 0.77265625 0.0265625 0.02734375
1 0.4515625 0.77578125 0.025 0.02734375
1 0.4296875 0.790625 0.0265625 0.03125
1 0.396875 0.809375 0.0359375 0.03515625
1 0.371875 0.8328125 0.0296875 0.0328125
1 0.34375 0.8546875 0.028125 0.03828125
1 0.3203125 0.83671875 0.034375 0.03515625
1 0.3453125 0.81640625 0.0359375 0.0421875
1 0.375 0.79609375 0.0359375 0.040625
1 0.2875 0.8515625 0.0359375 0.040625
1 0.2609375 0.840625 0.028125 0.03828125
1 0.2375 0.85703125 0.03125 0.03671875
1 0.2109375 0.840625 0.03125 0.03125
1 0.2359375 0.821875 0.03125 0.040625
1 0.31875 0.80390625 0.03125 0.03671875
1 0.5046875 0.7359375 0.0359375 0.03671875
1 0.50625 0.70078125 0.028125 0.0421875
1 0.50625 0.6625 0.0328125 0.0328125
1 0.503125 0.62734375 0.0328125 0.0296875
1 0.503125 0.590625 0.0296875 0.0421875
1 0.4765625 0.58203125 0.028125 0.03828125
1 0.475 0.6125 0.034375 0.040625
1 0.4765625 0.64765625 0.0296875 0.03515625
1 0.4765625 0.67890625 0.028125 0.03671875
1 0.4765625 0.71171875 0.03125 0.03515625
1 0.475 0.7484375 0.028125 0.03671875
1 0.4515625 0.7359375 0.0296875 0.03671875
1 0.45 0.70078125 0.0296875 0.03671875
1 0.453125 0.66640625 0.03125 0.03515625
1 0.45 0.6296875 0.0296875 0.03515625
1 0.45 0.59453125 0.034375 0.03671875
1 0.45 0.5578125 0.03125 0.03671875
1 0.4265625 0.75625 0.03125 0.0421875
1 0.4 0.7703125 0.028125 0.03671875
1 0.375 0.75625 0.03125 0.03515625
1 0.4 0.7390625 0.0265625 0.0328125
1 0.4234375 0.7171875 0.028125 0.03671875
1 0.425 0.684375 0.034375 0.0328125
1 0.4234375 0.64609375 0.03125 0.02734375
1 0.4234375 0.61640625 0.03125 0.03828125
1 0.421875 0.5796875 0.034375 0.0421875
1 0.421875 0.54140625 0.034375 0.03828125
1 0.4 0.7046875 0.0296875 0.03828125
1 0.396875 0.66640625 0.0296875 0.0328125
1 0.3953125 0.6296875 0.0328125 0.03828125
1 0.39375 0.59609375 0.034375 0.03515625
1 0.3921875 0.56171875 0.0328125 0.03671875
1 0.3703125 0.72265625 0.0359375 0.03828125
1 0.3703125 0.684375 0.03125 0.0421875
1 0.3703125 0.64609375 0.0375 0.03671875
1 0.36875 0.6109375 0.03125 0.0328125
1 0.36875 0.578125 0.03125 0.03671875
1 0.3671875 0.54140625 0.03125 0.03125
1 0.3390625 0.56484375 0.028125 0.03828125
1 0.3390625 0.59609375 0.028125 0.03125
1 0.3390625 0.62734375 0.0296875 0.0328125
1 0.3390625 0.66953125 0.03125 0.04609375
1 0.340625 0.70859375 0.03125 0.0328125
1 0.31875 0.76328125 0.034375 0.0421875
1 0.3140625 0.7265625 0.0296875 0.0328125
1 0.3109375 0.69140625 0.028125 0.03515625
1 0.2875 0.703125 0.0265625 0.03671875
1 0.2890625 0.78515625 0.0296875 0.03828125
1 0.2625 0.8015625 0.040625 0.0421875
1 0.2359375 0.78203125 0.025 0.0328125
1 0.209375 0.8 0.0296875 0.0328125
1 0.2109375 0.76484375 0.028125 0.03125
1 0.2625 0.76328125 0.03125 0.03671875
1 0.234375 0.746875 0.0296875 0.03671875
1 0.2890625 0.74296875 0.0265625 0.03671875
1 0.2625 0.7265625 0.03125 0.03828125
1 0.2359375 0.71171875 0.0328125 0.03828125
1 0.209375 0.728125 0.0296875 0.03828125
1 0.2328125 0.66953125 0.03125 0.0421875
1 0.2875 0.6734375 0.025 0.02734375
1 0.2625 0.65703125 0.03125 0.040625
1 0.3125 0.653125 0.028125 0.03671875
1 0.2859375 0.63671875 0.0296875 0.040625
1 0.315625 0.61640625 0.028125 0.03671875
1 0.315625 0.58515625 0.0296875 0.03671875
1 0.2859375 0.6 0.0296875 0.0328125
1 0.2609375 0.6203125 0.0265625 0.03671875
1 0.234375 0.63671875 0.03125 0.02734375
1 0.2328125 0.60390625 0.034375 0.0421875
1 0.20625 0.61640625 0.028125 0.0421875
1 0.18125 0.6734375 0.0265625 0.03671875
1 0.18125 0.70625 0.03125 0.03671875
1 0.1828125 0.63828125 0.0296875 0.040625
1 0.1828125 0.7453125 0.03125 0.040625
1 0.1828125 0.78359375 0.0296875 0.040625
1 0.1578125 0.80546875 0.0265625 0.0328125
1 0.15625 0.7703125 0.03125 0.040625
1 0.153125 0.728125 0.0328125 0.03671875
1 0.15625 0.69140625 0.0296875 0.03515625
1 0.15625 0.6546875 0.0328125 0.03671875
1 0.15625 0.6203125 0.03125 0.0328125
1 0.1796875 0.6015625 0.03125 0.03515625
1 0.475 0.5390625 0.0265625 0.03125
1 0.496875 0.55390625 0.0125 0.01484375
1 0.4484375 0.52109375 0.03125 0.03671875
1 0.4203125 0.5046875 0.0296875 0.03125
1 0.3921875 0.525 0.0328125 0.03125
1 0.3921875 0.48828125 0.03125 0.03671875
1 0.390625 0.453125 0.028125 0.03515625
1 0.365625 0.43515625 0.028125 0.0328125
1 0.3640625 0.46796875 0.028125 0.0328125
1 0.365625 0.50625 0.03125 0.0421875
1 0.340625 0.49375 0.0296875 0.040625
1 0.340625 0.528125 0.0328125 0.0328125
1 0.340625 0.4515625 0.0296875 0.03828125
1 0.3140625 0.5453125 0.03125 0.03125
1 0.2890625 0.56484375 0.0359375 0.03828125
1 0.3125 0.51171875 0.0328125 0.03515625
1 0.315625 0.4734375 0.03125 0.03828125
1 0.3140625 0.43515625 0.0328125 0.03671875
1 0.315625 0.4 0.0375 0.03671875
1 0.2859375 0.3796875 0.0296875 0.040625
1 0.2859375 0.41484375 0.03125 0.03671875
1 0.2859375 0.453125 0.0359375 0.0421875
1 0.2859375 0.49140625 0.0328125 0.03671875
1 0.2875 0.5265625 0.0328125 0.03828125
1 0.2625 0.58515625 0.0296875 0.03515625
1 0.2609375 0.546875 0.0328125 0.03828125
1 0.2609375 0.51015625 0.0328125 0.03828125
1 0.2625 0.440625 0.028125 0.03671875
1 0.259375 0.4015625 0.03125 0.040625
1 0.259375 0.359375 0.0359375 0.040625
1 0.234375 0.5671875 0.034375 0.03125
1 0.2328125 0.53359375 0.0328125 0.040625
1 0.23125 0.49375 0.0328125 0.03515625
1 0.2328125 0.45703125 0.0328125 0.03671875
1 0.23125 0.421875 0.0328125 0.0421875
1 0.23125 0.3796875 0.03125 0.03828125
1 0.234375 0.34296875 0.0328125 0.03515625
1 0.20625 0.55078125 0.025 0.03828125
1 0.20625 0.515625 0.034375 0.03515625
1 0.20625 0.47734375 0.03125 0.03828125
1 0.20625 0.43828125 0.028125 0.03671875
1 0.20625 0.4 0.025 0.0296875
1 0.203125 0.3671875 0.0328125 0.03515625
1 0.2046875 0.3265625 0.03125 0.04609375
1 0.178125 0.2734375 0.0328125 0.040625
1 0.175 0.30859375 0.034375 0.03671875
1 0.1734375 0.3453125 0.034375 0.040625
1 0.1734375 0.378125 0.034375 0.03515625
1 0.178125 0.41796875 0.0328125 0.04375
1 0.1796875 0.45703125 0.034375 0.04375
1 0.178125 0.49140625 0.028125 0.03515625
1 0.1796875 0.53046875 0.034375 0.03828125
1 0.1796875 0.5671875 0.034375 0.03828125
1 0.103125 0.87734375 0.028125 0.03671875
1 0.1296875 0.85859375 0.0328125 0.03671875
1 0.128125 0.821875 0.028125 0.0328125
1 0.1015625 0.840625 0.0265625 0.03125
1 0.075 0.8609375 0.03125 0.03125
1 0.0765625 0.821875 0.028125 0.040625
1 0.046875 0.84609375 0.0265625 0.03671875
1 0.0484375 0.809375 0.034375 0.03671875
1 0.0203125 0.82578125 0.028125 0.04609375
1 0.01875 0.7875 0.028125 0.0328125
1 0.003125 0.77265625 0.00625 0.0421875
1 0.01875 0.75390625 0.0265625 0.03671875
1 0.003125 0.73359375 0.00625 0.0421875
1 0.0171875 0.715625 0.028125 0.04375
1 0.128125 0.7875 0.0328125 0.03515625
1 0.1 0.7703125 0.021875 0.0328125
1 0.0765625 0.78515625 0.03125 0.0328125
1 0.0484375 0.7703125 0.040625 0.0421875
1 0.075 0.75234375 0.0328125 0.03671875
1 0.1265625 0.7484375 0.0296875 0.040625
1 0.103125 0.7359375 0.028125 0.03828125
1 0.1265625 0.7140625 0.0296875 0.0328125
1 0.103125 0.6953125 0.028125 0.0328125
1 0.1265625 0.675 0.03125 0.03125
1 0.0703125 0.71171875 0.0265625 0.03125
1 0.0484375 0.73203125 0.0296875 0.0328125
1 0.046875 0.696875 0.0296875 0.040625
1 0.0203125 0.67890625 0.0328125 0.03515625
1 0.0734375 0.67890625 0.0359375 0.0328125
1 0.1015625 0.65703125 0.0296875 0.03828125
1 0.125 0.640625 0.0203125 0.02578125
1 0.071875 0.640625 0.034375 0.04375
1 0.046875 0.6609375 0.0234375 0.03515625
1 0.01875 0.64765625 0.0375 0.03671875
1 0.0171875 0.60703125 0.03125 0.04375
1 0.0453125 0.62734375 0.0296875 0.0328125
1 0.071875 0.60546875 0.0265625 0.02578125
1 0.1265625 0.60390625 0.03125 0.0328125
1 0.0984375 0.590625 0.03125 0.03828125
1 0.153125 0.5875 0.028125 0.03515625
1 0.125 0.5703125 0.0359375 0.03828125
1 0.071875 0.5703125 0.0265625 0.040625
1 0.0453125 0.590625 0.03125 0.03515625
1 0.0203125 0.5703125 0.028125 0.040625
1 0.0046875 0.56484375 0.0078125 0.03671875
1 0.015625 0.5375 0.028125 0.03671875
1 0.0453125 0.55390625 0.0328125 0.03671875
1 0.1 0.55390625 0.0296875 0.03671875
1 0.1515625 0.5484375 0.0328125 0.03515625
1 0.125 0.53359375 0.0328125 0.03515625
1 0.1 0.515625 0.0296875 0.03671875
1 0.0734375 0.53203125 0.0296875 0.03828125
1 0.0453125 0.515625 0.034375 0.03828125
1 0.1515625 0.51171875 0.03125 0.0328125
1 0.1484375 0.47890625 0.0359375 0.040625
1 0.1234375 0.496875 0.0265625 0.03515625
1 0.1265625 0.45703125 0.034375 0.040625
1 0.1546875 0.4421875 0.01875 0.0296875
1 0.153125 0.40703125 0.0296875 0.03671875
1 0.071875 0.496875 0.0296875 0.03828125
1 0.0734375 0.4609375 0.0328125 0.040625
1 0.0453125 0.48046875 0.0296875 0.03515625
1 0.015625 0.49921875 0.0296875 0.04609375
1 0.0171875 0.4609375 0.0265625 0.03515625
1 0.015625 0.42421875 0.0296875 0.03671875
1 0.0421875 0.44765625 0.03125 0.03671875
1 0.071875 0.42578125 0.034375 0.0328125
1 0.04375 0.409375 0.0265625 0.03671875
1 0.01875 0.3875 0.028125 0.03515625
1 0.1015625 0.4015625 0.0296875 0.0328125
1 0.0984375 0.440625 0.034375 0.04765625
1 0.1234375 0.38203125 0.034375 0.040625
1 0.15 0.36875 0.03125 0.03515625
1 0.125 0.35078125 0.0296875 0.03671875
1 0.15 0.33046875 0.03125 0.040625
1 0.1515625 0.2953125 0.0265625 0.0328125
1 0.1484375 0.25703125 0.034375 0.04609375
1 0.1234375 0.31171875 0.03125 0.03828125
1 0.1 0.36328125 0.0265625 0.03671875
1 0.071875 0.38515625 0.0359375 0.04375
1 0.0421875 0.36875 0.028125 0.03828125
1 0.0171875 0.35234375 0.028125 0.03671875
1 0.003125 0.31953125 0.00625 0.0421875
1 0.0171875 0.3171875 0.0265625 0.03828125
1 0.0703125 0.35078125 0.0296875 0.03125
1 0.046875 0.33359375 0.0265625 0.03515625
1 0.096875 0.33046875 0.0296875 0.03828125
1 0.06875 0.3171875 0.028125 0.0421875
1 0.04375 0.29921875 0.0234375 0.03828125
1 0.015625 0.2828125 0.03125 0.03671875
1 0.1234375 0.275 0.034375 0.0328125
1 0.0984375 0.29375 0.028125 0.040625
1 0.1203125 0.23671875 0.03125 0.0421875
1 0.096875 0.22578125 0.0265625 0.0515625
1 0.06875 0.2734375 0.0390625 0.03671875
1 0.0703125 0.24375 0.028125 0.03671875
1 0.06875 0.20703125 0.0375 0.04765625
1 0.040625 0.1875 0.0265625 0.03828125
1 0.0421875 0.22578125 0.021875 0.0296875
1 0.040625 0.2625 0.025 0.03125
1 0.0171875 0.2421875 0.0328125 0.0328125
1 0.0171875 0.20703125 0.0296875 0.03671875
1 0.9984375 0.63125 0.0015625 0.03671875
1 0.9859375 0.6109375 0.028125 0.0421875
1 0.9953125 0.59609375 0.0078125 0.04609375
1 0.9859375 0.54140625 0.028125 0.03671875
1 0.984375 0.503125 0.0296875 0.03828125
1 0.9984375 0.48828125 0.003125 0.040625
1 0.984375 0.46640625 0.03125 0.04609375
1 0.996875 0.159375 0.0046875 0.03515625
1 0.9984375 0.19453125 0.003125 0.040625
1 0.996875 0.2296875 0.0046875 0.0328125
1 0.9828125 0.253125 0.0328125 0.040625
1 0.984375 0.39453125 0.03125 0.03671875
1 0.996875 0.378125 0.00625 0.04765625
1 0.9984375 0.3359375 0.0015625 0.02578125
1 0.9953125 0.30078125 0.0078125 0.0421875
1 0.934375 0.69140625 0.0296875 0.03515625
1 0.88125 0.68828125 0.0296875 0.03515625
1 0.90625 0.671875 0.03125 0.03671875
1 0.9375 0.653125 0.0265625 0.03125
1 0.9078125 0.63515625 0.0328125 0.03828125
1 0.8796875 0.653125 0.03125 0.03125
1 0.853125 0.6734375 0.028125 0.03671875
1 0.825 0.65703125 0.0296875 0.03828125
1 0.8 0.675 0.03125 0.03828125
1 0.771875 0.65859375 0.0296875 0.0328125
1 0.8546875 0.63828125 0.03125 0.0328125
1 0.878125 0.61796875 0.0296875 0.0328125
1 0.9328125 0.61796875 0.03125 0.03671875
1 0.9078125 0.6 0.03125 0.03671875
1 0.934375 0.58203125 0.0296875 0.03515625
1 0.90625 0.56328125 0.028125 0.03671875
1 0.9328125 0.5453125 0.0296875 0.03671875
1 0.88125 0.58515625 0.028125 0.03515625
1 0.8515625 0.60390625 0.0296875 0.0328125
1 0.825 0.621875 0.03125 0.0328125
1 0.8265625 0.5875 0.0328125 0.03828125
1 0.85625 0.56484375 0.034375 0.040625
1 0.8265625 0.55234375 0.034375 0.03828125
1 0.8546875 0.528125 0.0328125 0.03515625
1 0.8796875 0.5140625 0.0234375 0.02578125
1 0.9328125 0.51171875 0.0296875 0.03125
1 0.7984375 0.63671875 0.0296875 0.03828125
1 0.746875 0.6421875 0.0296875 0.03828125
1 0.7734375 0.6203125 0.0359375 0.03671875
1 0.8015625 0.60546875 0.0296875 0.03125
1 0.796875 0.57421875 0.03125 0.03828125
1 0.7703125 0.5890625 0.03125 0.03125
1 0.746875 0.60546875 0.0296875 0.0328125
1 0.71875 0.62421875 0.03125 0.040625
1 0.6390625 0.59609375 0.025 0.040625
1 0.6890625 0.609375 0.03125 0.0328125
1 0.6640625 0.5875 0.0265625 0.03671875
1 0.7453125 0.5703125 0.0296875 0.03515625
1 0.71875 0.5890625 0.034375 0.0328125
1 0.715625 0.55234375 0.0296875 0.04609375
1 0.6890625 0.56875 0.0359375 0.040625
1 0.6609375 0.55234375 0.0328125 0.04375
1 0.6328125 0.5484375 0.03125 0.04375
1 0.6078125 0.55078125 0.0265625 0.03828125
1 0.7703125 0.55390625 0.0265625 0.03828125
1 0.7453125 0.5359375 0.0296875 0.03125
1 0.796875 0.53359375 0.0296875 0.03671875
1 0.8234375 0.51015625 0.0359375 0.03828125
1 0.9046875 0.49140625 0.0328125 0.0296875
1 0.853125 0.49140625 0.0328125 0.03515625
1 0.7953125 0.4953125 0.0296875 0.03671875
1 0.7703125 0.51015625 0.0296875 0.03828125
1 0.74375 0.4953125 0.0265625 0.03828125
1 0.7171875 0.515625 0.034375 0.03671875
1 0.6890625 0.53046875 0.0296875 0.0328125
1 0.6609375 0.5140625 0.03125 0.03828125
1 0.6390625 0.49921875 0.028125 0.040625
1 0.609375 0.515625 0.0328125 0.03515625
1 0.578125 0.53046875 0.03125 0.040625
1 0.553125 0.5140625 0.0296875 0.03671875
1 0.53125 0.49375 0.028125 0.040625
1 0.5046875 0.47734375 0.0296875 0.0421875
1 0.475 0.4625 0.0359375 0.04375
1 0.6125 0.48046875 0.03125 0.03671875
1 0.58125 0.4953125 0.0328125 0.03671875
1 0.553125 0.48046875 0.034375 0.03828125
1 0.5265625 0.4609375 0.0296875 0.03671875
1 0.5015625 0.4421875 0.03125 0.04375
1 0.5828125 0.4609375 0.034375 0.03828125
1 0.5546875 0.4421875 0.0296875 0.0421875
1 0.528125 0.42421875 0.0296875 0.03828125
1 0.6890625 0.4953125 0.03125 0.0328125
1 0.9328125 0.475 0.0359375 0.03828125
1 0.9046875 0.4546875 0.0328125 0.0421875
1 0.878125 0.471875 0.0390625 0.03515625
1 0.8515625 0.45703125 0.0296875 0.03671875
1 0.825 0.440625 0.0296875 0.03671875
1 0.8 0.45859375 0.0328125 0.03828125
1 0.7984375 0.42421875 0.0296875 0.03828125
1 0.76875 0.4734375 0.0296875 0.03515625
1 0.9328125 0.43515625 0.0328125 0.03828125
1 0.875 0.43828125 0.03125 0.03515625
1 0.85 0.421875 0.03125 0.040625
1 0.9046875 0.41640625 0.03125 0.03671875
1 0.875 0.40390625 0.0359375 0.03671875
1 0.846875 0.38203125 0.025 0.03671875
1 0.8203125 0.36484375 0.034375 0.03671875
1 0.821875 0.4015625 0.03125 0.0421875
1 0.79375 0.3875 0.0328125 0.04375
1 0.76875 0.4 0.0296875 0.03828125
1 0.7703125 0.43828125 0.0296875 0.03671875
1 0.74375 0.45859375 0.0265625 0.03828125
1 0.715625 0.48046875 0.0296875 0.040625
1 0.71875 0.44375 0.028125 0.03671875
1 0.6921875 0.45859375 0.025 0.0421875
1 0.66875 0.47734375 0.03125 0.03125
1 0.6625 0.44375 0.0328125 0.040625
1 0.6359375 0.46640625 0.034375 0.03828125
1 0.609375 0.440625 0.0296875 0.03671875
1 0.6375 0.42578125 0.034375 0.03828125
1 0.6921875 0.42421875 0.03125 0.03828125
1 0.74375 0.42421875 0.0265625 0.0328125
1 0.7171875 0.40546875 0.028125 0.03828125
1 0.7453125 0.38515625 0.028125 0.0296875
1 0.6875 0.3796875 0.034375 0.03515625
1 0.6578125 0.40390625 0.0296875 0.03671875
1 0.6359375 0.3875 0.025 0.0328125
1 0.5828125 0.42421875 0.0328125 0.03671875
1 0.5828125 0.390625 0.0296875 0.03515625
1 0.60625 0.37265625 0.0328125 0.03515625
1 0.6609375 0.3671875 0.0265625 0.03671875
1 0.6359375 0.35625 0.0296875 0.03515625
1 0.740625 0.35234375 0.0328125 0.03671875
1 0.7140625 0.35234375 0.025 0.03828125
1 0.6890625 0.346875 0.0296875 0.03515625
1 0.5546875 0.40546875 0.03125 0.03515625
1 0.5546875 0.37265625 0.0375 0.040625
1 0.584375 0.3453125 0.0296875 0.03828125
1 0.609375 0.3359375 0.034375 0.03671875
1 0.6609375 0.33359375 0.028125 0.03515625
1 0.634375 0.3171875 0.0296875 0.03671875
1 0.79375 0.346875 0.0265625 0.03125
1 0.5265625 0.3890625 0.03125 0.03828125
1 0.5015625 0.40546875 0.0296875 0.03671875
1 0.4765625 0.390625 0.028125 0.03671875
1 0.4484375 0.409375 0.0296875 0.040625
1 0.4203125 0.4328125 0.034375 0.0421875
1 0.390625 0.4125 0.0328125 0.0421875
1 0.4203125 0.39453125 0.03125 0.03671875
1 0.45 0.37265625 0.0265625 0.03515625
1 0.4203125 0.3578125 0.034375 0.03515625
1 0.3921875 0.37578125 0.0296875 0.03671875
1 0.3625 0.359375 0.0296875 0.040625
1 0.3359375 0.346875 0.0328125 0.040625
1 0.309375 0.3265625 0.0296875 0.040625
1 0.5015625 0.36328125 0.0296875 0.0421875
1 0.475 0.35390625 0.028125 0.0328125
1 0.44375 0.3390625 0.025 0.03828125
1 0.5296875 0.35390625 0.03125 0.03671875
1 0.55625 0.3359375 0.0296875 0.03671875
1 0.5015625 0.33203125 0.0203125 0.02421875
1 0.4734375 0.31953125 0.0328125 0.0328125
1 0.5296875 0.31953125 0.0296875 0.0328125
1 0.5015625 0.3046875 0.0296875 0.03671875
1 0.58125 0.3140625 0.025 0.02734375
1 0.6078125 0.30078125 0.025 0.03515625
1 0.5828125 0.28046875 0.0296875 0.0328125
1 0.5296875 0.284375 0.03125 0.03671875
1 0.5515625 0.2625 0.034375 0.03671875
1 0.60625 0.25859375 0.03125 0.03671875
1 0.934375 0.3875 0.028125 0.0296875
1 0.90625 0.38203125 0.0296875 0.03125
1 0.8796875 0.3671875 0.03125 0.03515625
1 0.853125 0.346875 0.0296875 0.03515625
1 0.821875 0.33046875 0.0296875 0.03515625
1 0.79375 0.3140625 0.0328125 0.03515625
1 0.7703125 0.32109375 0.025 0.03125
1 0.7171875 0.328125 0.028125 0.02734375
1 0.74375 0.30625 0.03125 0.03671875
1 0.7703125 0.28828125 0.0359375 0.03515625
1 0.6890625 0.3140625 0.028125 0.0328125
1 0.7140625 0.29375 0.0296875 0.03125
1 0.9328125 0.35625 0.03125 0.0328125
1 0.90625 0.3453125 0.03125 0.03671875
1 0.875 0.325 0.03125 0.0328125
1 0.8484375 0.31171875 0.03125 0.040625
1 0.821875 0.29140625 0.028125 0.03671875
1 0.79375 0.275 0.028125 0.040625
1 0.934375 0.325 0.0296875 0.0296875
1 0.90625 0.3046875 0.028125 0.03828125
1 0.878125 0.28984375 0.03125 0.03828125
1 0.93125 0.2859375 0.03125 0.03515625
1 0.9046875 0.26953125 0.0265625 0.0296875
1 0.9296875 0.2515625 0.034375 0.0328125
1 0.9 0.23828125 0.0328125 0.03671875
1 0.875 0.253125 0.034375 0.040625
1 0.9234375 0.2203125 0.0328125 0.03671875
1 0.9015625 0.1984375 0.034375 0.040625
1 0.8703125 0.18359375 0.0296875 0.040625
1 0.8453125 0.1671875 0.025 0.03125
1 0.8734375 0.21796875 0.028125 0.0328125
1 0.846875 0.2015625 0.0296875 0.0328125
1 0.81875 0.1796875 0.03125 0.03671875
1 0.846875 0.23515625 0.0296875 0.03515625
1 0.821875 0.2546875 0.0328125 0.03671875
1 0.81875 0.21796875 0.034375 0.040625
1 0.79375 0.16328125 0.015625 0.01796875
1 0.765625 0.1703125 0.0359375 0.03671875
1 0.790625 0.1984375 0.03125 0.03671875
1 0.790625 0.23515625 0.03125 0.03671875
1 0.765625 0.21640625 0.0328125 0.040625
1 0.7421875 0.2 0.028125 0.0328125
1 0.7171875 0.18359375 0.028125 0.03671875
1 0.6875 0.1703125 0.0296875 0.03515625
1 0.659375 0.178125 0.03125 0.03828125
1 0.6859375 0.20390625 0.034375 0.03515625
1 0.7625 0.253125 0.034375 0.03515625
1 0.740625 0.23515625 0.028125 0.040625
1 0.7140625 0.2203125 0.03125 0.03828125
1 0.7421875 0.2734375 0.028125 0.0328125
1 0.7140625 0.25859375 0.028125 0.03828125
1 0.6875 0.23828125 0.0265625 0.03515625
1 0.6875 0.275 0.028125 0.03828125
1 0.6609375 0.296875 0.0296875 0.0328125
1 0.6328125 0.28046875 0.028125 0.03515625
1 0.659375 0.25859375 0.0296875 0.0421875
1 0.6359375 0.23828125 0.0265625 0.03515625
1 0.659375 0.2203125 0.03125 0.03515625
1 0.6328125 0.2015625 0.0265625 0.03515625
1 0.60625 0.21484375 0.028125 0.0328125
1 0.60625 0.178125 0.0296875 0.040625
1 0.553125 0.22421875 0.034375 0.03828125
1 0.578125 0.20703125 0.0296875 0.03125
1 0.5796875 0.17265625 0.034375 0.03515625
1 0.5515625 0.1875 0.028125 0.03828125
1 0.525 0.17578125 0.028125 0.03828125
1 0.5 0.1875 0.0296875 0.03828125
1 0.4734375 0.17421875 0.0234375 0.02734375
1 0.5 0.26640625 0.03125 0.03671875
1 0.5 0.22734375 0.034375 0.040625
1 0.471875 0.209375 0.028125 0.040625
1 0.475 0.24609375 0.03125 0.03671875
1 0.475 0.2828125 0.0328125 0.03828125
1 0.4453125 0.3046875 0.0296875 0.03515625
1 0.4453125 0.26640625 0.034375 0.03671875
1 0.44375 0.23125 0.03125 0.03125
1 0.4453125 0.19296875 0.0296875 0.040625
1 0.4171875 0.18203125 0.0296875 0.03515625
1 0.415625 0.21640625 0.028125 0.03671875
1 0.4171875 0.24921875 0.028125 0.0328125
1 0.415625 0.2828125 0.03125 0.03515625
1 0.41875 0.32109375 0.0296875 0.03828125
1 0.3890625 0.34140625 0.03125 0.03515625
1 0.3625 0.32265625 0.0265625 0.03515625
1 0.3890625 0.3046875 0.0296875 0.03828125
1 0.3375 0.30625 0.028125 0.0328125
1 0.3609375 0.284375 0.0296875 0.03828125
1 0.3859375 0.25859375 0.028125 0.02421875
1 0.3890625 0.2328125 0.028125 0.03515625
1 0.390625 0.19609375 0.028125 0.040625
1 0.365625 0.18515625 0.028125 0.0296875
1 0.3609375 0.2125 0.03125 0.0328125
1 0.3640625 0.24765625 0.028125 0.03828125
1 0.3359375 0.2 0.028125 0.04375
1 0.309375 0.18359375 0.03125 0.03671875
1 0.3359375 0.23671875 0.028125 0.0328125
1 0.334375 0.26953125 0.0265625 0.03828125
1 0.3140625 0.28984375 0.025 0.03671875
1 0.3125 0.2546875 0.0265625 0.03828125
1 0.3078125 0.21796875 0.0265625 0.03671875
1 0.2828125 0.30625 0.0296875 0.03828125
1 0.25625 0.28984375 0.025 0.03828125
1 0.23125 0.26953125 0.028125 0.0421875
1 0.2046875 0.2546875 0.0265625 0.03828125
1 0.2828125 0.271875 0.034375 0.03515625
1 0.25625 0.2546875 0.025 0.03515625
1 0.284375 0.23671875 0.0328125 0.0328125
1 0.2828125 0.1984375 0.0328125 0.04609375
1 0.259375 0.18203125 0.03125 0.03125
1 0.2578125 0.21796875 0.03125 0.040625
1 0.228125 0.2015625 0.03125 0.040625
1 0.23125 0.23515625 0.0328125 0.03125
1 0.203125 0.21640625 0.025 0.03125
1 0.203125 0.18359375 0.028125 0.0328125
1 0.1765625 0.2 0.0265625 0.03515625
1 0.1515625 0.1875 0.025 0.03125
1 0.89375 0.125 0.0359375 0.03671875
1 0.8453125 0.1265625 0.034375 0.03515625
1 0.86875 0.10625 0.0359375 0.040625
1 0.896875 0.08828125 0.034375 0.03828125
1 0.896875 0.0546875 0.0359375 0.03515625
1 0.86875 0.03828125 0.034375 0.040625
1 0.84375 0.09375 0.03125 0.03515625
1 0.8203125 0.10625 0.0328125 0.03671875
1 0.7921875 0.09375 0.0359375 0.0421875
1 0.7609375 0.10859375 0.03125 0.02734375
1 0.7375 0.09140625 0.028125 0.040625
1 0.7140625 0.1171875 0.034375 0.03828125
1 0.6859375 0.0953125 0.0375 0.04375
1 0.659375 0.1140625 0.028125 0.0328125
1 0.63125 0.09921875 0.0359375 0.040625
1 0.603125 0.12109375 0.028125 0.03671875
1 0.578125 0.13046875 0.0328125 0.03828125
1 0.5265625 0.13203125 0.028125 0.0328125
1 0.5515625 0.1140625 0.034375 0.03828125
1 0.496875 0.11953125 0.03125 0.03515625
1 0.446875 0.115625 0.028125 0.0328125
1 0.41875 0.13359375 0.0296875 0.0328125
1 0.3640625 0.14140625 0.0265625 0.0296875
1 0.390625 0.12265625 0.0328125 0.03125
1 0.3375 0.1265625 0.03125 0.03671875
1 0.3109375 0.14140625 0.0265625 0.02578125
1 0.46875 0.103125 0.0265625 0.03515625
1 0.821875 0.06953125 0.028125 0.0296875
1 0.765625 0.07734375 0.03125 0.03671875
1 0.79375 0.05703125 0.0296875 0.03671875
1 0.81875 0.03515625 0.03125 0.040625
1 0.8515625 0.0203125 0.0359375 0.03828125
1 0.8984375 0.01796875 0.03125 0.0359375
1 0.89921875 0.00078125 0.0359375 0.0015625
1 0.846875 0.003125 0.03125 0.00546875
1 0.81796875 0.01015625 0.0296875 0.0203125
1 0.7640625 0.03828125 0.034375 0.03828125
1 0.7359375 0.05859375 0.0296875 0.0296875
1 0.7359375 0.021875 0.0328125 0.04375
1 0.709375 0.0421875 0.0265625 0.040625
1 0.6859375 0.05859375 0.034375 0.0328125
1 0.65625 0.0734375 0.0296875 0.0421875
1 0.63125 0.0640625 0.0296875 0.0421875
1 0.6015625 0.07890625 0.03125 0.040625
1 0.575 0.09140625 0.03125 0.040625
1 0.525 0.10078125 0.028125 0.03515625
1 0.4953125 0.0828125 0.03125 0.03828125
1 0.46875 0.06796875 0.0296875 0.0421875
1 0.44375 0.07890625 0.0328125 0.040625
1 0.4171875 0.1046875 0.0265625 0.03515625
1 0.3890625 0.084375 0.0328125 0.04375
1 0.3640625 0.10859375 0.03125 0.040625
1 0.3359375 0.09140625 0.0265625 0.0328125
1 0.525 0.06796875 0.025 0.0296875
1 0.5484375 0.04609375 0.025 0.03515625
1 0.525 0.03125 0.03125 0.03828125
1 0.496875 0.04609375 0.03125 0.03828125
1 0.4703125 0.02734375 0.03125 0.0421875
1 0.44375 0.04375 0.0296875 0.0421875
1 0.4171875 0.0640625 0.0328125 0.0421875
1 0.4171875 0.0296875 0.0296875 0.040625
1 0.39296875 0.0140625 0.0265625 0.02734375
1 0.3890625 0.04765625 0.0296875 0.03671875
1 0.3640625 0.0203125 0.028125 0.03828125
1 0.3640625 0.06796875 0.0296875 0.040625
1 0.3359375 0.0515625 0.034375 0.0421875
1 0.6828125 0.02421875 0.03125 0.03828125
1 0.6546875 0.03671875 0.03125 0.03671875
1 0.628125 0.02421875 0.028125 0.03671875
1 0.6015625 0.04609375 0.0265625 0.0328125
1 0.575 0.02578125 0.034375 0.040625
1 0.59921875 0.01171875 0.0328125 0.0234375
1 0.54921875 0.01171875 0.0265625 0.0234375
1 0.52421875 0.0046875 0.0296875 0.009375
1 0.790625 0.00078125 0.028125 0.0015625
1 0.7640625 0.01171875 0.03125 0.0234375
1 0.6828125 0.00078125 0.03125 0.0015625
1 0.65546875 0.01171875 0.0296875 0.0234375
1 0.6296875 0.0046875 0.028125 0.009375
1 0.2828125 0.1265625 0.0265625 0.0328125
1 0.2578125 0.14296875 0.028125 0.0296875
1 0.2546875 0.11015625 0.034375 0.03671875
1 0.228125 0.128125 0.0265625 0.03125
1 0.203125 0.15078125 0.028125 0.0328125
1 0.1765625 0.128125 0.0328125 0.0296875
1 0.146875 0.1484375 0.0265625 0.03125
1 0.1484375 0.1140625 0.0296875 0.03671875
1 0.04375 0.15078125 0.0265625 0.0296875
1 0.096875 0.15078125 0.028125 0.03125
1 0.1203125 0.13203125 0.0296875 0.03671875
1 0.06875 0.13359375 0.0296875 0.0328125
1 0.0953125 0.1171875 0.0265625 0.03828125
1 0.040625 0.1171875 0.028125 0.03671875
1 0.040625 0.07890625 0.028125 0.03671875
1 0.06875 0.09921875 0.03125 0.03515625
1 0.121875 0.096875 0.028125 0.03515625
1 0.09375 0.08046875 0.03125 0.03671875
1 0.0921875 0.040625 0.0265625 0.040625
1 0.06875 0.05859375 0.025 0.0421875
1 0.0390625 0.04609375 0.028125 0.03671875
1 0.0140625 0.03125 0.028125 0.03828125
1 0.06875 0.02421875 0.0296875 0.03515625
1 0.04296875 0.0140625 0.0265625 0.02734375
1 0.0140625 0.00625 0.028125 0.0125
1 0.06640625 0.0046875 0.0296875 0.009375
1 0.203125 0.115625 0.0359375 0.04375
1 0.1734375 0.0953125 0.028125 0.03828125
1 0.15 0.07890625 0.0296875 0.03828125
1 0.121875 0.0609375 0.03125 0.040625
1 0.228125 0.09375 0.028125 0.03515625
1 0.203125 0.07734375 0.0296875 0.0328125
1 0.2578125 0.071875 0.028125 0.03125
1 0.309375 0.10859375 0.028125 0.03125
1 0.3109375 0.0734375 0.0296875 0.03671875
1 0.2828125 0.04921875 0.028125 0.03515625
1 0.3078125 0.0296875 0.0265625 0.03125
1 0.3359375 0.015625 0.028125 0.03125
1 0.28125 0.0171875 0.03125 0.034375
1 0.1734375 0.05859375 0.03125 0.03515625
1 0.228125 0.0546875 0.0359375 0.03671875
1 0.2015625 0.0421875 0.0296875 0.03671875
1 0.1765625 0.021875 0.0296875 0.03828125
1 0.146875 0.040625 0.028125 0.03671875
1 0.121875 0.021875 0.0328125 0.03671875
1 0.2546875 0.03671875 0.03125 0.03671875
1 0.228125 0.0203125 0.0328125 0.03515625
1 0.203125 0.01171875 0.028125 0.0234375
1 0.178125 0.003125 0.03125 0.00546875
1 0.15078125 0.01015625 0.0265625 0.0203125
1 0.1203125 0.00078125 0.03125 0.0015625
1 0.309375 0.00859375 0.028125 0.01640625
1 0.25703125 0.01015625 0.0265625 0.0203125
1 0.2265625 0.00078125 0.03125 0.0015625
1 0.28125 0.00078125 0.028125 0.0015625
1 0.996875 0.12109375 0.0046875 0.04609375
1 0.98125 0.13359375 0.03125 0.040625
1 0.98125 0.09921875 0.034375 0.03828125
1 0.984375 0.0640625 0.028125 0.040625
1 0.98046875 0.02265625 0.0359375 0.0453125