1 0.90859375 0.01328125 0.06484375 0.0265625
1 0.7640625 0.01328125 0.05234375 0.0265625
1 0.5578125 0.009375 0.059375 0.01875
1 0.36875 0.009375 0.0453125 0.01875
1 0.990625 0.09765625 0.01875 0.0640625
1 0.95625 0.13203125 0.06328125 0.08046875
1 0.16640625 0.04140625 0.05234375 0.059375
1 0.0703125 0.04140625 0.04921875 0.053125
1 0.0734375 0.1046875 0.059375 0.059375
1 0.021875 0.07109375 0.04375 0.06796875
1 0.06796875 0.175 0.0609375 0.071875
1 0.1203125 0.06796875 0.05078125 0.0640625
1 0.26953125 0.04921875 0.059375 0.065625
1 0.321875 0.08828125 0.05078125 0.06171875
1 0.2203125 0.07578125 0.0609375 0.0640625
1 0.27265625 0.11328125 0.05390625 0.0640625
1 0.21640625 0.1484375 0.06796875 0.078125
1 0.16640625 0.17734375 0.05390625 0.0640625
1 0.1171875 0.1375 0.06328125 0.06796875
1 0.16796875 0.1109375 0.0578125 0.06796875
1 0.11875 0.21015625 0.06796875 0.0703125
1 0.31640625 0.15625 0.059375 0.059375
1 0.26953125 0.1828125 0.05390625 0.06171875
1 0.21484375 0.21796875 0.05625 0.06796875
1 0.16796875 0.25546875 0.046875 0.06796875
1 0.06796875 0.240625 0.04921875 0.05546875
1 0.021875 0.2078125 0.04375 0.065625
1 0.21640625 0.2859375 0.046875 0.0515625
1 0.31640625 0.22421875 0.05078125 0.07578125
1 0.36328125 0.25703125 0.05390625 0.07421875
1 0.36328125 0.1828125 0.05078125 0.0640625
1 0.4140625 0.1484375 0.05625 0.0640625
1 0.265625 0.25078125 0.04921875 0.06796875
1 0.11328125 0.28359375 0.05234375 0.07421875
1 0.0703125 0.3046875 0.05234375 0.0703125
1 0.02265625 0.271875 0.0453125 0.06171875
1 0.0203125 0.33984375 0.03984375 0.0703125
1 0.16953125 0.37890625 0.046875 0.059375
1 0.11875 0.40703125 0.05625 0.065625
1 0.06796875 0.37421875 0.0578125 0.07578125
1 0.06484375 0.4421875 0.05078125 0.06171875
1 0.01953125 0.40546875 0.03828125 0.065625
1 0.01875 0.47421875 0.0375 0.0640625
1 0.16796875 0.51015625 0.0578125 0.071875
1 0.11328125 0.54765625 0.0578125 0.06171875
1 0.115625 0.475 0.059375 0.0640625
1 0.06484375 0.51640625 0.05234375 0.078125
1 0.11328125 0.6109375 0.05390625 0.0578125
1 0.06640625 0.6421875 0.059375 0.07578125
1 0.21328125 0.62109375 0.059375 0.0640625
1 0.21328125 0.68125 0.06328125 0.0640625
1 0.1609375 0.69921875 0.0609375 0.0703125
1 0.1046875 0.73671875 0.06484375 0.06796875
1 0.01875 0.7390625 0.0375 0.059375
1 0.01953125 0.6046875 0.03828125 0.07421875
1 0.02109375 0.5390625 0.0421875 0.06171875
1 0.01796875 0.675 0.0359375 0.053125
1 0.05390625 0.771875 0.05234375 0.0703125
1 0.01796875 0.86328125 0.0359375 0.0640625
1 0.059375 0.90546875 0.04921875 0.065625
1 0.0171875 0.93125 0.034375 0.0625
1 0.01875 0.984375 0.0375 0.03125
1 0.90546875 0.1046875 0.05234375 0.04921875
1 0.90703125 0.16484375 0.05625 0.0640625
1 0.853125 0.1296875 0.0609375 0.07421875
1 0.90390625 0.23671875 0.06328125 0.06796875
1 0.98671875 0.23671875 0.0265625 0.065625
1 0.95625 0.20390625 0.05390625 0.071875
1 0.9875 0.3015625 0.02421875 0.071875
1 0.953125 0.33125 0.059375 0.0703125
1 0.98828125 0.3625 0.02265625 0.06171875
1 0.9875 0.43828125 0.02421875 0.065625
1 0.9828125 0.9703125 0.034375 0.059375
1 0.98203125 0.90390625 0.0359375 0.0640625
1 0.98046875 0.8375 0.03828125 0.06171875
1 0.98359375 0.765625 0.0328125 0.065625
1 0.98359375 0.696875 0.0328125 0.065625
1 0.98515625 0.6359375 0.0296875 0.0578125
1 0.9875 0.5703125 0.02421875 0.065625
1 0.9875 0.50078125 0.02421875 0.0640625
1 0.95078125 0.40546875 0.059375 0.07421875
1 0.953125 0.4734375 0.03984375 0.04765625
1 0.9546875 0.53515625 0.05625 0.08046875
1 0.94765625 0.603125 0.0578125 0.06171875
1 0.94375 0.6625 0.05078125 0.0578125
1 0.94375 0.7328125 0.05234375 0.06796875
1 0.9421875 0.79609375 0.05234375 0.0703125
1 0.940625 0.86640625 0.06328125 0.0703125
1 0.940625 0.93828125 0.04921875 0.06171875
1 0.94765625 0.98203125 0.0546875 0.0359375
1 0.89140625 0.9671875 0.04375 0.059375
1 0.8953125 0.896875 0.05078125 0.065625
1 0.896875 0.82890625 0.03984375 0.05546875
1 0.89296875 0.759375 0.046875 0.06796875
1 0.896875 0.69140625 0.04375 0.06171875
1 0.896875 0.6171875 0.0453125 0.07421875
1 0.8984375 0.56796875 0.05234375 0.0578125
1 0.90390625 0.50625 0.05390625 0.065625
1 0.9 0.43828125 0.05234375 0.06796875
1 0.90234375 0.36640625 0.05078125 0.0640625
1 0.90390625 0.30234375 0.04921875 0.06171875
1 0.85 0.26328125 0.0453125 0.0703125
1 0.8515625 0.1953125 0.04921875 0.0578125
1 0.85703125 0.325 0.03515625 0.04140625
1 0.8515625 0.3890625 0.05234375 0.06796875
1 0.85859375 0.45703125 0.04921875 0.053125
1 0.8515625 0.5328125 0.05625 0.071875
1 0.853125 0.59453125 0.04375 0.05546875
1 0.8515625 0.65234375 0.05625 0.0640625
1 0.85 0.721875 0.05234375 0.065625
1 0.85 0.78984375 0.05078125 0.07421875
1 0.84765625 0.86640625 0.0609375 0.0703125
1 0.8484375 0.98125 0.05390625 0.03671875
1 0.81328125 0.08828125 0.0609375 0.071875
1 0.7640625 0.12734375 0.06640625 0.071875
1 0.76015625 0.19375 0.06484375 0.06171875
1 0.80390625 0.22421875 0.0578125 0.0703125
1 0.76015625 0.25703125 0.05625 0.071875
1 0.80234375 0.3625 0.0578125 0.07578125
1 0.75859375 0.32890625 0.059375 0.06796875
1 0.75546875 0.396875 0.04921875 0.06171875
1 0.80078125 0.49375 0.0609375 0.0703125
1 0.7515625 0.4609375 0.0609375 0.065625
1 0.80234375 0.55546875 0.059375 0.06796875
1 0.80234375 0.62578125 0.05390625 0.0640625
1 0.79921875 0.69375 0.04921875 0.0578125
1 0.80234375 0.74921875 0.04921875 0.0515625
1 0.80234375 0.83359375 0.0453125 0.071875
1 0.80234375 0.9015625 0.04921875 0.0640625
1 0.80078125 0.965625 0.0546875 0.06875
1 0.7484375 0.53125 0.05078125 0.0640625
1 0.746875 0.59453125 0.059375 0.0640625
1 0.9578125 0.0125 0.03515625 0.025
1 0.56484375 0.053125 0.046875 0.06171875
1 0.71328125 0.08828125 0.0453125 0.053125
1 0.6625 0.1171875 0.0609375 0.065625
1 0.61015625 0.08203125 0.05234375 0.06171875
1 0.51015625 0.090625 0.05390625 0.0640625
1 0.46875 0.053125 0.04375 0.053125
1 0.4140625 0.08203125 0.05390625 0.059375
1 0.36171875 0.11953125 0.04375 0.053125
1 0.71171875 0.16015625 0.05234375 0.05546875
1 0.6625 0.18515625 0.05625 0.0578125
1 0.61015625 0.15234375 0.05390625 0.06171875
1 0.56484375 0.13359375 0.046875 0.059375
1 0.7046875 0.22421875 0.05234375 0.0640625
1 0.659375 0.25703125 0.05078125 0.053125
1 0.7078125 0.29453125 0.05625 0.06171875
1 0.70625 0.36015625 0.05390625 0.065625
1 0.6609375 0.32890625 0.04921875 0.06171875
1 0.61015625 0.22421875 0.03828125 0.04140625
1 0.6046875 0.2859375 0.046875 0.05546875
1 0.56328125 0.253125 0.05078125 0.059375
1 0.51015625 0.2140625 0.04921875 0.0578125
1 0.46484375 0.11484375 0.046875 0.0703125
1 0.46484375 0.17734375 0.05234375 0.05546875
1 0.46875 0.24453125 0.05625 0.071875
1 0.41796875 0.2203125 0.0578125 0.0703125
1 0.51015625 0.28984375 0.046875 0.059375
1 0.46328125 0.32109375 0.046875 0.0578125
1 0.2625 0.3765625 0.03359375 0.04296875
1 0.603125 0.3625 0.046875 0.0703125
1 0.50859375 0.35625 0.05390625 0.06796875
1 0.46875 0.38671875 0.0453125 0.05546875
1 0.40546875 0.415625 0.04375 0.05546875
1 0.36015625 0.44453125 0.05390625 0.06171875
1 0.309375 0.41953125 0.05390625 0.0640625
1 0.559375 0.39296875 0.0578125 0.0640625
1 0.703125 0.421875 0.05390625 0.0703125
1 0.659375 0.39921875 0.05078125 0.05546875
1 0.659375 0.46484375 0.0609375 0.0703125
1 0.70625 0.50625 0.046875 0.059375
1 0.65703125 0.525 0.05390625 0.0703125
1 0.69921875 0.5640625 0.05078125 0.05546875
1 0.50859375 0.421875 0.05234375 0.059375
1 0.46015625 0.4546875 0.0609375 0.07421875
1 0.59765625 0.440625 0.046875 0.059375
1 0.55234375 0.46484375 0.05625 0.059375
1 0.50859375 0.49140625 0.0421875 0.0515625
1 0.65703125 0.58671875 0.0453125 0.053125
1 0.69609375 0.6296875 0.05234375 0.0515625
1 0.75 0.65859375 0.046875 0.05546875
1 0.603125 0.49375 0.05390625 0.05546875
1 0.559375 0.52890625 0.03984375 0.0578125
1 0.6 0.559375 0.05390625 0.07421875
1 0.46171875 0.525 0.05078125 0.06171875
1 0.40703125 0.48125 0.046875 0.06171875
1 0.36015625 0.52265625 0.05078125 0.07421875
1 0.30390625 0.48984375 0.05390625 0.065625
1 0.3078125 0.55546875 0.05390625 0.0640625
1 0.30625 0.6234375 0.04375 0.06796875
1 0.5125 0.56171875 0.05625 0.0703125
1 0.46484375 0.590625 0.05078125 0.0640625
1 0.409375 0.54765625 0.046875 0.06171875
1 0.40703125 0.62578125 0.03359375 0.04765625
1 0.35703125 0.6484375 0.05390625 0.071875
1 0.59609375 0.63359375 0.05078125 0.05546875
1 0.65390625 0.66015625 0.04921875 0.05546875
1 0.7515625 0.71796875 0.05390625 0.0578125
1 0.753125 0.7859375 0.05234375 0.06171875
1 0.753125 0.84765625 0.04921875 0.0578125
1 0.70078125 0.759375 0.0421875 0.05546875
1 0.65546875 0.7265625 0.0578125 0.06171875
1 0.55390625 0.6625 0.03984375 0.05546875
1 0.59765625 0.69140625 0.05234375 0.071875
1 0.6 0.76328125 0.05625 0.0578125
1 0.55234375 0.728125 0.0421875 0.04765625
1 0.50546875 0.62578125 0.04375 0.0578125
1 0.46015625 0.6546875 0.05078125 0.059375
1 0.50546875 0.6953125 0.05234375 0.059375
1 0.46171875 0.721875 0.03515625 0.0453125
1 0.40703125 0.68515625 0.046875 0.0578125
1 0.16640625 0.64609375 0.03984375 0.0515625
1 0.35703125 0.7140625 0.04921875 0.059375
1 0.30234375 0.74453125 0.05078125 0.05546875
1 0.2625 0.71796875 0.05390625 0.0640625
1 0.21171875 0.740625 0.04921875 0.065625
1 0.16640625 0.7609375 0.05234375 0.06796875
1 0.10703125 0.8046875 0.059375 0.06796875
1 0.1046875 0.8703125 0.05625 0.06796875
1 0.10703125 0.93828125 0.05078125 0.071875
1 0.75 0.915625 0.04921875 0.06796875
1 0.7046875 0.8890625 0.04921875 0.04921875
1 0.65234375 0.85 0.05234375 0.0578125
1 0.59609375 0.82265625 0.059375 0.0640625
1 0.54921875 0.78984375 0.04921875 0.065625
1 0.50546875 0.75546875 0.05390625 0.0640625
1 0.45625 0.78359375 0.04921875 0.04296875
1 0.40703125 0.74921875 0.0453125 0.0640625
1 0.353125 0.78359375 0.0578125 0.0515625
1 0.29921875 0.8109375 0.03984375 0.06796875
1 0.25703125 0.77578125 0.05078125 0.059375
1 0.26015625 0.84375 0.05390625 0.0703125
1 0.2078125 0.80625 0.046875 0.0640625
1 0.1625 0.83125 0.05078125 0.0578125
1 0.2078125 0.8703125 0.0421875 0.053125
1 0.1625 0.896875 0.05625 0.078125
1 0.1046875 0.98515625 0.053125 0.0296875
1 0.503125 0.82265625 0.0453125 0.059375
1 0.40703125 0.81484375 0.05078125 0.06796875
1 0.35859375 0.84375 0.0453125 0.053125
1 0.30234375 0.87890625 0.046875 0.05546875
1 0.25859375 0.91328125 0.059375 0.05546875
1 0.21171875 0.95234375 0.04375 0.0640625
1 0.16640625 0.96796875 0.06328125 0.0640625
1 0.20703125 0.99140625 0.05078125 0.01640625
1 0.25546875 0.96875 0.059375 0.06171875
1 0.45625 0.85390625 0.046875 0.059375
1 0.55234375 0.8578125 0.05078125 0.0578125
1 0.5015625 0.89296875 0.05234375 0.078125
1 0.409375 0.88671875 0.05234375 0.065625
1 0.35703125 0.91171875 0.05390625 0.071875
1 0.30625 0.946875 0.05234375 0.07421875
1 0.3015625 0.990625 0.05078125 0.01875
1 0.40390625 0.9484375 0.04921875 0.05546875
1 0.6015625 0.88671875 0.05078125 0.065625
1 0.69921875 0.9546875 0.05625 0.065625
1 0.65234375 0.921875 0.059375 0.0515625
1 0.64765625 0.97421875 0.0578125 0.0515625
1 0.590625 0.9484375 0.05234375 0.06796875
1 0.55078125 0.928125 0.05078125 0.065625
1 0.503125 0.9546875 0.04921875 0.05546875
1 0.45390625 0.98046875 0.05390625 0.0390625
1 0.54921875 0.984375 0.04921875 0.03125
1 0.35703125 0.97421875 0.04921875 0.0515625