1 0.0734375 0.07890625 0.1453125 0.1578125
1 0.0734375 0.2609375 0.146875 0.1984375
1 0.0703125 0.47890625 0.1390625 0.1890625
1 0.071875 0.6828125 0.14375 0.22421875
1 0.08125 0.8859375 0.1625 0.178125
1 0.0609375 0.99140625 0.121875 0.01640625
1 0.2234375 0.9453125 0.1875 0.109375
1 0.2171875 0.76875 0.1484375 0.19453125
1 0.2140625 0.56875 0.171875 0.18203125
1 0.2078125 0.36171875 0.146875 0.178125
1 0.209375 0.146875 0.1640625 0.190625
1 0.3625 0.0734375 0.1515625 0.146875
1 0.371875 0.24921875 0.1625 0.19609375
1 0.36875 0.453125 0.165625 0.18359375
1 0.375 0.65703125 0.1375 0.17578125
1 0.384375 0.86796875 0.1734375 0.2
1 0.38515625 0.9765625 0.1359375 0.046875
1 0.5203125 0.1390625 0.14375 0.18359375
1 0.5109375 0.33046875 0.15 0.17578125
1 0.515625 0.56484375 0.1546875 0.2109375
1 0.51875 0.77421875 0.1609375 0.19453125
1 0.528125 0.9375 0.1609375 0.125
1 0.659375 0.0640625 0.1625 0.128125
1 0.6640625 0.22734375 0.1828125 0.20703125
1 0.66875 0.4328125 0.184375 0.2109375
1 0.6625 0.64375 0.165625 0.190625
1 0.678125 0.85703125 0.1875 0.19453125
1 0.6984375 0.98671875 0.18125 0.0265625
1 0.83046875 0.92734375 0.1390625 0.1453125
1 0.8296875 0.7375 0.15 0.190625
1 0.8328125 0.546875 0.14375 0.1671875
1 0.8375 0.3359375 0.1421875 0.178125
1 0.8171875 0.125 0.128125 0.20390625
1 0.95 0.2421875 0.1 0.17421875
1 0.9484375 0.43828125 0.103125 0.16875
1 0.9515625 0.64765625 0.096875 0.159375
1 0.9515625 0.84609375 0.096875 0.19453125
1 0.95078125 0.98046875 0.0953125 0.03828125
1 0.94375 0.0640625 0.1125 0.128125