1 0.778125 0.9640625 0.059375 0.071875
1 0.77109375 0.778125 0.06015625 0.0765625
1 0.865625 0.784375 0.06171875 0.07265625
1 0.96015625 0.78046875 0.06015625 0.0765625
1 0.98984375 0.940625 0.0203125 0.07890625
1 0.91640625 0.98515625 0.0578125 0.0296875
1 0.85703125 0.8953125 0.03984375 0.040625
1 0.8359375 0.9828125 0.05703125 0.034375
1 0.68359375 0.971875 0.04609375 0.0484375
1 0.5921875 0.96953125 0.053125 0.06015625
1 0.64296875 0.9859375 0.04140625 0.028125
1 0.73203125 0.9890625 0.0546875 0.021875
1 0.50859375 0.92578125 0.0484375 0.0546875
1 0.5515625 0.875 0.05703125 0.05859375
1 0.50546875 0.85078125 0.05 0.05625
1 0.45390625 0.81484375 0.053125 0.06640625
1 0.59453125 0.78828125 0.06015625 0.06875
1 0.4171875 0.9234375 0.04609375 0.0421875
1 0.4078125 0.9734375 0.06015625 0.05234375
1 0.4640625 0.9890625 0.06875 0.021875
1 0.3625 0.990625 0.05859375 0.01796875
1 0.278125 0.9578125 0.04609375 0.0484375
1 0.31640625 0.875 0.053125 0.05625
1 0.325 0.92734375 0.03984375 0.0484375
1 0.13984375 0.9765625 0.05703125 0.04609375
1 0.140625 0.92109375 0.0546875 0.05859375
1 0.18359375 0.87734375 0.06015625 0.07421875
1 0.0890625 0.8828125 0.06328125 0.07421875
1 0.09140625 0.8203125 0.0671875 0.06015625
1 0.09609375 0.76015625 0.05859375 0.06640625
1 0.0890625 0.6875 0.0703125 0.0828125
1 0.140625 0.85859375 0.05859375 0.0703125
1 0.37421875 0.8265625 0.06171875 0.07890625
1 0.32109375 0.7859375 0.0515625 0.0625
1 0.2265625 0.7984375 0.04609375 0.05625
1 0.18359375 0.76171875 0.06328125 0.07265625
1 0.5 0.78046875 0.05 0.0484375
1 0.32109375 0.66328125 0.0515625 0.05859375
1 0.2765625 0.69375 0.05 0.0546875
1 0.18359375 0.69921875 0.0546875 0.06015625
1 0.1875 0.63515625 0.06015625 0.06640625
1 0.1375 0.603125 0.053125 0.0703125
1 0.496875 0.721875 0.05703125 0.06875
1 0.45546875 0.6953125 0.05703125 0.0625
1 0.5484375 0.68984375 0.06328125 0.06875
1 0.59453125 0.65703125 0.06328125 0.0703125
1 0.54296875 0.61875 0.06015625 0.06640625
1 0.59140625 0.5890625 0.06015625 0.0625
1 0.5859375 0.52421875 0.05859375 0.05625
1 0.49453125 0.59296875 0.0546875 0.05859375
1 0.45390625 0.63125 0.05859375 0.0625
1 0.40859375 0.5984375 0.05703125 0.0703125
1 0.45390625 0.56015625 0.05703125 0.06640625
1 0.496875 0.51171875 0.0671875 0.07265625
1 0.40234375 0.5265625 0.053125 0.0625
1 0.4109375 0.4640625 0.065625 0.06875
1 0.40390625 0.346875 0.0515625 0.0625
1 0.1859375 0.56484375 0.05703125 0.06484375
1 0.18203125 0.5 0.06015625 0.06875
1 0.225 0.471875 0.06015625 0.07265625
1 0.17734375 0.44765625 0.04609375 0.05234375
1 0.225 0.409375 0.053125 0.05859375
1 0.17890625 0.38671875 0.05703125 0.06875
1 0.13046875 0.4109375 0.0515625 0.07265625
1 0.64296875 0.68984375 0.053125 0.05625
1 0.640625 0.62265625 0.05703125 0.0703125
1 0.68359375 0.59453125 0.06328125 0.07265625
1 0.725 0.55859375 0.05859375 0.06484375
1 0.6859375 0.5359375 0.04609375 0.05625
1 0.6390625 0.5 0.06328125 0.06640625
1 0.7234375 0.4921875 0.06015625 0.06875
1 0.9875 0.74140625 0.025 0.0734375
1 0.99140625 0.6796875 0.0171875 0.06484375
1 0.915625 0.75 0.053125 0.06640625
1 0.91953125 0.68515625 0.053125 0.0625
1 0.95859375 0.65703125 0.053125 0.06875
1 0.98984375 0.61171875 0.0203125 0.07421875
1 0.9515625 0.58046875 0.053125 0.06484375
1 0.87109375 0.71171875 0.04609375 0.06015625
1 0.81796875 0.69375 0.05703125 0.0703125
1 0.87265625 0.64921875 0.06328125 0.06484375
1 0.73203125 0.6875 0.04609375 0.05859375
1 0.775 0.65703125 0.04609375 0.05859375
1 0.7765625 0.59453125 0.05703125 0.06875
1 0.82109375 0.55859375 0.0546875 0.06484375
1 0.775 0.5265625 0.0546875 0.06484375
1 0.76953125 0.46171875 0.053125 0.06640625
1 0.725 0.42734375 0.0546875 0.06640625
1 0.9625 0.521875 0.05 0.0546875
1 0.9109375 0.48828125 0.0484375 0.06015625
1 0.99453125 0.4859375 0.01015625 0.06484375
1 0.9625 0.45390625 0.06171875 0.07265625
1 0.9109375 0.42734375 0.053125 0.07265625
1 0.1203125 0.3390625 0.0515625 0.0703125
1 0.175 0.3203125 0.053125 0.06640625
1 0.21484375 0.2984375 0.04609375 0.0546875
1 0.12578125 0.284375 0.053125 0.0703125
1 0.17890625 0.25625 0.0546875 0.0703125
1 0.2265625 0.2234375 0.0546875 0.05859375
1 0.175 0.19140625 0.0546875 0.07265625
1 0.12578125 0.2234375 0.05 0.06015625
1 0.07734375 0.12890625 0.0546875 0.07265625
1 0.221875 0.159375 0.0515625 0.07265625
1 0.2734375 0.12109375 0.05859375 0.0828125
1 0.2203125 0.09453125 0.05859375 0.07265625
1 0.1734375 0.12265625 0.053125 0.0625
1 0.12890625 0.09453125 0.0484375 0.0703125
1 0.16328125 0.05078125 0.0515625 0.06484375
1 0.21640625 0.0375 0.065625 0.07421875
1 0.13046875 0.034375 0.0515625 0.05078125
1 0.07734375 0.01796875 0.0515625 0.0359375
1 0.30546875 0.03203125 0.05 0.05625
1 0.81796875 0.37265625 0.06171875 0.06484375
1 0.8109375 0.30625 0.06328125 0.0625
1 0.89140625 0.334375 0.04140625 0.03828125
1 0.90546875 0.3046875 0.04453125 0.0546875
1 0.8625 0.27421875 0.05859375 0.07265625
1 0.984375 0.30234375 0.03125 0.06875
1 0.9484375 0.2765625 0.05 0.0546875
1 0.90546875 0.24609375 0.0484375 0.05234375
1 0.946875 0.0234375 0.06171875 0.04609375
1 0.95 0.07421875 0.053125 0.06640625
1 0.95 0.14140625 0.06015625 0.0703125
1 0.95859375 0.2078125 0.053125 0.06875
1 0.9 0.17578125 0.06171875 0.07890625
1 0.85390625 0.21171875 0.0546875 0.06484375
1 0.85078125 0.14140625 0.053125 0.06484375
1 0.8984375 0.05078125 0.0546875 0.07421875
1 0.85390625 0.02734375 0.0515625 0.0546875
1 0.809375 0.05234375 0.05703125 0.0625
1 0.396875 0.0296875 0.05625 0.059375
1 0.5875 0.41328125 0.04296875 0.05859375
1 0.49453125 0.40703125 0.0515625 0.05859375
1 0.54140625 0.37890625 0.0546875 0.06640625
1 0.54140625 0.31015625 0.05703125 0.06875
1 0.54140625 0.24609375 0.05859375 0.05859375
1 0.76796875 0.2140625 0.05703125 0.06875
1 0.71484375 0.23984375 0.05859375 0.06484375
1 0.6375 0.25 0.06328125 0.05859375
1 0.675 0.215625 0.0484375 0.05625
1 0.71484375 0.17734375 0.05703125 0.0546875
1 0.68203125 0.146875 0.04609375 0.05859375
1 0.634375 0.18359375 0.05859375 0.0625
1 0.5890625 0.2140625 0.0484375 0.04609375
1 0.6375 0.11875 0.053125 0.0546875
1 0.68046875 0.084375 0.053125 0.0625
1 0.7203125 0.04453125 0.06171875 0.0546875
1 0.359375 0.19765625 0.04609375 0.0625
1 0.35703125 0.12890625 0.053125 0.06875
1 0.40390625 0.228125 0.04296875 0.05234375
1 0.40546875 0.15703125 0.04140625 0.08046875
1 0.4453125 0.19375 0.0484375 0.05859375
1 0.44296875 0.12890625 0.04609375 0.06875
1 0.4859375 0.1515625 0.0515625 0.05625
1 0.534375 0.12109375 0.0546875 0.06875
1 0.5859375 0.0890625 0.05703125 0.05859375
1 0.5359375 0.05859375 0.053125 0.05859375
1 0.48828125 0.0828125 0.05703125 0.06640625
1 0.5875 0.03125 0.06171875 0.0625
1 0.48984375 0.028125 0.065625 0.05625
1 0.53671875 0.0125 0.0671875 0.025
1 0.71875 0.01328125 0.06015625 0.0265625
1 0.6296875 0.01328125 0.06015625 0.0265625