1 0.0171875 0.0546875 0.034375 0.05859375
1 0.0125 0.01484375 0.025 0.02734375
1 0.053125 0.0328125 0.05 0.0546875
1 0.140625 0.04765625 0.0578125 0.06953125
1 0.0921875 0.01484375 0.0484375 0.02734375
1 0.26875 0.0515625 0.046875 0.0625
1 0.315625 0.040625 0.046875 0.05859375
1 0.221875 0.0296875 0.0453125 0.04921875
1 0.271875 0.0109375 0.0671875 0.0203125
1 0.3546875 0.01484375 0.053125 0.02734375
1 0.4015625 0.03828125 0.0625 0.06640625
1 0.453125 0.04375 0.053125 0.0640625
1 0.5328125 0.03828125 0.0484375 0.05703125
1 0.4875 0.02578125 0.0484375 0.0515625
1 0.4453125 0.0109375 0.046875 0.0203125
1 0.621875 0.04375 0.040625 0.0625
1 0.5765625 0.02578125 0.0453125 0.04921875
1 0.6703125 0.02421875 0.05 0.04609375
1 0.7125 0.03515625 0.0453125 0.0609375
1 0.753125 0.0203125 0.0484375 0.040625
1 0.8 0.02734375 0.046875 0.0546875
1 0.0515625 0.146875 0.046875 0.05703125
1 0.015625 0.11953125 0.03125 0.05859375
1 0.0171875 0.1796875 0.034375 0.05859375
1 0.096875 0.17578125 0.05625 0.071875
1 0.89375 0.0296875 0.0484375 0.05703125
1 0.846875 0.0203125 0.0484375 0.040625
1 0.978125 0.0328125 0.0421875 0.0515625
1 0.934375 0.01796875 0.046875 0.0359375
1 0.803125 0.0953125 0.046875 0.053125
1 0.8890625 0.0953125 0.04375 0.04765625
1 0.8859375 0.15234375 0.053125 0.053125
1 0.934375 0.12265625 0.0421875 0.0609375
1 0.9765625 0.08984375 0.046875 0.053125
1 0.890625 0.21484375 0.0546875 0.0640625
1 0.975 0.1484375 0.0484375 0.0625
1 0.84375 0.11953125 0.0453125 0.05703125
1 0.7109375 0.103125 0.053125 0.05859375
1 0.6640625 0.1375 0.0453125 0.0546875
1 0.7546875 0.1265625 0.0546875 0.05703125
1 0.7078125 0.159375 0.0484375 0.05703125
1 0.7578125 0.190625 0.0609375 0.06953125
1 0.803125 0.21640625 0.0484375 0.05703125
1 0.846875 0.18203125 0.05625 0.0609375
1 0.8015625 0.1578125 0.0515625 0.0609375
1 0.8453125 0.24609375 0.0609375 0.0625
1 0.66875 0.1984375 0.053125 0.053125
1 0.7109375 0.221875 0.0484375 0.0546875
1 0.759375 0.253125 0.05 0.0609375
1 0.8015625 0.2859375 0.0421875 0.0609375
1 0.890625 0.2734375 0.04375 0.04921875
1 0.9765625 0.20703125 0.0453125 0.0515625
1 0.9359375 0.24375 0.046875 0.05859375
1 0.7578125 0.3140625 0.0421875 0.04609375
1 0.66875 0.25859375 0.0453125 0.06796875
1 0.6265625 0.28828125 0.0484375 0.06640625
1 0.6265625 0.221875 0.0453125 0.05703125
1 0.58125 0.190625 0.05 0.05703125
1 0.7140625 0.2828125 0.04375 0.0609375
1 0.85 0.31171875 0.046875 0.06640625
1 0.8890625 0.33046875 0.046875 0.0625
1 0.9390625 0.30078125 0.05625 0.0546875
1 0.9796875 0.26953125 0.040625 0.0734375
1 0.98125 0.33203125 0.0375 0.0515625
1 0.940625 0.36171875 0.0484375 0.0625
1 0.8 0.39609375 0.0421875 0.053125
1 0.8453125 0.421875 0.05 0.05859375
1 0.890625 0.39296875 0.0515625 0.06796875
1 0.89375 0.453125 0.0453125 0.0546875
1 0.940625 0.4203125 0.046875 0.05859375
1 0.940625 0.4828125 0.04375 0.05703125
1 0.8015625 0.5140625 0.0515625 0.0640625
1 0.85 0.546875 0.0515625 0.0546875
1 0.8484375 0.4828125 0.053125 0.05703125
1 0.89375 0.51953125 0.046875 0.06953125
1 0.85 0.60390625 0.0484375 0.0515625
1 0.8921875 0.63125 0.053125 0.06796875
1 0.7609375 0.6125 0.053125 0.05703125
1 0.7609375 0.66640625 0.05625 0.05703125
1 0.8078125 0.6828125 0.0546875 0.0625
1 0.8578125 0.715625 0.0578125 0.0609375
1 0.94375 0.71953125 0.0484375 0.053125
1 0.9796875 0.68984375 0.03125 0.04375
1 0.940625 0.5984375 0.046875 0.06640625
1 0.98125 0.5671875 0.0359375 0.0515625
1 0.9390625 0.5390625 0.0484375 0.0546875
1 0.9796875 0.50625 0.0390625 0.0515625
1 0.98125 0.4515625 0.0359375 0.04609375
1 0.9796875 0.390625 0.0390625 0.0609375
1 0.94375 0.6609375 0.0453125 0.04765625
1 0.9796875 0.63125 0.0390625 0.05859375
1 0.903125 0.746875 0.046875 0.0625
1 0.94375 0.8296875 0.046875 0.05703125
1 0.98125 0.8609375 0.0359375 0.0515625
1 0.8984375 0.86640625 0.04375 0.05859375
1 0.94375 0.88984375 0.04375 0.0546875
1 0.98125 0.925 0.0359375 0.05859375
1 0.9421875 0.95078125 0.0453125 0.0546875
1 0.9421875 0.98984375 0.053125 0.0203125
1 0.97890625 0.97890625 0.0390625 0.0421875
1 0.1421875 0.15234375 0.046875 0.04375
1 0.140625 0.20546875 0.05 0.05703125
1 0.1890625 0.17421875 0.0546875 0.06640625
1 0.14375 0.26953125 0.05625 0.0609375
1 0.053125 0.26953125 0.05625 0.05859375
1 0.096875 0.240625 0.0484375 0.0640625
1 0.015625 0.30078125 0.03125 0.071875
1 0.0171875 0.359375 0.0328125 0.0625
1 0.053125 0.328125 0.0546875 0.0640625
1 0.1 0.35390625 0.053125 0.0625
1 0.0546875 0.38203125 0.046875 0.0546875
1 0.05625 0.44921875 0.0484375 0.05859375
1 0.015625 0.4203125 0.03125 0.05859375
1 0.0140625 0.484375 0.028125 0.04609375
1 0.01875 0.5375 0.0375 0.0515625
1 0.0203125 0.59453125 0.0390625 0.053125
1 0.01875 0.653125 0.0375 0.05703125
1 0.021875 0.7140625 0.04375 0.06796875
1 0.0234375 0.77578125 0.0453125 0.06640625
1 0.021875 0.8953125 0.0421875 0.05703125
1 0.021875 0.9578125 0.0421875 0.04921875
1 0.02109375 0.99375 0.0421875 0.0125
1 0.065625 0.9265625 0.046875 0.05859375
1 0.0640625 0.86640625 0.0546875 0.05703125
1 0.065625 0.80546875 0.0546875 0.0546875
1 0.0625 0.74140625 0.05 0.05859375
1 0.0625 0.68046875 0.05 0.05859375
1 0.0609375 0.62578125 0.0484375 0.0515625
1 0.05625 0.5671875 0.0484375 0.05859375
1 0.05625 0.50625 0.0484375 0.05703125
1 0.1015625 0.4203125 0.053125 0.06640625
1 0.1 0.48046875 0.0359375 0.0421875
1 0.0984375 0.5359375 0.05 0.071875
1 0.1046875 0.59609375 0.0515625 0.0546875
1 0.1078125 0.64921875 0.0453125 0.0515625
1 0.1078125 0.71171875 0.046875 0.0609375
1 0.109375 0.76875 0.046875 0.0625
1 0.1109375 0.83125 0.05625 0.0625
1 0.1109375 0.8953125 0.04375 0.0546875
1 0.10625 0.95234375 0.0484375 0.0640625
1 0.10859375 0.99140625 0.0421875 0.01640625
1 0.14921875 0.97890625 0.0484375 0.0421875
1 0.1546875 0.92109375 0.0390625 0.053125
1 0.1515625 0.85859375 0.0453125 0.05859375
1 0.15 0.7984375 0.0359375 0.04921875
1 0.153125 0.7359375 0.0421875 0.0609375
1 0.15 0.675 0.0390625 0.0546875
1 0.15 0.609375 0.040625 0.06640625
1 0.1484375 0.56484375 0.046875 0.0515625
1 0.14375 0.51015625 0.0484375 0.05859375
1 0.146875 0.44921875 0.046875 0.0609375
1 0.1453125 0.38515625 0.0453125 0.05703125
1 0.14375 0.328125 0.04375 0.0546875
1 0.1921875 0.29375 0.040625 0.0625
1 0.190625 0.2328125 0.04375 0.0515625
1 0.1859375 0.3484375 0.03125 0.03671875
1 0.190625 0.40546875 0.046875 0.0609375
1 0.184375 0.46640625 0.04375 0.04765625
1 0.190625 0.53359375 0.05 0.0640625
1 0.1890625 0.5890625 0.0390625 0.04921875
1 0.190625 0.640625 0.05 0.05703125
1 0.1921875 0.703125 0.046875 0.05859375
1 0.1921875 0.76328125 0.0453125 0.06640625
1 0.19375 0.83125 0.0546875 0.0625
1 0.19375 0.946875 0.0484375 0.05703125
1 0.225 0.1375 0.0546875 0.0640625
1 0.26875 0.17265625 0.059375 0.0640625
1 0.271875 0.23125 0.0578125 0.0546875
1 0.2328125 0.25859375 0.0515625 0.0625
1 0.271875 0.28828125 0.05 0.0640625
1 0.234375 0.38203125 0.0515625 0.06796875
1 0.2734375 0.35234375 0.053125 0.0609375
1 0.2765625 0.4125 0.04375 0.0546875
1 0.2359375 0.49921875 0.0546875 0.0625
1 0.2796875 0.46953125 0.0546875 0.05859375
1 0.234375 0.55390625 0.053125 0.0609375
1 0.234375 0.61640625 0.0484375 0.05703125
1 0.2375 0.67734375 0.04375 0.0515625
1 0.234375 0.7265625 0.04375 0.04609375
1 0.234375 0.8015625 0.040625 0.0640625
1 0.234375 0.8625 0.04375 0.05703125
1 0.2375 0.92109375 0.0484375 0.0609375
1 0.2375 0.975 0.04375 0.04921875
1 0.2828125 0.53203125 0.0453125 0.05703125
1 0.284375 0.5890625 0.053125 0.05703125
1 0.0953125 0.0609375 0.03125 0.040625
1 0.1796875 0.0125 0.040625 0.025
1 0.446875 0.10625 0.0421875 0.0546875
1 0.3140625 0.1375 0.040625 0.04765625
1 0.359375 0.16328125 0.0546875 0.05859375
1 0.40625 0.13203125 0.046875 0.0546875
1 0.4953125 0.1390625 0.0484375 0.05703125
1 0.5328125 0.10625 0.0390625 0.04765625
1 0.58125 0.13203125 0.0484375 0.053125
1 0.628125 0.16484375 0.0390625 0.04765625
1 0.315625 0.2015625 0.046875 0.04921875
1 0.359375 0.22421875 0.05 0.0515625
1 0.40625 0.19453125 0.0484375 0.0546875
1 0.446875 0.178125 0.0421875 0.053125
1 0.321875 0.25859375 0.046875 0.05703125
1 0.3625 0.28828125 0.0453125 0.04765625
1 0.31875 0.32109375 0.05 0.0546875
1 0.3203125 0.3796875 0.0484375 0.05859375
1 0.3609375 0.35234375 0.04375 0.0546875
1 0.40625 0.25859375 0.034375 0.03671875
1 0.4109375 0.3140625 0.0421875 0.04921875
1 0.4484375 0.284375 0.0453125 0.053125
1 0.4953125 0.24921875 0.04375 0.0515625
1 0.5359375 0.16171875 0.0421875 0.0625
1 0.5359375 0.21640625 0.046875 0.04921875
1 0.5328125 0.27734375 0.05 0.0640625
1 0.578125 0.2546875 0.0515625 0.0625
1 0.4953125 0.3171875 0.0421875 0.053125
1 0.5375 0.3453125 0.0421875 0.0515625
1 0.7171875 0.39453125 0.0296875 0.03828125
1 0.4125 0.38203125 0.0421875 0.0625
1 0.496875 0.37578125 0.0484375 0.0609375
1 0.5328125 0.40390625 0.040625 0.04921875
1 0.5890625 0.4296875 0.0390625 0.04921875
1 0.6296875 0.4546875 0.0484375 0.0546875
1 0.675 0.4328125 0.0484375 0.05703125
1 0.4515625 0.409375 0.0515625 0.05703125
1 0.3234375 0.43515625 0.0484375 0.0625
1 0.3625 0.41484375 0.0453125 0.04921875
1 0.3625 0.4734375 0.0546875 0.0625
1 0.3203125 0.51015625 0.0421875 0.053125
1 0.3640625 0.5265625 0.0484375 0.0625
1 0.3265625 0.56171875 0.0453125 0.04921875
1 0.496875 0.43515625 0.046875 0.053125
1 0.540625 0.4640625 0.0546875 0.06640625
1 0.4171875 0.4515625 0.0421875 0.053125
1 0.4578125 0.4734375 0.05 0.053125
1 0.496875 0.496875 0.0375 0.04609375
1 0.3640625 0.58203125 0.040625 0.04765625
1 0.3296875 0.6203125 0.046875 0.04609375
1 0.28125 0.64609375 0.0421875 0.04921875
1 0.4125 0.49921875 0.0484375 0.04921875
1 0.4515625 0.53046875 0.0359375 0.0515625
1 0.415625 0.5578125 0.0484375 0.06640625
1 0.5390625 0.5265625 0.0453125 0.0546875
1 0.5875 0.48828125 0.0421875 0.0546875
1 0.6296875 0.525 0.0453125 0.06640625
1 0.6796875 0.4953125 0.0484375 0.05859375
1 0.6765625 0.55390625 0.0484375 0.05703125
1 0.678125 0.61484375 0.0390625 0.0609375
1 0.49375 0.559375 0.05 0.0625
1 0.5359375 0.58515625 0.0453125 0.05703125
1 0.5859375 0.546875 0.0421875 0.0546875
1 0.5875 0.61640625 0.0296875 0.0421875
1 0.6328125 0.63671875 0.0484375 0.0640625
1 0.41875 0.62421875 0.0453125 0.04921875
1 0.3671875 0.64765625 0.04375 0.04921875
1 0.2796875 0.69921875 0.0484375 0.0515625
1 0.278125 0.759375 0.046875 0.0546875
1 0.278125 0.81484375 0.04375 0.0515625
1 0.325 0.7359375 0.0375 0.04921875
1 0.365625 0.70625 0.0515625 0.0546875
1 0.45625 0.64921875 0.0359375 0.04921875
1 0.4171875 0.675 0.046875 0.0640625
1 0.415625 0.7390625 0.05 0.0515625
1 0.4578125 0.70859375 0.0375 0.0421875
1 0.5 0.61640625 0.0390625 0.0515625
1 0.540625 0.6421875 0.0453125 0.053125
1 0.5 0.67890625 0.046875 0.053125
1 0.5390625 0.703125 0.03125 0.040625
1 0.5875 0.66953125 0.0421875 0.0515625
1 0.803125 0.63515625 0.0359375 0.04609375
1 0.6328125 0.6953125 0.04375 0.053125
1 0.68125 0.72265625 0.0453125 0.04921875
1 0.7171875 0.69921875 0.0484375 0.05703125
1 0.7625 0.71953125 0.04375 0.05859375
1 0.803125 0.7375 0.046875 0.0609375
1 0.85625 0.77578125 0.053125 0.0609375
1 0.8578125 0.83515625 0.05 0.0609375
1 0.85625 0.8953125 0.0453125 0.0640625
1 0.28125 0.875 0.04375 0.0609375
1 0.321875 0.8515625 0.04375 0.04375
1 0.36875 0.81640625 0.046875 0.0515625
1 0.41875 0.79296875 0.053125 0.05703125
1 0.4609375 0.76328125 0.04375 0.05859375
1 0.5 0.73203125 0.0484375 0.05703125
1 0.54375 0.7578125 0.04375 0.03828125
1 0.5875 0.7265625 0.040625 0.05703125
1 0.6359375 0.7578125 0.0515625 0.04609375
1 0.684375 0.78203125 0.0359375 0.0609375
1 0.721875 0.75078125 0.0453125 0.053125
1 0.71875 0.8109375 0.0484375 0.0625
1 0.765625 0.778125 0.0421875 0.05703125
1 0.80625 0.8 0.0453125 0.0515625
1 0.765625 0.83515625 0.0375 0.04765625
1 0.80625 0.85859375 0.05 0.06953125
1 0.859375 0.95625 0.0484375 0.0609375
1 0.89765625 0.97890625 0.0421875 0.0421875
1 0.859375 0.99140625 0.05 0.01640625
1 0.5015625 0.79296875 0.040625 0.053125
1 0.5875 0.78515625 0.0453125 0.0609375
1 0.63125 0.8109375 0.040625 0.04765625
1 0.68125 0.8421875 0.0421875 0.04921875
1 0.7203125 0.8734375 0.053125 0.04921875
1 0.7625 0.90859375 0.0390625 0.05703125
1 0.803125 0.925 0.05625 0.0625
1 0.80703125 0.9765625 0.0484375 0.046875
1 0.72265625 0.98203125 0.0484375 0.0359375
1 0.7671875 0.96328125 0.0453125 0.053125
1 0.7234375 0.928125 0.053125 0.0640625
1 0.54375 0.8203125 0.0421875 0.053125
1 0.4578125 0.82421875 0.0453125 0.0515625
1 0.503125 0.8546875 0.046875 0.06953125
1 0.5859375 0.84921875 0.046875 0.05859375
1 0.6328125 0.871875 0.0484375 0.0640625
1 0.678125 0.903125 0.046875 0.06640625
1 0.6828125 0.96484375 0.0453125 0.0609375
1 0.6359375 0.98046875 0.040625 0.03828125
1 0.590625 0.9046875 0.04375 0.04921875
1 0.4140625 0.84921875 0.0453125 0.05859375
1 0.284375 0.9859375 0.04375 0.02734375
1 0.3265625 0.91015625 0.05 0.05859375
1 0.32734375 0.96953125 0.0578125 0.0609375
1 0.36875 0.88046875 0.053125 0.04609375
1 0.3734375 0.9375 0.0515625 0.0640625
1 0.4234375 0.9046875 0.046875 0.0609375
1 0.459375 0.8859375 0.0453125 0.05859375
1 0.5015625 0.91015625 0.04375 0.04921875
1 0.546875 0.9453125 0.0484375 0.05859375
1 0.53984375 0.9859375 0.0421875 0.02734375
1 0.5890625 0.9953125 0.040625 0.009375
1 0.4609375 0.9484375 0.04375 0.0515625
1 0.4203125 0.96875 0.0453125 0.0546875
1 0.37109375 0.9875 0.0421875 0.025
1 0.45859375 0.98984375 0.0421875 0.0203125
1 0.6328125 0.93359375 0.04375 0.05703125