1 0.0359375 0.1765625 0.071875 0.23125
1 0.0296875 0.409375 0.059375 0.21640625
1 0.03046875 0.65703125 0.0609375 0.2546875
1 0.03125 0.8859375 0.0625 0.228125
1 0.16328125 0.7578125 0.2140625 0.2359375
1 0.16171875 0.51328125 0.1859375 0.2078125
1 0.15390625 0.2921875 0.19140625 0.1984375
1 0.15078125 0.0765625 0.1859375 0.153125
1 0.340625 0.02890625 0.1625 0.0578125
1 0.34375 0.1546875 0.15625 0.209375
1 0.33671875 0.384375 0.196875 0.22265625
1 0.3234375 0.63125 0.1953125 0.2640625
1 0.34765625 0.8796875 0.16171875 0.203125
1 0.515625 0.07734375 0.21015625 0.1546875
1 0.5078125 0.253125 0.18984375 0.22890625
1 0.5109375 0.50234375 0.1953125 0.23828125
1 0.5203125 0.7359375 0.20078125 0.25546875
1 0.69140625 0.12890625 0.1859375 0.22265625
1 0.69921875 0.36015625 0.18046875 0.2359375
1 0.7046875 0.6265625 0.1875 0.2359375
1 0.71015625 0.87421875 0.1859375 0.25078125
1 0.5203125 0.928125 0.18984375 0.14375
1 0.8828125 0.73125 0.19140625 0.2578125
1 0.88359375 0.93203125 0.1953125 0.13515625
1 0.8828125 0.4609375 0.2078125 0.23359375
1 0.87578125 0.23359375 0.18046875 0.175
1 0.87109375 0.06875 0.19140625 0.1375
1 0.98046875 0.109375 0.0390625 0.2140625
1 0.16015625 0.94296875 0.19296875 0.11328125