1 0.91875 0.06640625 0.1625 0.1328125
1 0.90546875 0.25078125 0.16953125 0.196875
1 0.9015625 0.49375 0.19609375 0.26328125
1 0.90390625 0.75859375 0.1921875 0.2109375
1 0.91171875 0.9453125 0.1765625 0.10859375
1 0.75859375 0.89140625 0.2140625 0.2171875
1 0.7390625 0.62578125 0.20390625 0.209375
1 0.73359375 0.37890625 0.1640625 0.2109375
1 0.72890625 0.13359375 0.17890625 0.20078125
1 0.74140625 0.009375 0.2109375 0.01875
1 0.5484375 0.06640625 0.175 0.1328125
1 0.5640625 0.25546875 0.225 0.23046875
1 0.5484375 0.49375 0.18203125 0.22421875
1 0.54453125 0.74296875 0.1875 0.2109375
1 0.5453125 0.9234375 0.21953125 0.15234375
1 0.34296875 0.8703125 0.19609375 0.19453125
1 0.35 0.62578125 0.1875 0.23671875
1 0.3515625 0.3703125 0.175 0.23828125
1 0.3640625 0.11953125 0.1765625 0.2109375
1 0.1875 0.06171875 0.225 0.1234375
1 0.17109375 0.24921875 0.18046875 0.1984375
1 0.16796875 0.47890625 0.19140625 0.246875
1 0.15703125 0.74296875 0.20703125 0.23828125
1 0.153125 0.93125 0.203125 0.1375
1 0.03515625 0.87890625 0.06953125 0.2171875
1 0.04453125 0.6328125 0.0890625 0.23671875
1 0.04375 0.3765625 0.0875 0.25546875
1 0.04453125 0.13828125 0.0890625 0.23828125