1 0.128125 0.025 0.115625 0.05
1 0.94609375 0.6375 0.08203125 0.11328125
1 0.98671875 0.59296875 0.02578125 0.10703125
1 0.984375 0.48046875 0.03125 0.11328125
1 0.86796875 0.4890625 0.109375 0.11328125
1 0.95 0.43203125 0.09140625 0.11796875
1 0.98359375 0.16484375 0.0328125 0.1234375
1 0.93515625 0.0328125 0.12265625 0.065625
1 0.88671875 0.38671875 0.10390625 0.10703125
1 0.5875 0.49375 0.10234375 0.11171875
1 0.7953125 0.43203125 0.0875 0.10234375
1 0.7953125 0.334375 0.10234375 0.1046875
1 0.88125 0.2921875 0.0890625 0.09375
1 0.940625 0.13125 0.10234375 0.12265625
1 0.8609375 0.17890625 0.1 0.1265625
1 0.78359375 0.03515625 0.08359375 0.06953125
1 0.8515625 0.0609375 0.08359375 0.1046875
1 0.78046875 0.115625 0.0671875 0.0875
1 0.7828125 0.225 0.08515625 0.10703125
1 0.7171875 0.28359375 0.0703125 0.09375
1 0.7078125 0.07421875 0.10625 0.10078125
1 0.71171875 0.18359375 0.09453125 0.10234375
1 0.28828125 0.28828125 0.1 0.10703125
1 0.275 0.08046875 0.09296875 0.1328125
1 0.42734375 0.290625 0.096875 0.11328125
1 0.5078125 0.33828125 0.09296875 0.13515625
1 0.3546875 0.44140625 0.11171875 0.1375
1 0.42734375 0.09140625 0.096875 0.115625
1 0.56875 0.09140625 0.0875 0.11328125
1 0.64609375 0.040625 0.08359375 0.08046875
1 0.646875 0.2421875 0.08203125 0.09375
1 0.65078125 0.43046875 0.0875 0.0984375
1 0.5765625 0.18984375 0.08203125 0.0765625
1 0.5 0.22890625 0.08359375 0.0875
1 0.4984375 0.13984375 0.0671875 0.10078125
1 0.57421875 0.290625 0.07265625 0.11171875
1 0.57421875 0.390625 0.06875 0.08984375
1 0.6453125 0.334375 0.0765625 0.1046875
1 0.628125 0.13515625 0.08515625 0.0984375
1 0.3546875 0.04375 0.0890625 0.0875
1 0.3546875 0.14609375 0.08203125 0.109375
1 0.27890625 0.18984375 0.09296875 0.11171875
1 0.4234375 0.1875 0.0765625 0.10078125
1 0.9421875 0.93046875 0.11328125 0.11796875
1 0.87578125 0.78828125 0.09453125 0.10703125
1 0.80703125 0.73984375 0.10234375 0.1265625
1 0.72109375 0.67890625 0.09140625 0.1328125
1 0.73203125 0.975 0.11171875 0.05
1 0.72890625 0.90625 0.0984375 0.0984375
1 0.72109375 0.80546875 0.096875 0.09609375
1 0.50390625 0.85390625 0.0796875 0.10234375
1 0.51875 0.95390625 0.0671875 0.0828125
1 0.640625 0.96953125 0.0875 0.0609375
1 0.64140625 0.86875 0.0875 0.10234375
1 0.49609375 0.63515625 0.0765625 0.12421875
1 0.56875 0.6921875 0.0875 0.10234375
1 0.5703125 0.8015625 0.09296875 0.109375
1 0.64296875 0.74921875 0.0703125 0.09375
1 0.5765625 0.90390625 0.06328125 0.0984375
1 0.43828125 0.79453125 0.10234375 0.11796875
1 0.3515625 0.75546875 0.0875 0.10078125
1 0.35703125 0.8625 0.10625 0.10703125
1 0.37578125 0.9609375 0.09140625 0.07421875
1 0.2109375 0.95 0.128125 0.1
1 0.2765625 0.70546875 0.09453125 0.11328125
1 0.2078125 0.76015625 0.096875 0.11328125
1 0.1265625 0.6984375 0.09140625 0.115625
1 0.35859375 0.565625 0.09296875 0.10234375
1 0.27890625 0.59609375 0.0796875 0.09140625
1 0.20625 0.55 0.1 0.10703125
1 0.20625 0.4390625 0.0875 0.0984375
1 0.13203125 0.2859375 0.11328125 0.109375
1 0.1375 0.40390625 0.08515625 0.09609375
1 0.128125 0.515625 0.1 0.109375
1 0.0578125 0.4609375 0.0875 0.0984375
1 0.059375 0.3578125 0.096875 0.12421875
1 0.01328125 0.3984375 0.02578125 0.12421875
1 0.0125 0.51796875 0.025 0.0796875
1 0.05 0.246875 0.09140625 0.10234375
1 0.04921875 0.1484375 0.0984375 0.11328125
1 0.05390625 0.0453125 0.0921875 0.090625
1 0.009375 0.10234375 0.01875 0.109375
1 0.5765625 0.01328125 0.08203125 0.0265625
1 0.89140625 0.00703125 0.0265625 0.0140625
1 0.059375 0.75546875 0.07421875 0.0875
1 0.02421875 0.821875 0.0484375 0.0984375
1 0.02421875 0.971875 0.0453125 0.05625
1 0.1390625 0.975 0.1078125 0.05