1 0.2703125 0.01015625 0.115625 0.0203125
1 0.471875 0.0125 0.1265625 0.025
1 0.37734375 0.04609375 0.1046875 0.0921875
1 0.0578125 0.0234375 0.115625 0.04453125
1 0.1640625 0.0546875 0.1125 0.109375
1 0.0546875 0.11796875 0.1078125 0.1515625
1 0.0546875 0.27578125 0.1078125 0.17265625
1 0.1640625 0.36015625 0.1171875 0.1828125
1 0.26875 0.09296875 0.1265625 0.175
1 0.38125 0.17890625 0.1171875 0.175
1 0.2703125 0.25234375 0.115625 0.17890625
1 0.278125 0.41875 0.1140625 0.1765625
1 0.371875 0.33671875 0.109375 0.17265625
1 0.0625 0.43359375 0.1234375 0.18984375
1 0.1703125 0.51171875 0.125 0.175
1 0.484375 0.10078125 0.125 0.18125
1 0.590625 0.0484375 0.1125 0.09453125
1 0.6953125 0.0796875 0.1109375 0.1578125
1 0.80625 0.04609375 0.13125 0.090625
1 0.9015625 0.078125 0.115625 0.15390625
1 0.90625 0.23359375 0.1359375 0.18515625
1 0.7921875 0.1640625 0.128125 0.1765625
1 0.484375 0.24453125 0.1203125 0.17265625
1 0.5921875 0.16015625 0.1078125 0.15546875
1 0.7 0.23359375 0.1171875 0.17890625
1 0.5859375 0.32421875 0.1140625 0.20625
1 0.478125 0.41875 0.1203125 0.175
1 0.7 0.4171875 0.121875 0.1703125
1 0.7953125 0.31796875 0.1078125 0.14921875
1 0.903125 0.4 0.128125 0.175
1 0.7984375 0.48203125 0.1203125 0.1875
1 0.378125 0.49296875 0.11875 0.16015625
1 0.0625 0.59609375 0.1234375 0.1578125
1 0.2796875 0.57890625 0.121875 0.15390625
1 0.484375 0.57265625 0.1296875 0.14765625
1 0.5921875 0.50703125 0.121875 0.15546875
1 0.6875 0.57265625 0.128125 0.18515625
1 0.8015625 0.63828125 0.1140625 0.15390625
1 0.9140625 0.56015625 0.1171875 0.1578125
1 0.3859375 0.65703125 0.1515625 0.16640625
1 0.159375 0.65703125 0.121875 0.17890625
1 0.0625 0.75546875 0.125 0.18125
1 0.065625 0.915625 0.13125 0.16640625
1 0.17890625 0.9484375 0.1109375 0.103125
1 0.1765625 0.82734375 0.125 0.15390625
1 0.27265625 0.90859375 0.1359375 0.1828125
1 0.2734375 0.7390625 0.1234375 0.14921875
1 0.39296875 0.94609375 0.1265625 0.10703125
1 0.3875 0.81875 0.1140625 0.16640625
1 0.4890625 0.9015625 0.10625 0.196875
1 0.4859375 0.734375 0.0984375 0.1703125
1 0.59453125 0.95859375 0.1171875 0.08203125
1 0.5953125 0.83125 0.109375 0.1828125
1 0.7015625 0.89453125 0.1265625 0.18984375
1 0.5921875 0.65859375 0.1015625 0.16171875
1 0.7015625 0.7328125 0.121875 0.1640625
1 0.80625 0.81015625 0.109375 0.1828125
1 0.9140625 0.88828125 0.10625 0.1640625
1 0.9078125 0.7140625 0.10625 0.18125
1 0.978125 0.93671875 0.0421875 0.121875
1 0.9796875 0.8 0.040625 0.16015625
1 0.9796875 0.63984375 0.0390625 0.16640625
1 0.984375 0.478125 0.03125 0.1640625
1 0.9796875 0.3203125 0.0390625 0.1703125
1 0.975 0.03984375 0.0484375 0.078125
1 0.9765625 0.14921875 0.046875 0.16875