1 0.41328125 0.26484375 0.1578125 0.18515625
1 0.20078125 0.24921875 0.109375 0.15390625
1 0.0765625 0.35234375 0.13984375 0.18671875
1 0.08359375 0.059375 0.11484375 0.11875
1 0.29921875 0.0625 0.1328125 0.12421875
1 0.51484375 0.165625 0.1078125 0.14765625
1 0.628125 0.278125 0.109375 0.1671875
1 0.74765625 0.3484375 0.134375 0.17734375
1 0.85859375 0.56796875 0.12109375 0.175
1 0.5203125 0.66171875 0.12109375 0.1671875
1 0.32578125 0.65546875 0.14296875 0.16953125
1 0.009375 0.56640625 0.01796875 0.15546875
1 0.64609375 0.8890625 0.1375 0.20625
1 0.08125 0.6515625 0.134375 0.175
1 0.2125 0.73515625 0.13125 0.18125
1 0.33203125 0.8265625 0.1296875 0.159375
1 0.21796875 0.90234375 0.12265625 0.17109375
1 0.09765625 0.83046875 0.1265625 0.16171875
1 0.94921875 0.34140625 0.1015625 0.1578125
1 0.95234375 0.1734375 0.09453125 0.159375
1 0.85390625 0.10859375 0.11796875 0.175
1 0.7375 0.06015625 0.12265625 0.1203125
1 0.615625 0.02734375 0.1375 0.0546875
1 0.946875 0.928125 0.10625 0.14375
1 0.02265625 0.909375 0.04453125 0.1734375
1 0.09765625 0.96484375 0.11328125 0.0703125
1 0.415625 0.96875 0.1328125 0.0625
1 0.5203125 0.9375 0.1328125 0.12421875
1 0.5203125 0.35234375 0.1078125 0.1359375
1 0.4234375 0.4296875 0.1109375 0.1203125
1 0.015625 0.10078125 0.03125 0.16328125
1 0.00703125 0.265625 0.01328125 0.1421875
1 0.85 0.01171875 0.1375 0.0234375