1 0.09375 0.98828125 0.0875 0.0234375
1 0.1671875 0.95859375 0.0875 0.0828125
1 0.02890625 0.9578125 0.0578125 0.084375
1 0.084375 0.92109375 0.09296875 0.11328125
1 0.309375 0.9625 0.0828125 0.07421875
1 0.58125 0.971875 0.06328125 0.05625
1 0.3078125 0.88125 0.06875 0.08046875
1 0.43828125 0.87890625 0.0671875 0.07265625
1 0.3765625 0.83671875 0.0828125 0.1046875
1 0.44140625 0.77421875 0.0859375 0.09453125
1 0.58046875 0.78203125 0.07578125 0.10078125
1 0.240625 0.83046875 0.0890625 0.103125
1 0.16171875 0.7765625 0.1 0.1109375
1 0.240625 0.7296875 0.08046875 0.1109375
1 0.3140625 0.7703125 0.1 0.10859375
1 0.0265625 0.6609375 0.053125 0.07265625
1 0.0859375 0.61875 0.0859375 0.11875
1 0.03203125 0.5625 0.06328125 0.10859375
1 0.16328125 0.665625 0.1015625 0.1109375
1 0.1703125 0.56484375 0.103125 0.10859375
1 0.24765625 0.6171875 0.09453125 0.13125
1 0.309375 0.67578125 0.071875 0.09453125
1 0.37109375 0.6390625 0.065625 0.0984375
1 0.3140625 0.5703125 0.084375 0.08671875
1 0.39140625 0.5203125 0.06875 0.09453125
1 0.59140625 0.57421875 0.09296875 0.11328125
1 0.59453125 0.46796875 0.1015625 0.103125
1 0.446875 0.471875 0.06171875 0.084375
1 0.515625 0.43359375 0.09140625 0.0890625
1 0.45859375 0.4015625 0.09453125 0.09453125
1 0.52578125 0.35078125 0.07734375 0.10078125
1 0.59765625 0.30078125 0.07578125 0.10859375
1 0.59453125 0.20390625 0.071875 0.0890625
1 0.46875 0.30234375 0.09296875 0.103125
1 0.38671875 0.26015625 0.07890625 0.10078125
1 0.45859375 0.19921875 0.084375 0.0984375
1 0.03359375 0.46484375 0.0671875 0.1109375
1 0.0265625 0.37421875 0.053125 0.09453125
1 0.0875 0.521875 0.0859375 0.096875
1 0.09296875 0.42109375 0.1 0.103125
1 0.09296875 0.3265625 0.09609375 0.0890625
1 0.1703125 0.465625 0.1046875 0.12265625
1 0.3078125 0.4734375 0.07890625 0.0890625
1 0.24765625 0.44140625 0.07890625 0.09296875
1 0.32109375 0.38125 0.0875 0.09453125
1 0.24375 0.340625 0.10859375 0.1171875
1 0.23515625 0.24375 0.1 0.09453125
1 0.31640625 0.1875 0.1 0.125
1 0.59375 0.0203125 0.0875 0.040625
1 0.59453125 0.096875 0.0890625 0.11328125
1 0.38125 0.15546875 0.09140625 0.0984375
1 0.4625 0.103125 0.1 0.10703125
1 0.528125 0.0515625 0.0875 0.103125
1 0.4546875 0.0265625 0.1046875 0.05234375
1 0.034375 0.19140625 0.06875 0.09296875
1 0.09609375 0.23984375 0.1 0.096875
1 0.16640625 0.18984375 0.09609375 0.10703125
1 0.2421875 0.13671875 0.09453125 0.10078125
1 0.31796875 0.01953125 0.0828125 0.03828125
1 0.03515625 0.0890625 0.0703125 0.096875
1 0.034375 0.0140625 0.06875 0.028125
1 0.10703125 0.0484375 0.0875 0.096875
1 0.82109375 0.11484375 0.071875 0.084375
1 0.88984375 0.06640625 0.08046875 0.09453125
1 0.89375 0.15703125 0.07734375 0.08671875
1 0.9609375 0.1203125 0.078125 0.090625
1 0.99375 0.071875 0.01171875 0.08671875
1 0.8125 0.20546875 0.07734375 0.090625
1 0.88828125 0.26171875 0.07421875 0.096875
1 0.96171875 0.22265625 0.0765625 0.1140625
1 0.809375 0.69140625 0.07578125 0.09296875
1 0.8109375 0.596875 0.07890625 0.0890625
1 0.81640625 0.5 0.0859375 0.096875
1 0.81796875 0.403125 0.0890625 0.0890625
1 0.81640625 0.30859375 0.0890625 0.10859375
1 0.88828125 0.54453125 0.07734375 0.0984375
1 0.88984375 0.44921875 0.0828125 0.0984375
1 0.89140625 0.35078125 0.0875 0.103125
1 0.96171875 0.32421875 0.0765625 0.0859375
1 0.99375 0.26640625 0.01171875 0.10859375
1 0.96015625 0.59453125 0.07421875 0.0890625
1 0.96484375 0.50625 0.0703125 0.096875
1 0.965625 0.4171875 0.06875 0.090625
1 0.99375 0.37421875 0.01171875 0.09453125
1 0.99375 0.5578125 0.01171875 0.103125
1 0.809375 0.784375 0.0859375 0.09296875
1 0.8796875 0.7421875 0.07578125 0.08671875
1 0.95390625 0.69140625 0.0921875 0.0984375
1 0.9921875 0.65234375 0.015625 0.09453125
1 0.809375 0.88125 0.07890625 0.09296875
1 0.803125 0.965625 0.08046875 0.06875
1 0.88515625 0.9921875 0.0890625 0.015625
1 0.95625 0.9734375 0.07734375 0.05234375
1 0.88671875 0.93515625 0.09140625 0.09296875
1 0.95546875 0.8828125 0.08046875 0.1046875
1 0.8828125 0.84453125 0.0859375 0.096875
1 0.9515625 0.790625 0.09609375 0.09296875
1 0.9921875 0.8484375 0.015625 0.09296875
1 0.990625 0.9421875 0.01875 0.090625