1 0.034375 0.04609375 0.06875 0.0921875
1 0.103125 0.0734375 0.1015625 0.121875
1 0.209375 0.03984375 0.109375 0.0796875
1 0.315625 0.08828125 0.121875 0.175
1 0.2109375 0.175 0.1234375 0.19765625
1 0.315625 0.25703125 0.115625 0.16015625
1 0.034375 0.1828125 0.0671875 0.18125
1 0.096875 0.23984375 0.1203125 0.19609375
1 0.03125 0.3515625 0.0609375 0.1828125
1 0.1046875 0.42109375 0.13125 0.1640625
1 0.1046875 0.58515625 0.11875 0.175
1 0.0328125 0.65703125 0.0640625 0.1875
1 0.03125 0.81875 0.0609375 0.19140625
1 0.0390625 0.9453125 0.0765625 0.109375
1 0.1171875 0.99140625 0.1203125 0.0171875
1 0.1109375 0.896875 0.1265625 0.1875
1 0.1109375 0.7390625 0.1 0.15390625
1 0.2140625 0.9546875 0.121875 0.090625
1 0.2109375 0.8234375 0.1125 0.18125
1 0.2171875 0.665625 0.109375 0.14921875
1 0.2125 0.50078125 0.1125 0.18515625
1 0.2109375 0.32421875 0.109375 0.1765625
1 0.3203125 0.91875 0.128125 0.16171875
1 0.3171875 0.74921875 0.1109375 0.175
1 0.3203125 0.58125 0.1203125 0.16171875
1 0.3109375 0.4125 0.128125 0.19375
1 0.428125 0.05703125 0.115625 0.11171875
1 0.5234375 0.084375 0.1171875 0.16640625
1 0.6375 0.04453125 0.1203125 0.08828125
1 0.6375 0.13671875 0.128125 0.1640625
1 0.74375 0.0796875 0.10625 0.1578125
1 0.8515625 0.03359375 0.1140625 0.065625
1 0.940625 0.084375 0.10625 0.16875
1 0.853125 0.15390625 0.1203125 0.18515625
1 0.7484375 0.2421875 0.1078125 0.1828125
1 0.521875 0.23828125 0.1234375 0.16640625
1 0.428125 0.3453125 0.1140625 0.19140625
1 0.534375 0.39375 0.10625 0.175
1 0.428125 0.503125 0.1125 0.17265625
1 0.434375 0.671875 0.1265625 0.1765625
1 0.4390625 0.82734375 0.1375 0.16875
1 0.4421875 0.95 0.121875 0.1
1 0.53125 0.9859375 0.10625 0.02734375
1 0.5296875 0.89921875 0.1 0.16875
1 0.534375 0.721875 0.1328125 0.1828125
1 0.53125 0.55390625 0.1171875 0.18125
1 0.6328125 0.315625 0.11875 0.2
1 0.6359375 0.48203125 0.121875 0.17265625
1 0.640625 0.65078125 0.115625 0.19140625
1 0.640625 0.8125 0.1171875 0.1765625
1 0.63828125 0.94375 0.1171875 0.1125
1 0.74375 0.98203125 0.115625 0.0359375
1 0.7421875 0.884375 0.1234375 0.17265625
1 0.74375 0.7203125 0.115625 0.17265625
1 0.740625 0.56640625 0.1265625 0.16640625
1 0.74375 0.4125 0.1171875 0.17890625
1 0.9484375 0.96484375 0.103125 0.0703125
1 0.8515625 0.93984375 0.1125 0.1203125
1 0.8515625 0.79609375 0.125 0.1765625
1 0.8484375 0.6296875 0.115625 0.1640625
1 0.846875 0.471875 0.10625 0.19140625
1 0.840625 0.31171875 0.1203125 0.1640625
1 0.95 0.38125 0.0984375 0.16875
1 0.946875 0.54296875 0.10625 0.15546875
1 0.9453125 0.69921875 0.109375 0.19140625
1 0.9453125 0.86328125 0.109375 0.15546875