1 0.0578125 0.85859375 0.11484375 0.16640625
1 0.06015625 0.6703125 0.1203125 0.20546875
1 0.06484375 0.4796875 0.1296875 0.1859375
1 0.06328125 0.2984375 0.12578125 0.1859375
1 0.06328125 0.1171875 0.12578125 0.18125
1 0.0640625 0.01328125 0.12734375 0.0265625
1 0.18984375 0.0421875 0.13828125 0.084375
1 0.18359375 0.1859375 0.140625 0.21953125
1 0.18359375 0.3890625 0.12265625 0.190625
1 0.178125 0.57734375 0.12421875 0.16875
1 0.3 0.671875 0.13671875 0.21484375
1 0.30234375 0.4734375 0.12421875 0.17890625
1 0.3109375 0.28515625 0.13125 0.21015625
1 0.32578125 0.10859375 0.15859375 0.1765625
1 0.315625 0.02109375 0.13125 0.0421875
1 0.44140625 0.05703125 0.13828125 0.11328125
1 0.43671875 0.203125 0.12265625 0.16875
1 0.4296875 0.3890625 0.12578125 0.203125
1 0.4265625 0.5796875 0.12265625 0.17890625
1 0.42109375 0.76328125 0.13125 0.1953125
1 0.559375 0.015625 0.12578125 0.03125
1 0.55 0.115625 0.153125 0.18359375
1 0.55 0.29921875 0.13671875 0.190625
1 0.55 0.48515625 0.13515625 0.18828125
1 0.5359375 0.67421875 0.12578125 0.18125
1 0.54140625 0.86953125 0.12734375 0.21015625
1 0.6859375 0.06640625 0.1421875 0.1328125
1 0.690625 0.2078125 0.13828125 0.18828125
1 0.68359375 0.39609375 0.13515625 0.1859375
1 0.678125 0.584375 0.13671875 0.190625
1 0.67265625 0.7875 0.140625 0.2125
1 0.3 0.86953125 0.11875 0.17421875
1 0.1734375 0.91875 0.13828125 0.16171875
1 0.81015625 0.01796875 0.12734375 0.0359375
1 0.9328125 0.07109375 0.134375 0.1390625
1 0.81328125 0.1421875 0.1421875 0.20546875
1 0.8078125 0.31875 0.13515625 0.18125
1 0.93515625 0.2296875 0.12578125 0.190625
1 0.9296875 0.4203125 0.12734375 0.18828125
1 0.80390625 0.50234375 0.140625 0.18125
1 0.93359375 0.60390625 0.12421875 0.1765625
1 0.80546875 0.68359375 0.1453125 0.18359375
1 0.93359375 0.7875 0.1171875 0.18359375
1 0.80546875 0.87421875 0.140625 0.19296875
1 0.990625 0.8953125 0.01796875 0.18125
1 0.9296875 0.94296875 0.12578125 0.11328125
1 0.671875 0.9453125 0.13828125 0.10859375
1 0.06171875 0.978125 0.1234375 0.04375
1 0.428125 0.9296875 0.1328125 0.13984375
1 0.29609375 0.9734375 0.1453125 0.053125
1 0.54296875 0.98203125 0.12578125 0.0359375