1 0.14921875 0.97421875 0.2234375 0.0515625
1 0.1421875 0.82578125 0.24140625 0.25078125
1 0.134375 0.58125 0.2125 0.23671875
1 0.13828125 0.321875 0.20234375 0.259375
1 0.1375 0.0953125 0.19296875 0.190625
1 0.33828125 0.02109375 0.209375 0.04140625
1 0.353125 0.196875 0.2515625 0.26953125
1 0.33359375 0.47734375 0.19296875 0.24453125
1 0.328125 0.71953125 0.1703125 0.196875
1 0.3421875 0.921875 0.18046875 0.15546875
1 0.515625 0.82578125 0.1734375 0.178125
1 0.5265625 0.59765625 0.184375 0.24296875
1 0.51953125 0.315625 0.1859375 0.22578125
1 0.51875 0.08125 0.13671875 0.16171875
1 0.71484375 0.171875 0.2 0.228125
1 0.7109375 0.45625 0.18828125 0.23046875
1 0.6984375 0.728125 0.1734375 0.221875
1 0.69296875 0.93203125 0.1765625 0.1359375
1 0.8796875 0.965625 0.2125 0.06875
1 0.8796875 0.8109375 0.23046875 0.26796875
1 0.884375 0.55390625 0.2078125 0.25546875
1 0.88828125 0.31015625 0.2234375 0.22578125
1 0.89375 0.09609375 0.190625 0.1921875
1 0.03125 0.0125 0.06171875 0.025
1 0.03515625 0.1609375 0.0703125 0.2625
1 0.02734375 0.4265625 0.0546875 0.26796875
1 0.02421875 0.68984375 0.04765625 0.23046875
1 0.01328125 0.903125 0.0265625 0.19375