1 0.05625 0.99140625 0.075 0.01640625
1 0.1875 0.99453125 0.075 0.0109375
1 0.2546875 0.97265625 0.0609375 0.0546875
1 0.3140625 0.99453125 0.065625 0.0109375
1 0.3828125 0.9734375 0.078125 0.053125
1 0.4546875 0.98359375 0.08125 0.0328125
1 0.51953125 0.96953125 0.0671875 0.0609375
1 0.58671875 0.9859375 0.0765625 0.02734375
1 0.71171875 0.984375 0.0609375 0.03125
1 0.96328125 0.97890625 0.0703125 0.0421875
1 0.9 0.96328125 0.06875 0.0640625
1 0.01875 0.90078125 0.0375 0.07890625
1 0.0546875 0.853125 0.075 0.084375
1 0.121875 0.8953125 0.0765625 0.0859375
1 0.125 0.81484375 0.065625 0.0734375
1 0.1859375 0.8546875 0.0671875 0.09140625
1 0.2546875 0.8953125 0.071875 0.08984375
1 0.3203125 0.84765625 0.06875 0.09140625
1 0.3890625 0.89140625 0.075 0.096875
1 0.453125 0.90625 0.065625 0.08828125
1 0.015625 0.809375 0.03125 0.0828125
1 0.0671875 0.76484375 0.075 0.10078125
1 0.0140625 0.72265625 0.028125 0.09921875
1 0.05 0.66953125 0.059375 0.07734375
1 0.1296875 0.725 0.075 0.084375
1 0.1875 0.76484375 0.071875 0.09375
1 0.25625 0.7140625 0.065625 0.0828125
1 0.3125 0.76171875 0.0703125 0.07734375
1 0.375 0.7984375 0.0703125 0.09140625
1 0.446875 0.8328125 0.075 0.08984375
1 0.5171875 0.8828125 0.078125 0.0828125
1 0.5859375 0.90078125 0.078125 0.08984375
1 0.646875 0.87890625 0.05 0.053125
1 0.01875 0.62578125 0.0359375 0.0859375
1 0.015625 0.5453125 0.0296875 0.09140625
1 0.0171875 0.45859375 0.0328125 0.09375
1 0.05625 0.51015625 0.06875 0.08828125
1 0.0578125 0.590625 0.071875 0.07890625
1 0.115625 0.64375 0.075 0.084375
1 0.1859375 0.67890625 0.0765625 0.08828125
1 0.1203125 0.55078125 0.071875 0.0859375
1 0.1859375 0.590625 0.0796875 0.1046875
1 0.2515625 0.63125 0.075 0.0859375
1 0.31875 0.6734375 0.078125 0.09921875
1 0.378125 0.70859375 0.075 0.08828125
1 0.4390625 0.7453125 0.0671875 0.084375
1 0.5140625 0.8 0.06875 0.06953125
1 0.5875 0.82578125 0.0625 0.07734375
1 0.584375 0.74296875 0.0703125 0.08984375
1 0.515625 0.71171875 0.06875 0.08828125
1 0.446875 0.65859375 0.065625 0.08046875
1 0.384375 0.61796875 0.0703125 0.08828125
1 0.31875 0.58203125 0.08125 0.0859375
1 0.259375 0.54140625 0.0796875 0.0953125
1 0.1796875 0.50078125 0.0765625 0.0953125
1 0.1171875 0.44921875 0.084375 0.0953125
1 0.05 0.4109375 0.078125 0.10078125
1 0.0125 0.37265625 0.025 0.0859375
1 0.0125 0.2859375 0.0234375 0.09140625
1 0.0578125 0.33359375 0.08125 0.08828125
1 0.115625 0.28046875 0.071875 0.084375
1 0.121875 0.359375 0.0765625 0.0859375
1 0.178125 0.4109375 0.071875 0.084375
1 0.25 0.44921875 0.078125 0.0859375
1 0.3125 0.4953125 0.0828125 0.09140625
1 0.3859375 0.5453125 0.08125 0.0828125
1 0.45 0.58359375 0.08125 0.08828125
1 0.5125 0.61796875 0.071875 0.08828125
1 0.5765625 0.5796875 0.0546875 0.0640625
1 0.5875 0.65703125 0.075 0.0859375
1 0.51875 0.53203125 0.0640625 0.07734375
1 0.578125 0.484375 0.06875 0.0953125
1 0.4546875 0.49375 0.0703125 0.096875
1 0.3875 0.453125 0.078125 0.09921875
1 0.440625 0.40703125 0.0625 0.0609375
1 0.3140625 0.40546875 0.0734375 0.08984375
1 0.25 0.3578125 0.06875 0.096875
1 0.1828125 0.328125 0.08125 0.0953125
1 0.009375 0.19296875 0.0171875 0.084375
1 0.0109375 0.10859375 0.0203125 0.0828125
1 0.0140625 0.0296875 0.0265625 0.05703125
1 0.0453125 0.0625 0.0828125 0.09140625
1 0.046875 0.1484375 0.0859375 0.103125
1 0.046875 0.2421875 0.0890625 0.08828125
1 0.11875 0.19453125 0.0859375 0.10625
1 0.1828125 0.23515625 0.08125 0.09375
1 0.109375 0.1046875 0.075 0.08046875
1 0.1078125 0.0328125 0.071875 0.065625
1 0.1734375 0.0421875 0.071875 0.084375
1 0.18125 0.13203125 0.0875 0.09921875
1 0.2484375 0.275 0.0859375 0.1046875
1 0.25 0.1890625 0.08125 0.09140625
1 0.246875 0.09921875 0.08125 0.096875
1 0.24375 0.0296875 0.0765625 0.05859375
1 0.9078125 0.875 0.078125 0.09375
1 0.965625 0.8296875 0.0609375 0.10625
1 0.646875 0.7875 0.0703125 0.0828125
1 0.70625 0.8328125 0.075 0.084375
1 0.7734375 0.8734375 0.071875 0.071875
1 0.8390625 0.82421875 0.071875 0.07890625
1 0.9046875 0.77578125 0.0734375 0.09140625
1 0.9640625 0.73359375 0.0703125 0.103125
1 0.965625 0.64375 0.06875 0.09140625
1 0.640625 0.70859375 0.06875 0.0859375
1 0.703125 0.74296875 0.065625 0.07890625
1 0.76875 0.7875 0.071875 0.0953125
1 0.834375 0.7390625 0.075 0.09921875
1 0.896875 0.68828125 0.071875 0.0859375
1 0.903125 0.6125 0.071875 0.08984375
1 0.965625 0.56171875 0.0671875 0.09140625
1 0.775 0.70078125 0.065625 0.08828125
1 0.8328125 0.6515625 0.0625 0.0859375
1 0.771875 0.62421875 0.078125 0.08046875
1 0.703125 0.6640625 0.06875 0.0828125
1 0.64375 0.62578125 0.06875 0.08046875
1 0.6390625 0.44765625 0.0671875 0.0828125
1 0.6984375 0.496875 0.065625 0.0859375
1 0.6421875 0.5359375 0.071875 0.09140625
1 0.7046875 0.578125 0.084375 0.0828125
1 0.771875 0.44375 0.078125 0.0859375
1 0.771875 0.53359375 0.0765625 0.09140625
1 0.834375 0.5671875 0.06875 0.08984375
1 0.90625 0.525 0.0671875 0.08984375
1 0.96875 0.4734375 0.0609375 0.0953125
1 0.84375 0.484375 0.084375 0.0859375
1 0.9015625 0.43515625 0.065625 0.0859375
1 0.3171875 0.315625 0.0671875 0.0859375
1 0.3140625 0.2328125 0.065625 0.08828125
1 0.315625 0.14296875 0.0703125 0.09921875
1 0.30625 0.04921875 0.06875 0.09140625
1 0.3765625 0.09921875 0.071875 0.07734375
1 0.4375 0.04921875 0.075 0.071875
1 0.384375 0.36171875 0.0703125 0.07734375
1 0.38125 0.26953125 0.078125 0.1046875
1 0.3796875 0.18515625 0.075 0.07890625
1 0.4484375 0.1484375 0.065625 0.08828125
1 0.4453125 0.2296875 0.0703125 0.084375
1 0.446875 0.32265625 0.0703125 0.08984375
1 0.5078125 0.3703125 0.075 0.0953125
1 0.571875 0.40390625 0.0671875 0.07734375
1 0.5765625 0.32265625 0.06875 0.0828125
1 0.50625 0.275 0.0703125 0.0828125
1 0.5109375 0.1890625 0.0765625 0.0859375
1 0.5109375 0.10625 0.0671875 0.08984375
1 0.503125 0.03125 0.0609375 0.0609375
1 0.56875 0.05703125 0.0609375 0.06953125
1 0.6359375 0.0296875 0.0796875 0.05859375
1 0.571875 0.14140625 0.06875 0.08046875
1 0.5703125 0.2328125 0.0765625 0.08828125
1 0.6390625 0.36875 0.0765625 0.09140625
1 0.64375 0.271875 0.075 0.07734375
1 0.64375 0.19453125 0.071875 0.08046875
1 0.640625 0.10625 0.09375 0.0953125
1 0.703125 0.40703125 0.0671875 0.0734375
1 0.7078125 0.31015625 0.0640625 0.08984375
1 0.7640625 0.34296875 0.0734375 0.09375
1 0.8359375 0.3984375 0.08125 0.07734375
1 0.9 0.3484375 0.0703125 0.0859375
1 0.9625 0.39453125 0.0734375 0.0828125
1 0.9640625 0.30078125 0.0703125 0.08828125
1 0.70625 0.22734375 0.0734375 0.084375
1 0.6984375 0.13046875 0.0765625 0.09921875
1 0.70234375 0.03828125 0.0734375 0.0765625
1 0.771875 0.2640625 0.071875 0.0828125
1 0.834375 0.30078125 0.078125 0.0859375
1 0.8984375 0.26640625 0.0703125 0.0828125
1 0.9640625 0.2109375 0.0703125 0.08828125
1 0.9625 0.12109375 0.0734375 0.103125
1 0.959375 0.040625 0.0796875 0.07890625
1 0.7578125 0.01796875 0.059375 0.03515625
1 0.8296875 0.040625 0.071875 0.08046875
1 0.89375 0.01640625 0.078125 0.0328125
1 0.896875 0.07890625 0.0796875 0.0859375
1 0.9015625 0.1671875 0.06875 0.09921875
1 0.7640625 0.08828125 0.0734375 0.09375
1 0.765625 0.17578125 0.0703125 0.08046875
1 0.8359375 0.2203125 0.078125 0.071875
1 0.834375 0.125 0.078125 0.08984375