1 0.4609375 0.99765625 0.13125 0.00390625
1 0.3625 0.96171875 0.109375 0.07578125
1 0.046875 0.9875 0.0921875 0.025
1 0.13984375 0.953125 0.1171875 0.09375
1 0.0421875 0.896875 0.084375 0.1578125
1 0.0421875 0.734375 0.084375 0.17890625
1 0.1421875 0.64609375 0.121875 0.18984375
1 0.2484375 0.915625 0.13125 0.16640625
1 0.3671875 0.83359375 0.121875 0.18125
1 0.2515625 0.7578125 0.1203125 0.18515625
1 0.259375 0.58515625 0.11875 0.1828125
1 0.3578125 0.671875 0.1140625 0.17890625
1 0.05 0.5703125 0.1 0.19609375
1 0.146875 0.48828125 0.13125 0.18125
1 0.4734375 0.91171875 0.1296875 0.1765625
1 0.584375 0.96015625 0.1171875 0.078125
1 0.6921875 0.928125 0.115625 0.14296875
1 0.8078125 0.96171875 0.1359375 0.0734375
1 0.9078125 0.93046875 0.11875 0.1390625
1 0.9109375 0.7765625 0.140625 0.19140625
1 0.79375 0.8484375 0.1328125 0.18515625
1 0.4734375 0.76640625 0.125 0.17890625
1 0.5859375 0.8546875 0.1125 0.16171875
1 0.696875 0.7765625 0.121875 0.18515625
1 0.5796875 0.684375 0.11875 0.21484375
1 0.4671875 0.58515625 0.125 0.18125
1 0.696875 0.5875 0.1265625 0.1765625
1 0.7953125 0.690625 0.1125 0.15546875
1 0.9078125 0.60390625 0.1328125 0.18125
1 0.7984375 0.5203125 0.125 0.19375
1 0.3625 0.509375 0.1234375 0.16640625
1 0.05 0.40234375 0.1 0.1640625
1 0.2625 0.41875 0.1265625 0.16015625
1 0.475 0.42734375 0.134375 0.15390625
1 0.5859375 0.49296875 0.1265625 0.16171875
1 0.684375 0.42734375 0.1328125 0.19140625
1 0.803125 0.3578125 0.1171875 0.16015625
1 0.91875 0.43828125 0.121875 0.1640625
1 0.371875 0.34140625 0.15625 0.17265625
1 0.1359375 0.3390625 0.1265625 0.18515625
1 0.05 0.2359375 0.1 0.1875
1 0.05390625 0.07890625 0.1078125 0.1578125
1 0.1578125 0.04453125 0.115625 0.08828125
1 0.1546875 0.16171875 0.1296875 0.1578125
1 0.2546875 0.0875 0.140625 0.175
1 0.2546875 0.2546875 0.128125 0.15390625
1 0.3796875 0.04765625 0.13125 0.09453125
1 0.3734375 0.1703125 0.11875 0.17265625
1 0.478125 0.09375 0.109375 0.1875
1 0.475 0.25859375 0.103125 0.1765625
1 0.5890625 0.03359375 0.121875 0.0671875
1 0.5890625 0.1578125 0.1140625 0.18984375
1 0.6984375 0.09609375 0.13125 0.19140625
1 0.5859375 0.33671875 0.1046875 0.16875
1 0.6984375 0.2609375 0.1265625 0.1703125
1 0.8078125 0.17890625 0.1140625 0.18984375
1 0.91875 0.09921875 0.1109375 0.1703125
1 0.9125 0.2796875 0.1109375 0.1875
1 0.9828125 0.05703125 0.034375 0.1140625
1 0.9828125 0.19140625 0.034375 0.16640625
1 0.9828125 0.35546875 0.0328125 0.17265625
1 0.9875 0.52421875 0.0234375 0.1703125
1 0.984375 0.68828125 0.03125 0.1765625
1 0.978125 0.9703125 0.0421875 0.05859375
1 0.9796875 0.865625 0.040625 0.1765625