1 0.9359375 0.0109375 0.109375 0.021875
1 0.5375 0.04609375 0.103125 0.09140625
1 0.371875 0.053125 0.0921875 0.1046875
1 0.1234375 0.03125 0.1203125 0.0625
1 0.0421875 0.0546875 0.0828125 0.10859375
1 0.3859375 0.16171875 0.121875 0.13203125
1 0.5359375 0.14296875 0.1171875 0.13046875
1 0.465625 0.19609375 0.115625 0.14140625
1 0.7015625 0.14140625 0.1234375 0.14140625
1 0.6125 0.2015625 0.0984375 0.13046875
1 0.70625 0.25703125 0.115625 0.13359375
1 0.5421875 0.2859375 0.109375 0.1375
1 0.61875 0.32265625 0.096875 0.125
1 0.0046875 0.21484375 0.009375 0.115625
1 0.0109375 0.54296875 0.0203125 0.13046875
1 0.0078125 0.42734375 0.015625 0.1140625
1 0.003125 0.328125 0.0046875 0.1265625
1 0.0546875 0.3875 0.1078125 0.11171875
1 0.05625 0.271875 0.1125 0.128125
1 0.1375 0.21484375 0.0984375 0.115625
1 0.2265625 0.2609375 0.10625 0.14140625
1 0.3 0.33203125 0.103125 0.1171875
1 0.3921875 0.378125 0.1109375 0.13203125
1 0.1328125 0.53203125 0.0984375 0.115625
1 0.2296875 0.4859375 0.1046875 0.1140625
1 0.2953125 0.440625 0.096875 0.1171875
1 0.3078125 0.528125 0.10625 0.125
1 0.39375 0.4859375 0.0953125 0.115625
1 0.4640625 0.51953125 0.0984375 0.11171875
1 0.540625 0.4546875 0.0984375 0.11171875
1 0.6203125 0.4109375 0.0859375 0.09375
1 0.70625 0.35625 0.096875 0.0859375
1 0.7125 0.44921875 0.0984375 0.10625
1 0.4 0.58203125 0.084375 0.08828125
1 0.5484375 0.57265625 0.0984375 0.13203125
1 0.6296875 0.51171875 0.0984375 0.10078125
1 0.01015625 0.9734375 0.0203125 0.053125
1 0.009375 0.7671875 0.0171875 0.13203125
1 0.059375 0.83125 0.1015625 0.12265625
1 0.1328125 0.97578125 0.09375 0.04765625
1 0.1484375 0.8828125 0.0953125 0.1375
1 0.2390625 0.93984375 0.09375 0.1203125
1 0.059375 0.71171875 0.09375 0.1171875
1 0.1421875 0.65703125 0.115625 0.1484375
1 0.23125 0.70859375 0.0796875 0.1046875
1 0.3046875 0.64375 0.1078125 0.128125
1 0.3125 0.76484375 0.1046875 0.13046875
1 0.45859375 0.96796875 0.0828125 0.0640625
1 0.396875 0.69921875 0.0875 0.11015625
1 0.453125 0.75390625 0.090625 0.12109375
1 0.5578125 0.94296875 0.06875 0.09140625
1 0.5390625 0.81796875 0.1046875 0.1390625
1 0.4640625 0.63125 0.09375 0.10859375
1 0.540625 0.69375 0.0984375 0.11015625
1 0.628125 0.62421875 0.0890625 0.11953125
1 0.628125 0.7484375 0.09375 0.12109375
1 0.70625 0.6828125 0.084375 0.11171875
1 0.7125 0.57265625 0.09375 0.115625
1 0.7953125 0.640625 0.11875 0.1578125
1 0.878125 0.6953125 0.09375 0.09921875
1 0.79296875 0.9640625 0.0859375 0.071875
1 0.95 0.959375 0.0984375 0.08046875
1 0.953125 0.853125 0.0921875 0.1390625
1 0.796875 0.50625 0.084375 0.11015625
1 0.7875 0.4109375 0.08125 0.096875
1 0.8875 0.57265625 0.1140625 0.13046875
1 0.8796875 0.46640625 0.11875 0.115625
1 0.878125 0.35078125 0.1046875 0.1359375
1 0.946875 0.29921875 0.0859375 0.1140625
1 0.95 0.4125 0.0984375 0.1359375