1 0.64375 0.44609375 0.184375 0.209375
1 0.7734375 0.69140625 0.21875 0.2609375
1 0.62109375 0.91640625 0.1828125 0.1671875
1 0.4171875 0.40546875 0.2234375 0.25859375
1 0.375 0.74296875 0.18125 0.209375
1 0.43125 0.96953125 0.178125 0.0609375
1 0.265625 0.93828125 0.165625 0.12265625
1 0.87421875 0.90859375 0.1859375 0.1828125
1 0.1703125 0.0828125 0.215625 0.16484375
1 0.071875 0.8296875 0.1421875 0.2109375
1 0.95 0.49140625 0.1 0.20546875
1 0.9453125 0.68984375 0.1078125 0.1796875
1 0.953125 0.965625 0.09375 0.06875
1 0.9671875 0.84375 0.065625 0.16484375
1 0.1703125 0.39453125 0.171875 0.16875
1 0.15 0.24609375 0.1453125 0.1578125
1 0.059375 0.3453125 0.11875 0.23671875
1 0.0125 0.08984375 0.025 0.1796875
1 0.759375 0.953125 0.146875 0.09375
1 0.1546875 0.7359375 0.1640625 0.190625
1 0.7609375 0.040625 0.146875 0.08046875
1 0.25625 0.6546875 0.15625 0.178125
1 0.284375 0.50078125 0.1515625 0.1984375