1 0.98359375 0.49765625 0.0328125 0.19296875
1 0.984375 0.6828125 0.03125 0.19296875
1 0.984375 0.87265625 0.03125 0.1859375
1 0.90390625 0.9515625 0.14140625 0.096875
1 0.91015625 0.79921875 0.14296875 0.225
1 0.91015625 0.5890625 0.1265625 0.1953125
1 0.9140625 0.39375 0.128125 0.1734375
1 0.7890625 0.29921875 0.14140625 0.2203125
1 0.7875 0.50234375 0.1265625 0.1828125
1 0.778125 0.6953125 0.13515625 0.215625
1 0.7640625 0.87890625 0.1609375 0.18046875
1 0.77421875 0.97421875 0.1328125 0.0515625
1 0.64609375 0.9359375 0.1421875 0.128125
1 0.6484375 0.78203125 0.12421875 0.17578125
1 0.6578125 0.5890625 0.1296875 0.21015625
1 0.659375 0.39140625 0.12421875 0.1859375
1 0.66640625 0.20546875 0.13359375 0.20078125
1 0.5234375 0.97890625 0.128125 0.0421875
1 0.5328125 0.87109375 0.1578125 0.18828125
1 0.5328125 0.68046875 0.1390625 0.1953125
1 0.5328125 0.48984375 0.1390625 0.1953125
1 0.54921875 0.296875 0.128125 0.1859375
1 0.54296875 0.103125 0.1328125 0.20625
1 0.3953125 0.92734375 0.14375 0.1453125
1 0.38984375 0.77734375 0.14296875 0.19296875
1 0.39765625 0.58203125 0.1375 0.19296875
1 0.403125 0.38828125 0.1390625 0.1953125
1 0.40859375 0.18046875 0.14296875 0.2203125
1 0.79140625 0.09375 0.12109375 0.178125
1 0.91953125 0.06328125 0.14296875 0.1265625
1 0.26640625 0.9765625 0.1296875 0.046875
1 0.13984375 0.9234375 0.1484375 0.153125
1 0.03828125 0.96640625 0.0765625 0.0671875
1 0.0421875 0.84296875 0.084375 0.20078125
1 0.265625 0.84140625 0.14453125 0.21015625
1 0.27109375 0.66328125 0.1390625 0.18828125
1 0.14140625 0.75234375 0.128125 0.1953125
1 0.0421875 0.64140625 0.084375 0.2078125
1 0.14453125 0.55703125 0.13203125 0.19296875
1 0.275 0.47265625 0.14453125 0.1859375
1 0.0421875 0.446875 0.084375 0.18046875
1 0.14140625 0.36875 0.1265625 0.18046875
1 0.27265625 0.2875 0.15 0.18828125
1 0.04609375 0.2578125 0.09140625 0.1828125
1 0.14140625 0.18046875 0.11875 0.18828125
1 0.27265625 0.096875 0.14296875 0.19296875
1 0.04609375 0.08203125 0.09140625 0.16328125
1 0.14453125 0.03984375 0.128125 0.07890625
1 0.41015625 0.0359375 0.14296875 0.071875
1 0.65859375 0.053125 0.1375 0.10625