1 0.57109375 0.0609375 0.08359375 0.10859375
1 0.34921875 0.021875 0.08046875 0.04375
1 0.0109375 0.05859375 0.02109375 0.10078125
1 0.05234375 0.025 0.0875 0.05
1 0.125 0.0546875 0.09296875 0.10859375
1 0.1984375 0.08984375 0.0875 0.10859375
1 0.27890625 0.04921875 0.07890625 0.0984375
1 0.35 0.11484375 0.09296875 0.10078125
1 0.4234375 0.1609375 0.08203125 0.10078125
1 0.01328125 0.159375 0.0265625 0.10859375
1 0.01796875 0.26171875 0.0359375 0.1171875
1 0.05390625 0.20703125 0.0859375 0.1109375
1 0.0609375 0.1046875 0.09140625 0.10859375
1 0.13046875 0.16328125 0.0875 0.08984375
1 0.13203125 0.26171875 0.0875 0.0984375
1 0.2125 0.20078125 0.07890625 0.10859375
1 0.27890625 0.165625 0.0890625 0.09609375
1 0.27890625 0.253125 0.08203125 0.09453125
1 0.35546875 0.209375 0.0734375 0.09453125
1 0.4234375 0.25703125 0.0734375 0.09453125
1 0.35703125 0.31171875 0.09453125 0.10234375
1 0.43046875 0.36171875 0.07890625 0.10078125
1 0.5125 0.29921875 0.06796875 0.09453125
1 0.50546875 0.41015625 0.08046875 0.0984375
1 0.57890625 0.3578125 0.0625 0.075
1 0.05546875 0.3203125 0.09609375 0.09609375
1 0.01171875 0.36484375 0.0234375 0.0859375
1 0.0625 0.4203125 0.10859375 0.11328125
1 0.13359375 0.3640625 0.10390625 0.11328125
1 0.20546875 0.309375 0.09140625 0.10703125
1 0.2734375 0.36640625 0.1015625 0.10234375
1 0.35390625 0.4140625 0.0984375 0.11328125
1 0.2734375 0.4625 0.0859375 0.0921875
1 0.01328125 0.4484375 0.0265625 0.08984375
1 0.01640625 0.54921875 0.03203125 0.1234375
1 0.07109375 0.50859375 0.10390625 0.10078125
1 0.06796875 0.61484375 0.09453125 0.12109375
1 0.14609375 0.55 0.09609375 0.11953125
1 0.21953125 0.51875 0.07890625 0.0875
1 0.2984375 0.5421875 0.09609375 0.10859375
1 0.35390625 0.6171875 0.0859375 0.0984375
1 0.4390625 0.66328125 0.08203125 0.09609375
1 0.58359375 0.75078125 0.0734375 0.0859375
1 0.22109375 0.6046875 0.09296875 0.0875
1 0.14453125 0.6546875 0.09296875 0.10078125
1 0.0765625 0.71328125 0.08203125 0.0859375
1 0.2234375 0.7109375 0.08046875 0.09609375
1 0.28203125 0.65234375 0.07890625 0.0984375
1 0.2859375 0.75546875 0.09453125 0.1046875
1 0.15 0.765625 0.0984375 0.11328125
1 0.07109375 0.8140625 0.10859375 0.11328125
1 0.15390625 0.8703125 0.09453125 0.10078125
1 0.09453125 0.9015625 0.07890625 0.0796875
1 0.06796875 0.9375 0.075 0.09609375
1 0.07421875 0.9890625 0.0890625 0.021875
1 0.43203125 0.77421875 0.08046875 0.0984375
1 0.5109375 0.815625 0.09453125 0.10703125
1 0.57890625 0.86796875 0.05703125 0.07734375
1 0.58515625 0.95625 0.08359375 0.0875
1 0.35859375 0.8203125 0.0875 0.0984375
1 0.2125 0.81171875 0.09453125 0.11484375
1 0.29609375 0.86171875 0.09453125 0.10859375
1 0.35546875 0.91875 0.0984375 0.10234375
1 0.29140625 0.95625 0.125 0.0875
1 0.43046875 0.86640625 0.0875 0.10703125
1 0.4359375 0.9578125 0.10703125 0.08359375
1 0.51640625 0.9390625 0.06953125 0.0796875
1 0.51171875 0.98125 0.08359375 0.0375
1 0.025 0.95234375 0.05 0.0953125
1 0.8015625 0.9125 0.07109375 0.05859375
1 0.89453125 0.971875 0.07109375 0.05625
1 0.95625 0.98515625 0.08359375 0.02890625
1 0.95703125 0.92265625 0.05390625 0.06484375
1 0.990625 0.86796875 0.01875 0.0796875
1 0.79453125 0.62578125 0.0734375 0.08359375
1 0.8015625 0.72578125 0.05 0.05234375
1 0.88203125 0.765625 0.0734375 0.10859375
1 0.95390625 0.81796875 0.0875 0.10859375
1 0.875 0.671875 0.08359375 0.0921875
1 0.95703125 0.71328125 0.0859375 0.10859375
1 0.99609375 0.765625 0.00703125 0.1046875
1 0.9515625 0.6171875 0.0890625 0.0921875
1 0.87109375 0.56484375 0.08359375 0.0921875
1 0.94453125 0.02890625 0.0796875 0.0578125
1 0.875 0.0734375 0.07890625 0.08984375
1 0.9484375 0.11484375 0.0765625 0.08359375
1 0.8015625 0.1171875 0.075 0.08984375
1 0.79140625 0.221875 0.07109375 0.0796875
1 0.7890625 0.31796875 0.0765625 0.0984375
1 0.8 0.42265625 0.0890625 0.0984375
1 0.88203125 0.48125 0.07109375 0.0796875
1 0.95546875 0.51484375 0.08203125 0.09609375
1 0.8765625 0.17578125 0.08203125 0.09609375
1 0.95 0.2109375 0.0875 0.1046875
1 0.875 0.278125 0.0859375 0.10234375
1 0.95625 0.3140625 0.0875 0.0921875
1 0.875 0.37890625 0.08046875 0.0984375
1 0.9484375 0.41875 0.07890625 0.10234375
1 0.99609375 0.06484375 0.00703125 0.075
1 0.99609375 0.1625 0.00703125 0.0734375
1 0.990625 0.56796875 0.01875 0.1046875
1 0.990625 0.4703125 0.01875 0.096875
1 0.990625 0.36640625 0.01875 0.1109375
1 0.99453125 0.26328125 0.0109375 0.11328125