1 0.41875 0.97265625 0.15 0.0546875
1 0.29453125 0.940625 0.11875 0.11875
1 0.1875 0.90078125 0.146875 0.1984375
1 0.07734375 0.94375 0.115625 0.1125
1 0.009375 0.93046875 0.01875 0.1390625
1 0.871875 0.99453125 0.1046875 0.0109375
1 0.778125 0.8453125 0.12421875 0.196875
1 0.87890625 0.91328125 0.1265625 0.12890625
1 0.884375 0.76875 0.12265625 0.15703125
1 0.9671875 0.8265625 0.06484375 0.14375
1 0.31796875 0.66953125 0.13359375 0.1734375
1 0.02734375 0.75703125 0.05390625 0.196875
1 0.03046875 0.4234375 0.0609375 0.175
1 0.0953125 0.665625 0.1171875 0.16953125
1 0.09765625 0.5109375 0.12109375 0.184375
1 0.2109375 0.6015625 0.11171875 0.17578125
1 0.32890625 0.5234375 0.11171875 0.14609375
1 0.21640625 0.43046875 0.13359375 0.15703125
1 0.65 0.584375 0.140625 0.19296875
1 0.88828125 0.6125 0.13359375 0.1609375
1 0.77265625 0.5359375 0.10859375 0.15234375
1 0.6640625 0.44921875 0.1515625 0.19921875
1 0.7765625 0.36875 0.1375 0.19453125
1 0.8953125 0.44921875 0.12109375 0.1671875
1 0.9640625 0.37109375 0.071875 0.21640625
1 0.78125 0.190625 0.10625 0.1671875
1 0.65 0.26875 0.128125 0.15234375
1 0.2203125 0.2671875 0.1265625 0.13984375
1 0.1140625 0.21171875 0.1515625 0.184375
1 0.02734375 0.12578125 0.05390625 0.18046875
1 0.103125 0.0734375 0.1046875 0.14609375
1 0.22578125 0.10390625 0.115625 0.16328125
1 0.2234375 0.0203125 0.13359375 0.040625
1 0.33671875 0.0640625 0.0953125 0.128125
1 0.42265625 0.078125 0.10859375 0.13984375
1 0.4453125 0.03203125 0.13203125 0.06328125
1 0.54140625 0.15703125 0.10078125 0.13984375
1 0.58046875 0.05859375 0.13203125 0.11640625
1 0.67265625 0.0203125 0.12421875 0.040625
1 0.778125 0.05859375 0.11875 0.11640625
1 0.903125 0.0234375 0.128125 0.046875
1 0.8859375 0.13359375 0.1046875 0.171875
1 0.9734375 0.06171875 0.05234375 0.12265625
1 0.653125 0.09765625 0.115625 0.1375