1 0.24453125 0.0546875 0.1515625 0.109375
1 0.115625 0.1140625 0.153125 0.228125
1 0.2453125 0.20703125 0.14453125 0.19921875
1 0.02421875 0.1859375 0.0484375 0.2453125
1 0.03203125 0.41015625 0.06328125 0.2046875
1 0.028125 0.61640625 0.05625 0.2171875
1 0.034375 0.94375 0.06875 0.1125
1 0.0265625 0.809375 0.05234375 0.1890625
1 0.11328125 0.9 0.140625 0.19921875
1 0.1234375 0.71484375 0.13671875 0.18671875
1 0.11640625 0.51015625 0.140625 0.2296875
1 0.11640625 0.290625 0.13515625 0.221875
1 0.25 0.96484375 0.159375 0.0703125
1 0.246875 0.82109375 0.13671875 0.21953125
1 0.253125 0.6109375 0.15 0.20234375
1 0.23984375 0.4015625 0.159375 0.2421875
1 0.3859375 0.0140625 0.1421875 0.028125
1 0.50390625 0.04921875 0.14609375 0.0984375
1 0.6453125 0.08125 0.159375 0.1625
1 0.77734375 0.04453125 0.13125 0.08828125
1 0.9140625 0.09765625 0.15 0.1953125
1 0.784375 0.18671875 0.13515625 0.22734375
1 0.5015625 0.184375 0.15390625 0.20703125
1 0.3859375 0.31796875 0.1421875 0.23984375
1 0.5171875 0.3765625 0.1328125 0.2171875
1 0.38359375 0.5125 0.140625 0.21484375
1 0.39296875 0.721875 0.15703125 0.221875
1 0.4 0.90546875 0.1703125 0.1890625
1 0.5109375 0.95078125 0.1234375 0.0984375
1 0.51875 0.7875 0.16484375 0.22734375
1 0.51484375 0.578125 0.14609375 0.225
1 0.640625 0.28046875 0.14765625 0.24765625
1 0.6421875 0.4875 0.1515625 0.21484375
1 0.65 0.69453125 0.14453125 0.23984375
1 0.65 0.8953125 0.14609375 0.209375
1 0.77734375 0.940625 0.15390625 0.11875
1 0.77890625 0.7828125 0.1421875 0.21484375
1 0.775 0.59375 0.15703125 0.20703125
1 0.77890625 0.4015625 0.14609375 0.221875
1 0.91171875 0.8765625 0.15546875 0.221875
1 0.90859375 0.66953125 0.14453125 0.2046875
1 0.90625 0.471875 0.13125 0.23984375
1 0.89921875 0.275 0.15 0.2046875
1 0.98671875 0.3609375 0.0265625 0.2125
1 0.98125 0.5609375 0.0375 0.1921875
1 0.97890625 0.7578125 0.0421875 0.2375
1 0.97890625 0.93203125 0.0421875 0.1359375