1 0.0234375 0.03359375 0.04375 0.0671875
1 0.06796875 0.01953125 0.0578125 0.0390625
1 0.16796875 0.0328125 0.06484375 0.065625
1 0.31015625 0.03203125 0.05234375 0.06328125
1 0.365625 0.02421875 0.05390625 0.04765625
1 0.25859375 0.01640625 0.05234375 0.0328125
1 0.4609375 0.0265625 0.0703125 0.05234375
1 0.5203125 0.02734375 0.059375 0.0546875
1 0.61171875 0.02421875 0.05546875 0.04765625
1 0.559375 0.0140625 0.05546875 0.028125
1 0.71328125 0.028125 0.0453125 0.05625
1 0.66015625 0.01328125 0.05234375 0.0265625
1 0.76640625 0.01171875 0.0578125 0.0234375
1 0.81484375 0.02265625 0.0515625 0.0453125
1 0.86171875 0.00859375 0.05390625 0.0171875
1 0.91640625 0.0171875 0.0546875 0.034375
1 0.06484375 0.1375 0.05234375 0.065625
1 0.021875 0.10625 0.04375 0.065625
1 0.0234375 0.17578125 0.04609375 0.06796875
1 0.115625 0.17265625 0.06328125 0.08046875
1 0.9671875 0.00859375 0.05390625 0.0171875
1 0.91640625 0.07890625 0.05234375 0.0609375
1 0.990625 0.14296875 0.01875 0.05859375
1 0.99375 0.2125 0.0125 0.071875
1 0.9625 0.10703125 0.05234375 0.065625
1 0.8125 0.0875 0.059375 0.06796875
1 0.76015625 0.1265625 0.05234375 0.06328125
1 0.8625 0.11328125 0.06171875 0.06328125
1 0.81015625 0.15078125 0.05546875 0.065625
1 0.86640625 0.1875 0.06875 0.07890625
1 0.91640625 0.21796875 0.05546875 0.06328125
1 0.96640625 0.17890625 0.06328125 0.06796875
1 0.91640625 0.15078125 0.0578125 0.06796875
1 0.96484375 0.25078125 0.06875 0.06953125
1 0.765625 0.19453125 0.059375 0.05859375
1 0.8125 0.225 0.05546875 0.06328125
1 0.86796875 0.2578125 0.0578125 0.06796875
1 0.91640625 0.29453125 0.04609375 0.06953125
1 0.86640625 0.32734375 0.0484375 0.05234375
1 0.765625 0.2640625 0.05234375 0.0765625
1 0.7171875 0.29921875 0.05390625 0.07421875
1 0.715625 0.225 0.05234375 0.065625
1 0.6671875 0.1875 0.0578125 0.065625
1 0.815625 0.2921875 0.0484375 0.06796875
1 0.9703125 0.325 0.05390625 0.0765625
1 0.99453125 0.34609375 0.0109375 0.071875
1 0.91484375 0.41953125 0.0484375 0.05859375
1 0.96484375 0.45 0.05546875 0.065625
1 0.91484375 0.5546875 0.0578125 0.07421875
1 0.9703125 0.59140625 0.0578125 0.06328125
1 0.96875 0.51953125 0.059375 0.065625
1 0.9703125 0.65703125 0.05546875 0.05859375
1 0.86953125 0.66796875 0.06171875 0.065625
1 0.86953125 0.72734375 0.06328125 0.06328125
1 0.9234375 0.746875 0.06171875 0.071875
1 0.9734375 0.7796875 0.053125 0.06875
1 0.1671875 0.14375 0.05390625 0.05
1 0.165625 0.20546875 0.0578125 0.065625
1 0.21953125 0.1703125 0.06328125 0.07421875
1 0.16953125 0.27734375 0.06484375 0.06953125
1 0.0671875 0.27734375 0.06328125 0.06796875
1 0.115625 0.24453125 0.05546875 0.07421875
1 0.021875 0.31015625 0.04375 0.0796875
1 0.021875 0.37890625 0.04375 0.0703125
1 0.0671875 0.34296875 0.06328125 0.071875
1 0.11875 0.3734375 0.059375 0.071875
1 0.06875 0.40390625 0.05234375 0.0609375
1 0.00546875 0.48046875 0.0109375 0.06953125
1 0.0703125 0.48046875 0.05546875 0.06796875
1 0.02265625 0.446875 0.04453125 0.06796875
1 0.01953125 0.521875 0.0390625 0.05234375
1 0.02421875 0.58203125 0.0484375 0.05859375
1 0.0265625 0.64609375 0.053125 0.0609375
1 0.02578125 0.71171875 0.0484375 0.065625
1 0.02890625 0.78046875 0.0578125 0.0765625
1 0.02890625 0.8515625 0.0578125 0.07421875
1 0.02890625 0.9765625 0.0546875 0.046875
1 0.0796875 0.95234375 0.06171875 0.065625
1 0.08203125 0.88671875 0.06171875 0.0609375
1 0.0765625 0.8125 0.05546875 0.065625
1 0.0765625 0.74453125 0.0578125 0.065625
1 0.0765625 0.68125 0.05390625 0.05859375
1 0.0703125 0.61328125 0.05390625 0.065625
1 0.0703125 0.54609375 0.05546875 0.065625
1 0.12265625 0.44765625 0.059375 0.07421875
1 0.11875 0.5171875 0.040625 0.04765625
1 0.1171875 0.57890625 0.0578125 0.08046875
1 0.12421875 0.64609375 0.059375 0.0609375
1 0.128125 0.709375 0.05 0.05859375
1 0.128125 0.7796875 0.05390625 0.06953125
1 0.13046875 0.84296875 0.05234375 0.071875
1 0.13203125 0.9125 0.06328125 0.071875
1 0.13203125 0.978125 0.0484375 0.04375
1 0.18046875 0.9921875 0.04453125 0.015625
1 0.178125 0.9453125 0.05234375 0.06796875
1 0.1765625 0.87734375 0.040625 0.05703125
1 0.18046875 0.80546875 0.0484375 0.06796875
1 0.1765625 0.7359375 0.04453125 0.0609375
1 0.1765625 0.6640625 0.04609375 0.0765625
1 0.175 0.61328125 0.05234375 0.05703125
1 0.16953125 0.55 0.05390625 0.06796875
1 0.17265625 0.48046875 0.05234375 0.06796875
1 0.17109375 0.41015625 0.05234375 0.06328125
1 0.17109375 0.3453125 0.05 0.0609375
1 0.225 0.30546875 0.04609375 0.06953125
1 0.22109375 0.2359375 0.05 0.05703125
1 0.2171875 0.3671875 0.03515625 0.04140625
1 0.2234375 0.43203125 0.05390625 0.06953125
1 0.215625 0.5 0.05 0.0546875
1 0.2234375 0.5765625 0.05546875 0.07421875
1 0.22109375 0.63984375 0.04453125 0.05703125
1 0.2234375 0.696875 0.0578125 0.065625
1 0.225 0.76875 0.05390625 0.06796875
1 0.225 0.83828125 0.05234375 0.07421875
1 0.2265625 0.91484375 0.06171875 0.06953125
1 0.26171875 0.1265625 0.06171875 0.07421875
1 0.31015625 0.16796875 0.0671875 0.071875
1 0.3140625 0.23359375 0.0671875 0.06328125
1 0.26953125 0.2640625 0.0578125 0.071875
1 0.3140625 0.29921875 0.0578125 0.071875
1 0.2734375 0.40390625 0.0578125 0.07890625
1 0.315625 0.37109375 0.059375 0.06796875
1 0.31953125 0.44140625 0.05 0.06328125
1 0.2734375 0.5375 0.06171875 0.06953125
1 0.3234375 0.5046875 0.06328125 0.06796875
1 0.2734375 0.60078125 0.06171875 0.06796875
1 0.2734375 0.67265625 0.05546875 0.065625
1 0.275 0.73828125 0.05 0.05703125
1 0.2734375 0.79453125 0.05 0.05234375
1 0.2734375 0.88203125 0.04609375 0.071875
1 0.2734375 0.95 0.0484375 0.06328125
1 0.275 0.98984375 0.05546875 0.01953125
1 0.32734375 0.57421875 0.05 0.06328125
1 0.32890625 0.63984375 0.06171875 0.06328125
1 0.115625 0.04140625 0.03515625 0.04609375
1 0.51328125 0.09140625 0.0484375 0.0609375
1 0.3625 0.1265625 0.04609375 0.0546875
1 0.41484375 0.1546875 0.06171875 0.065625
1 0.46640625 0.12265625 0.05390625 0.0609375
1 0.56875 0.12890625 0.05390625 0.065625
1 0.609375 0.09140625 0.04453125 0.05234375
1 0.6671875 0.12265625 0.05546875 0.0609375
1 0.71953125 0.159375 0.04453125 0.05234375
1 0.3640625 0.1984375 0.05390625 0.0546875
1 0.41484375 0.225 0.0578125 0.05859375
1 0.46640625 0.1921875 0.05546875 0.06328125
1 0.51328125 0.17265625 0.0484375 0.05859375
1 0.371875 0.2640625 0.05390625 0.065625
1 0.41640625 0.296875 0.05 0.0546875
1 0.36796875 0.3359375 0.0578125 0.06328125
1 0.36953125 0.4015625 0.05390625 0.06796875
1 0.41640625 0.37109375 0.05 0.06328125
1 0.46640625 0.2640625 0.0390625 0.04140625
1 0.471875 0.32734375 0.0484375 0.05703125
1 0.51484375 0.29453125 0.05234375 0.05859375
1 0.56875 0.25546875 0.05 0.05859375
1 0.615625 0.1546875 0.0484375 0.06953125
1 0.61328125 0.21796875 0.05390625 0.05703125
1 0.61171875 0.2859375 0.0578125 0.07421875
1 0.66171875 0.26015625 0.0578125 0.071875
1 0.5671875 0.3296875 0.0484375 0.0609375
1 0.6171875 0.3625 0.0484375 0.05859375
1 0.81953125 0.4171875 0.03515625 0.04375
1 0.47421875 0.40390625 0.04609375 0.06953125
1 0.5703125 0.39921875 0.05390625 0.06953125
1 0.61171875 0.43046875 0.04609375 0.05703125
1 0.675 0.45859375 0.04453125 0.05703125
1 0.72109375 0.48671875 0.05390625 0.0609375
1 0.7734375 0.4625 0.05546875 0.06328125
1 0.51875 0.434375 0.059375 0.065625
1 0.3734375 0.46484375 0.05390625 0.06953125
1 0.41796875 0.44296875 0.05234375 0.0546875
1 0.41796875 0.50859375 0.06171875 0.071875
1 0.36953125 0.55 0.04609375 0.05859375
1 0.4203125 0.56796875 0.05546875 0.06953125
1 0.37734375 0.609375 0.05234375 0.05703125
1 0.56875 0.46484375 0.05390625 0.0609375
1 0.61875 0.49765625 0.06171875 0.07421875
1 0.4796875 0.4828125 0.0484375 0.0609375
1 0.52578125 0.50625 0.05546875 0.0609375
1 0.56875 0.53515625 0.04296875 0.05234375
1 0.41796875 0.63125 0.04453125 0.05234375
1 0.38125 0.675 0.05234375 0.05234375
1 0.325 0.703125 0.0484375 0.05703125
1 0.47421875 0.5375 0.05390625 0.0546875
1 0.51875 0.57421875 0.040625 0.05859375
1 0.47734375 0.6046875 0.05546875 0.07421875
1 0.6171875 0.56953125 0.05234375 0.0609375
1 0.67265625 0.5265625 0.0484375 0.0609375
1 0.72109375 0.56796875 0.05234375 0.07421875
1 0.7765625 0.5328125 0.05546875 0.06796875
1 0.7734375 0.60078125 0.05390625 0.06328125
1 0.775 0.66796875 0.04453125 0.06796875
1 0.5671875 0.60703125 0.0578125 0.06953125
1 0.615625 0.63515625 0.05234375 0.065625
1 0.67109375 0.59140625 0.0484375 0.06328125
1 0.67265625 0.6703125 0.03359375 0.04765625
1 0.7234375 0.6921875 0.05390625 0.071875
1 0.48125 0.67890625 0.05 0.05703125
1 0.4234375 0.70546875 0.05 0.05703125
1 0.3234375 0.7640625 0.05546875 0.05703125
1 0.3234375 0.834375 0.05390625 0.06328125
1 0.321875 0.8953125 0.0484375 0.05859375
1 0.3734375 0.8078125 0.04296875 0.05703125
1 0.4203125 0.77265625 0.0578125 0.06328125
1 0.52421875 0.709375 0.040625 0.05703125
1 0.4796875 0.73828125 0.05390625 0.071875
1 0.47734375 0.81015625 0.05546875 0.05859375
1 0.52578125 0.775 0.04296875 0.04765625
1 0.57421875 0.6703125 0.04296875 0.05859375
1 0.61875 0.70078125 0.05 0.05859375
1 0.57421875 0.73984375 0.05234375 0.0609375
1 0.6171875 0.76875 0.03515625 0.04609375
1 0.67265625 0.73125 0.04609375 0.05859375
1 0.91796875 0.6921875 0.040625 0.05234375
1 0.7234375 0.76171875 0.0484375 0.0609375
1 0.78046875 0.790625 0.05234375 0.05703125
1 0.81953125 0.7640625 0.05546875 0.065625
1 0.86953125 0.7859375 0.05 0.06796875
1 0.91796875 0.8078125 0.05234375 0.06796875
1 0.97421875 0.85 0.0515625 0.06875
1 0.97578125 0.91796875 0.0484375 0.06796875
1 0.97578125 0.975 0.0484375 0.05
1 0.325 0.96484375 0.05 0.06796875
1 0.371875 0.93671875 0.05 0.04765625
1 0.4234375 0.89921875 0.05234375 0.05859375
1 0.48125 0.87109375 0.059375 0.06328125
1 0.5296875 0.83828125 0.05 0.06796875
1 0.57421875 0.8015625 0.05390625 0.065625
1 0.62265625 0.83203125 0.05 0.04375
1 0.67265625 0.79453125 0.04453125 0.065625
1 0.7265625 0.8296875 0.0578125 0.05234375
1 0.7828125 0.8578125 0.040625 0.06953125
1 0.825 0.8234375 0.05234375 0.0609375
1 0.8234375 0.89296875 0.05390625 0.06953125
1 0.87578125 0.85390625 0.04609375 0.06328125
1 0.9203125 0.8796875 0.05234375 0.05859375
1 0.8734375 0.91953125 0.04296875 0.0546875
1 0.921875 0.9453125 0.05546875 0.07890625
1 0.57421875 0.87109375 0.04609375 0.0609375
1 0.67265625 0.8625 0.05234375 0.06953125
1 0.72109375 0.890625 0.04609375 0.0546875
1 0.77890625 0.928125 0.0484375 0.05703125
1 0.8234375 0.9625 0.059375 0.05703125
1 0.871875 0.984375 0.04453125 0.03046875
1 0.91796875 0.9921875 0.06328125 0.015625
1 0.62265625 0.9015625 0.0484375 0.05859375
1 0.52578125 0.90625 0.05234375 0.05859375
1 0.5765625 0.94140625 0.05234375 0.07890625
1 0.67109375 0.934375 0.05234375 0.06796875
1 0.725 0.95859375 0.05390625 0.07421875
1 0.77578125 0.97890625 0.05390625 0.04140625
1 0.67734375 0.984375 0.05 0.03046875
1 0.47578125 0.934375 0.05 0.065625
1 0.37734375 0.984375 0.05546875 0.03046875
1 0.42578125 0.96953125 0.059375 0.05234375
1 0.48671875 0.98125 0.05234375 0.0375
1 0.52890625 0.9703125 0.05 0.05859375
1 0.57421875 0.9875 0.0484375 0.025