1 0.00625 0.37734375 0.0125 0.1390625
1 0.0265625 0.171875 0.053125 0.075
1 0.03125 0.08828125 0.0625 0.08203125
1 0.146875 0.17421875 0.0890625 0.1046875
1 0.2265625 0.05703125 0.0953125 0.096875
1 0.0875 0.0515625 0.084375 0.10234375
1 0.146875 0.02734375 0.06875 0.0546875
1 0.0296875 0.52578125 0.0578125 0.11171875
1 0.075 0.39765625 0.0890625 0.10078125
1 0.0890625 0.29296875 0.078125 0.10078125
1 0.1515625 0.4359375 0.0890625 0.09140625
1 0.1609375 0.34765625 0.0828125 0.096875
1 0.1578125 0.28046875 0.053125 0.053125
1 0.2859375 0.18828125 0.0734375 0.07890625
1 0.3640625 0.22734375 0.0734375 0.096875
1 0.221875 0.30625 0.075 0.08828125
1 0.2171875 0.40078125 0.071875 0.0859375
1 0.4171875 0.10234375 0.1109375 0.11328125
1 0.41875 0.0296875 0.0921875 0.05859375
1 0.4921875 0.053125 0.06875 0.1046875
1 0.484375 0.15 0.0765625 0.08828125
1 0.4734375 0.234375 0.0890625 0.0734375
1 0.4640625 0.39765625 0.1015625 0.11015625
1 0.3953125 0.35859375 0.0859375 0.08984375
1 0.4578125 0.2984375 0.0859375 0.0625
1 0.603125 0.30390625 0.0984375 0.1046875
1 0.5984375 0.41171875 0.1046875 0.10234375
1 0.6046875 0.15234375 0.0921875 0.10078125
1 0.6734375 0.19609375 0.1015625 0.096875
1 0.6015625 0.06015625 0.0859375 0.09140625
1 0.66875 0.03515625 0.071875 0.06953125
1 0.7375 0.0625 0.06875 0.096875
1 0.8078125 0.0328125 0.0890625 0.065625
1 0.9375 0.0328125 0.075 0.065625
1 0.9390625 0.11171875 0.0859375 0.0859375
1 0.934375 0.2015625 0.08125 0.0765625
1 0.8703125 0.15234375 0.0625 0.09140625
1 0.7375 0.30234375 0.10625 0.096875
1 0.8578125 0.31484375 0.0828125 0.09375
1 0.8046875 0.19375 0.0875 0.09140625
1 0.7453125 0.2234375 0.0546875 0.0734375
1 0.921875 0.35546875 0.0796875 0.09140625
1 0.9296875 0.46171875 0.0921875 0.1078125
1 0.9296875 0.6390625 0.0671875 0.08828125
1 0.73125 0.403125 0.0796875 0.08203125
1 0.8015625 0.4453125 0.078125 0.09375
1 0.528125 0.540625 0.0984375 0.1078125
1 0.2 0.56953125 0.10625 0.096875
1 0.2859375 0.53671875 0.0765625 0.08828125
1 0.353125 0.58046875 0.084375 0.0953125
1 0.271875 0.63515625 0.0953125 0.08828125
1 0.2890625 0.27109375 0.0859375 0.084375
1 0.1484375 0.80625 0.0796875 0.0859375
1 0.2109375 0.85 0.0890625 0.084375
1 0.20625 0.75078125 0.0765625 0.0953125
1 0.340625 0.765625 0.09375 0.096875
1 0.3546875 0.67734375 0.08125 0.0859375
1 0.4734375 0.6703125 0.0984375 0.10625
1 0.4203125 0.61015625 0.0765625 0.09921875
1 0.459375 0.778125 0.08125 0.08203125
1 0.675 0.71796875 0.078125 0.09375
1 0.6015625 0.78203125 0.096875 0.07890625
1 0.6 0.671875 0.084375 0.10625
1 0.5328125 0.7453125 0.0859375 0.08046875
1 0.66875 0.62109375 0.078125 0.08984375
1 0.784375 0.64296875 0.0890625 0.09140625
1 0.79375 0.81875 0.0765625 0.08203125
1 0.6703125 0.53125 0.090625 0.10234375
1 0.8 0.553125 0.1109375 0.08203125
1 0.7296875 0.49453125 0.0703125 0.09140625
1 0.7296875 0.8703125 0.078125 0.11171875
1 0.5953125 0.9484375 0.0953125 0.10078125
1 0.6703125 0.9046875 0.0875 0.08203125
1 0.390625 0.89765625 0.0765625 0.0953125
1 0.33125 0.946875 0.1046875 0.0953125
1 0.4625 0.9453125 0.0890625 0.10625
1 0.26875 0.9703125 0.08125 0.05859375
1 0.075 0.9796875 0.0875 0.03828125
1 0.3984375 0.990625 0.0828125 0.01796875
1 0.6765625 0.97265625 0.0796875 0.053125
1 0.728125 0.99609375 0.059375 0.00703125
1 0.859375 0.99609375 0.075 0.00703125
1 0.865625 0.596875 0.065625 0.11015625
1 0.86875 0.49609375 0.0546875 0.10234375
1 0.0265625 0.7109375 0.053125 0.065625
1 0.7859375 0.90859375 0.0734375 0.0734375