1 0.0734375 0.92109375 0.1453125 0.1578125
1 0.0734375 0.7390625 0.146875 0.1984375
1 0.0703125 0.52109375 0.1390625 0.1890625
1 0.071875 0.3171875 0.14375 0.22421875
1 0.08125 0.1140625 0.1625 0.178125
1 0.0609375 0.00859375 0.121875 0.01640625
1 0.2234375 0.05390625 0.1875 0.1078125
1 0.2171875 0.23125 0.1484375 0.19453125
1 0.2140625 0.43125 0.171875 0.18203125
1 0.2078125 0.63828125 0.146875 0.178125
1 0.209375 0.853125 0.1640625 0.190625
1 0.3625 0.9265625 0.1515625 0.146875
1 0.371875 0.75078125 0.1625 0.19609375
1 0.36875 0.546875 0.165625 0.18359375
1 0.375 0.34296875 0.1375 0.17578125
1 0.384375 0.13203125 0.1734375 0.2
1 0.38515625 0.02265625 0.1359375 0.0453125
1 0.5203125 0.8609375 0.14375 0.18359375
1 0.5109375 0.66953125 0.15 0.17578125
1 0.515625 0.43515625 0.1546875 0.2109375
1 0.51875 0.22578125 0.1609375 0.19453125
1 0.528125 0.0625 0.1609375 0.125
1 0.659375 0.9359375 0.1625 0.128125
1 0.6640625 0.77265625 0.1828125 0.20703125
1 0.66875 0.5671875 0.184375 0.2109375
1 0.6625 0.35625 0.165625 0.190625
1 0.678125 0.14296875 0.1875 0.19453125
1 0.6984375 0.0125 0.18125 0.025
1 0.83046875 0.07265625 0.1390625 0.1453125
1 0.8296875 0.2625 0.15 0.190625
1 0.8328125 0.453125 0.14375 0.1671875
1 0.8375 0.6640625 0.1421875 0.178125
1 0.8171875 0.875 0.128125 0.20390625
1 0.95 0.7578125 0.1 0.17421875
1 0.9484375 0.56171875 0.103125 0.16875
1 0.9515625 0.35234375 0.096875 0.159375
1 0.9515625 0.15390625 0.096875 0.19453125
1 0.95078125 0.01953125 0.0953125 0.03828125
1 0.94375 0.9359375 0.1125 0.128125