1 0.0453125 0.98125 0.090625 0.03671875
1 0.003125 0.87265625 0.00625 0.0984375
1 0.184375 0.9875 0.11015625 0.025
1 0.19765625 0.921875 0.115625 0.11953125
1 0.046875 0.81875 0.09375 0.109375
1 0.05078125 0.60078125 0.09453125 0.13203125
1 0.003125 0.6359375 0.00625 0.159375
1 0.1890625 0.81875 0.11171875 0.12578125
1 0.26953125 0.7734375 0.1 0.13359375
1 0.475 0.9546875 0.1 0.090625
1 0.33046875 0.62734375 0.090625 0.10703125
1 0.21015625 0.5984375 0.09609375 0.1296875
1 0.1203125 0.6625 0.08203125 0.1046875
1 0.0421875 0.7203125 0.0765625 0.103125
1 0.05390625 0.3828125 0.1 0.13359375
1 0.2046875 0.38515625 0.115625 0.1375
1 0.12421875 0.446875 0.08203125 0.1046875
1 0.05390625 0.18203125 0.1078125 0.1328125
1 0.2640625 0.25546875 0.10703125 0.13359375
1 0.20078125 0.17265625 0.1015625 0.103125
1 0.134375 0.12109375 0.0859375 0.1234375
1 0.33046875 0.0984375 0.11015625 0.11484375
1 0.06796875 0.059375 0.06484375 0.090625
1 0.20625 0.065625 0.09453125 0.0984375
1 0.2078125 0.009375 0.08359375 0.01875
1 0.340625 0.02265625 0.0765625 0.0453125
1 0.409375 0.271875 0.1 0.103125
1 0.3375 0.2078125 0.103125 0.103125
1 0.41796875 0.15625 0.07890625 0.08828125
1 0.54375 0.28203125 0.1 0.09296875
1 0.48984375 0.090625 0.11328125 0.103125
1 0.55390625 0.05078125 0.06640625 0.10078125
1 0.484375 0.21640625 0.0765625 0.10078125
1 0.56640625 0.17265625 0.09296875 0.1046875
1 0.63828125 0.09453125 0.115625 0.1234375
1 0.6328125 0.32109375 0.10703125 0.12578125
1 0.4859375 0.421875 0.1 0.10078125
1 0.559375 0.4734375 0.0859375 0.1109375
1 0.47578125 0.74296875 0.0734375 0.1171875
1 0.546875 0.6828125 0.0875 0.12734375
1 0.63125 0.6421875 0.09453125 0.10078125
1 0.62734375 0.746875 0.0859375 0.09453125
1 0.69609375 0.903125 0.1046875 0.12578125
1 0.7921875 0.84765625 0.090625 0.11953125
1 0.778125 0.9546875 0.10859375 0.090625
1 0.9734375 0.96796875 0.05234375 0.0640625
1 0.865625 0.978125 0.09453125 0.04296875
1 0.85703125 0.6828125 0.11875 0.1234375
1 0.91953125 0.44453125 0.06640625 0.08828125
1 0.865625 0.3765625 0.08046875 0.08203125
1 0.79375 0.33125 0.090625 0.09296875
1 0.63671875 0.5265625 0.0890625 0.11953125
1 0.71328125 0.48359375 0.09453125 0.11484375
1 0.78671875 0.52890625 0.103125 0.109375
1 0.79375 0.4296875 0.08046875 0.0984375
1 0.71875 0.36796875 0.075 0.1234375
1 0.6328125 0.42578125 0.09609375 0.09296875
1 0.80390625 0.228125 0.1046875 0.1171875
1 0.71171875 0.16875 0.1046875 0.11953125
1 0.86875 0.16484375 0.11171875 0.1296875
1 0.87265625 0.0515625 0.1046875 0.090625
1 0.78984375 0.1046875 0.07890625 0.1109375
1 0.7234375 0.0578125 0.075 0.084375
1 0.72734375 0.01015625 0.1015625 0.0203125
1 0.015625 0.11796875 0.03125 0.109375
1 0.01640625 0.0390625 0.0328125 0.078125
1 0.1296875 0.75703125 0.075 0.08671875
1 0.421875 0.003125 0.0859375 0.00625
1 0.97890625 0.01171875 0.0421875 0.0234375
1 0.93515625 0.2203125 0.09609375 0.096875
1 0.9796875 0.16171875 0.03984375 0.1046875
1 0.9796875 0.38984375 0.03984375 0.10078125
1 0.975 0.29140625 0.05 0.1046875
1 0.90703125 0.446875 0.13984375 0.084375