1 0.0046875 0.21640625 0.0078125 0.0953125
1 0.0328125 0.271875 0.065625 0.09375
1 0.0046875 0.3984375 0.0078125 0.09921875
1 0.8484375 0.896875 0.096875 0.096875
1 0.534375 0.946875 0.0640625 0.09375
1 0.2921875 0.9953125 0.078125 0.009375
1 0.10546875 0.98203125 0.0828125 0.0359375
1 0.01171875 0.96953125 0.0234375 0.0609375
1 0.0453125 0.9484375 0.0703125 0.096875
1 0.04375 0.7984375 0.08125 0.08984375
1 0.0421875 0.70078125 0.084375 0.09140625
1 0.0375 0.54140625 0.075 0.10625
1 0.1609375 0.35390625 0.06875 0.0953125
1 0.034375 0.35625 0.06875 0.0828125
1 0.096875 0.39296875 0.0828125 0.08984375
1 0.1015625 0.4859375 0.08125 0.0953125
1 0.040625 0.61484375 0.08125 0.09140625
1 0.2265625 0.47890625 0.0921875 0.0953125
1 0.0328125 0.440625 0.065625 0.08828125
1 0.1578125 0.5265625 0.0765625 0.09921875
1 0.0921875 0.66953125 0.0796875 0.084375
1 0.103125 0.75234375 0.0828125 0.103125
1 0.1703125 0.87890625 0.103125 0.0859375
1 0.2109375 0.56484375 0.0875 0.08984375
1 0.4625 0.475 0.0859375 0.09375
1 0.2875 0.5265625 0.0734375 0.0859375
1 0.2875 0.609375 0.0859375 0.08828125
1 0.215625 0.64375 0.075 0.07890625
1 0.165625 0.7796875 0.0859375 0.103125
1 0.2328125 0.7390625 0.084375 0.10625
1 0.2890625 0.9578125 0.0890625 0.0828125
1 0.2984375 0.871875 0.0703125 0.07890625
1 0.240625 0.83828125 0.0703125 0.08828125
1 0.3 0.79296875 0.05625 0.0734375
1 0.2984375 0.70078125 0.071875 0.08984375
1 0.353125 0.6515625 0.059375 0.07890625
1 0.3609375 0.82734375 0.0890625 0.084375
1 0.3578125 0.7359375 0.0796875 0.0859375
1 0.4078125 0.9375 0.078125 0.05859375
1 0.47421875 0.96640625 0.0734375 0.0671875
1 0.41484375 0.9875 0.0796875 0.025
1 0.7140625 0.64765625 0.084375 0.08984375
1 0.725 0.821875 0.078125 0.11171875
1 0.596875 0.64609375 0.08125 0.0953125
1 0.5296875 0.60546875 0.078125 0.1140625
1 0.6578125 0.51953125 0.09375 0.115625
1 0.596875 0.8125 0.08125 0.096875
1 0.478125 0.8125 0.0734375 0.0953125
1 0.4140625 0.85859375 0.0703125 0.0734375
1 0.4125 0.6859375 0.06875 0.07890625
1 0.04375 0.871875 0.08125 0.0828125
1 0.0078125 0.8546875 0.0140625 0.07890625
1 0.409375 0.528125 0.0734375 0.0828125
1 0.471875 0.73046875 0.06875 0.0640625
1 0.5359375 0.696875 0.0703125 0.0734375
1 0.5375 0.77265625 0.05625 0.084375
1 0.4734375 0.64609375 0.0609375 0.09375
1 0.4734375 0.56171875 0.0578125 0.075
1 0.4140625 0.609375 0.0640625 0.08828125
1 0.428125 0.77578125 0.071875 0.0828125
1 0.659375 0.9390625 0.0953125 0.07890625
1 0.68125 0.99140625 0.075 0.01640625
1 0.72890625 0.9625 0.0578125 0.075
1 0.6578125 0.8625 0.075 0.09140625
1 0.6578125 0.7671875 0.06875 0.09140625
1 0.721875 0.73046875 0.078125 0.09375
1 0.6 0.73203125 0.0640625 0.084375
1 0.1640625 0.10859375 0.0953125 0.09921875
1 0.2203125 0.22734375 0.0796875 0.08984375
1 0.278125 0.26796875 0.0859375 0.10625
1 0.35 0.31953125 0.0765625 0.11171875
1 0.340625 0.04609375 0.09375 0.09140625
1 0.34375 0.128125 0.0828125 0.0828125
1 0.35 0.2125 0.08125 0.08046875
1 0.5328125 0.17265625 0.0671875 0.0859375
1 0.5203125 0.08828125 0.05625 0.06953125
1 0.41875 0.071875 0.0734375 0.05859375
1 0.4171875 0.159375 0.0734375 0.0859375
1 0.5390625 0.35625 0.0640625 0.1046875
1 0.478125 0.30859375 0.0734375 0.0859375
1 0.4765625 0.21640625 0.078125 0.09140625
1 0.415625 0.2609375 0.059375 0.07890625
1 0.471875 0.13046875 0.053125 0.0828125
1 0.5875 0.221875 0.0859375 0.09921875
1 0.6609375 0.2546875 0.0734375 0.084375
1 0.65625 0.16484375 0.0890625 0.08984375
1 0.640625 0.0828125 0.0765625 0.0625
1 0.7796875 0.084375 0.1078125 0.10078125
1 0.7234375 0.296875 0.0796875 0.0953125
1 0.78125 0.2515625 0.08125 0.0953125
1 0.85 0.303125 0.0765625 0.096875
1 0.6546875 0.41484375 0.078125 0.0859375
1 0.721875 0.3890625 0.0671875 0.07734375
1 0.7828125 0.42734375 0.084375 0.08984375
1 0.7828125 0.52109375 0.0734375 0.0828125
1 0.8453125 0.64921875 0.0953125 0.09140625
1 0.840625 0.55078125 0.071875 0.08046875
1 0.8484375 0.45703125 0.084375 0.09140625
1 0.9078125 0.503125 0.0734375 0.0828125
1 0.90625 0.5890625 0.08125 0.1046875
1 0.9671875 0.55625 0.0640625 0.1046875
1 0.9671875 0.4546875 0.0625 0.06640625
1 0.9140625 0.6828125 0.0765625 0.0859375
1 0.9734375 0.6421875 0.0515625 0.075
1 0.915625 0.76484375 0.084375 0.0953125
1 0.9125 0.85703125 0.0765625 0.0828125
1 0.9703125 0.80390625 0.0578125 0.09140625
1 0.85625 0.96953125 0.071875 0.0609375
1 0.96015625 0.95703125 0.0765625 0.0859375
1 0.471875 0.90859375 0.06875 0.08046875
1 0.0140625 0.7578125 0.0265625 0.0859375
1 0.2078125 0.89375 0.021875 0.0296875
1 0.2375 0.90859375 0.046875 0.053125
1 0.4734375 0.0125 0.053125 0.025
1 0.55 0.02421875 0.0875 0.04765625
1 0.61875 0.01484375 0.06875 0.0296875
1 0.90625 0.2546875 0.0625 0.0734375
1 0.9546875 0.2 0.078125 0.0828125
1 0.9546875 0.04921875 0.075 0.0953125
1 0.8390625 0.04609375 0.090625 0.09140625
1 0.684375 0.02421875 0.0734375 0.04765625