1 0.415625 0.68515625 0.16640625 0.1953125
1 0.19296875 0.703125 0.115625 0.16171875
1 0.0671875 0.59296875 0.13359375 0.196875
1 0.06875 0.9203125 0.1203125 0.159375
1 0.29453125 0.91640625 0.1390625 0.1671875
1 0.521875 0.7890625 0.11328125 0.15546875
1 0.640625 0.67109375 0.115625 0.17734375
1 0.76640625 0.59765625 0.1421875 0.1875
1 0.884375 0.36484375 0.12734375 0.18515625
1 0.52734375 0.2671875 0.12734375 0.175
1 0.321875 0.27265625 0.15078125 0.17890625
1 0.65859375 0.06875 0.14375 0.1375
1 0.06796875 0.2765625 0.1359375 0.18359375
1 0.203125 0.1890625 0.1375 0.19140625
1 0.33046875 0.09140625 0.1359375 0.1671875
1 0.2078125 0.053125 0.13046875 0.10546875
1 0.0828125 0.0875 0.13203125 0.16953125
1 0.9625 0.6046875 0.07421875 0.165625
1 0.965625 0.78359375 0.06875 0.1671875
1 0.878125 0.8484375 0.12578125 0.18515625
1 0.75546875 0.91796875 0.13046875 0.16328125
1 0.6265625 0.95390625 0.14375 0.09140625
1 0.96015625 0.03125 0.0796875 0.06171875
1 0.01328125 0.04921875 0.0265625 0.0984375
1 0.5265625 0.02109375 0.140625 0.0421875
1 0.52734375 0.59375 0.11328125 0.14375
1 0.42578125 0.51171875 0.11875 0.12734375
1 0.00703125 0.859375 0.01328125 0.1734375
1 0.8734375 0.9703125 0.14375 0.059375