1 0.05703125 0.046875 0.1140625 0.09375
1 0.0578125 0.2125 0.115625 0.2296875
1 0.053125 0.4671875 0.10625 0.21953125
1 0.05625 0.70234375 0.11171875 0.259375
1 0.06640625 0.91796875 0.1328125 0.1640625
1 0.203125 0.97265625 0.215625 0.0546875
1 0.196875 0.80234375 0.17109375 0.22578125
1 0.19296875 0.5703125 0.1984375 0.2109375
1 0.1859375 0.3296875 0.16953125 0.20625
1 0.18671875 0.09609375 0.18984375 0.19140625
1 0.3640625 0.040625 0.175 0.08046875
1 0.37578125 0.2 0.1875 0.22734375
1 0.371875 0.4359375 0.19140625 0.2125
1 0.37890625 0.67265625 0.15859375 0.20390625
1 0.3890625 0.90078125 0.2 0.19765625
1 0.54609375 0.08984375 0.1671875 0.1796875
1 0.5359375 0.29375 0.1734375 0.20390625
1 0.54140625 0.565625 0.17890625 0.24453125
1 0.5453125 0.80859375 0.1859375 0.22578125
1 0.5546875 0.9625 0.1859375 0.07421875
1 0.7078125 0.0296875 0.1875 0.059375
1 0.71328125 0.17421875 0.2109375 0.240625
1 0.71875 0.4125 0.21328125 0.24453125
1 0.7109375 0.6578125 0.19140625 0.22109375
1 0.728125 0.89609375 0.215625 0.2078125
1 0.90546875 0.95078125 0.1609375 0.09765625
1 0.9046875 0.765625 0.1734375 0.22109375
1 0.9078125 0.54453125 0.16640625 0.19375
1 0.91328125 0.3 0.1640625 0.20625
1 0.88984375 0.0875 0.14765625 0.17421875