1 0.02109375 0.98984375 0.0328125 0.0203125
1 0.0484375 0.98125 0.040625 0.0375
1 0.025 0.96015625 0.040625 0.04375
1 0.08125 0.82890625 0.0421875 0.05390625
1 0.028125 0.9125 0.0421875 0.05
1 0.0546875 0.94140625 0.0375 0.04765625
1 0.08125 0.91484375 0.04765625 0.0625
1 0.08359375 0.9625 0.04609375 0.04375
1 0.0046875 0.896875 0.00859375 0.03984375
1 0.00625 0.85546875 0.0125 0.04765625
1 0.025 0.87265625 0.040625 0.04765625
1 0.025 0.82734375 0.04453125 0.04765625
1 0.00703125 0.81328125 0.0140625 0.04765625
1 0.14375 0.87734375 0.04453125 0.05859375
1 0.17578125 0.85390625 0.0390625 0.04375
1 0.2078125 0.83515625 0.03203125 0.04140625
1 0.171875 0.81015625 0.04765625 0.04609375
1 0.17578125 0.76640625 0.04453125 0.04375
1 0.05 0.76875 0.04453125 0.06015625
1 0.08671875 0.74765625 0.03515625 0.04765625
1 0.115625 0.76875 0.0375 0.04765625
1 0.2375 0.89765625 0.03046875 0.04375
1 0.11875 0.93515625 0.0390625 0.05234375
1 0.1125 0.97734375 0.040625 0.0453125
1 0.1453125 0.99140625 0.03203125 0.01640625
1 0.146875 0.96015625 0.0375 0.05
1 0.1765625 0.98125 0.040625 0.0375
1 0.20390625 0.96015625 0.0421875 0.05234375
1 0.2359375 0.98125 0.03203125 0.0375
1 0.265625 0.91875 0.0421875 0.04765625
1 0.265625 0.95859375 0.03515625 0.04140625
1 0.2640625 0.98828125 0.03203125 0.02265625
1 0.2890625 0.98359375 0.040625 0.0328125
1 0.384375 0.99453125 0.03515625 0.01015625
1 0.4171875 0.98125 0.0375 0.0375
1 0.3578125 0.984375 0.03515625 0.03125
1 0.32265625 0.96640625 0.04453125 0.05
1 0.35625 0.94609375 0.04453125 0.05625
1 0.29453125 0.94609375 0.04453125 0.05390625
1 0.32421875 0.91640625 0.04453125 0.05390625
1 0.38828125 0.96640625 0.0421875 0.06015625
1 0.41640625 0.90234375 0.0390625 0.05859375
1 0.2921875 0.8625 0.03359375 0.04375
1 0.25859375 0.8375 0.040625 0.05
1 0.328125 0.83984375 0.03515625 0.04765625
1 0.2921875 0.81484375 0.0421875 0.05390625
1 0.35625 0.86015625 0.03515625 0.05
1 0.38828125 0.83984375 0.040625 0.06015625
1 0.5921875 0.990625 0.03203125 0.01875
1 0.62578125 0.97265625 0.03203125 0.03984375
1 0.50390625 0.975 0.03359375 0.03984375
1 0.53359375 0.95390625 0.0390625 0.04375
1 0.475 0.95 0.040625 0.04140625
1 0.4734375 0.90859375 0.04453125 0.04609375
1 0.45234375 0.84140625 0.03203125 0.04375
1 0.4765625 0.86015625 0.04609375 0.05390625
1 0.50859375 0.88984375 0.03203125 0.04609375
1 0.53359375 0.90625 0.04609375 0.05859375
1 0.53359375 0.86640625 0.03359375 0.03984375
1 0.565625 0.84609375 0.040625 0.05234375
1 0.50703125 0.84375 0.03359375 0.03984375
1 0.53515625 0.82109375 0.040625 0.05
1 0.50703125 0.80390625 0.0375 0.04609375
1 0.5390625 0.775 0.0375 0.04609375
1 0.50859375 0.76015625 0.0390625 0.05
1 0.57265625 0.79765625 0.0375 0.05
1 0.659375 0.86484375 0.0390625 0.03984375
1 0.62265625 0.8 0.040625 0.04375
1 0.75390625 0.975 0.03203125 0.03359375
1 0.76953125 0.95234375 0.05 0.03984375
1 0.83359375 0.95 0.04765625 0.04609375
1 0.809375 0.978125 0.040625 0.04375
1 0.86328125 0.975 0.0421875 0.04765625
1 0.95625 0.990625 0.0375 0.01875
1 0.92265625 0.978125 0.040625 0.04375
1 0.92890625 0.9375 0.03515625 0.04375
1 0.959375 0.95625 0.0390625 0.05390625
1 0.9859375 0.97734375 0.028125 0.0453125
1 0.778125 0.91015625 0.03515625 0.03515625
1 0.81015625 0.8875 0.0421875 0.05625
1 0.865625 0.89375 0.0390625 0.04140625
1 0.71640625 0.86484375 0.0546875 0.06484375
1 0.56953125 0.75625 0.03515625 0.03984375
1 0.5640625 0.71875 0.05 0.04609375
1 0.603125 0.74140625 0.0421875 0.05390625
1 0.6328125 0.71875 0.0390625 0.05234375
1 0.66171875 0.73984375 0.04609375 0.04765625
1 0.71796875 0.78125 0.053125 0.0625
1 0.7484375 0.84609375 0.0375 0.04609375
1 0.7515625 0.80859375 0.040625 0.05234375
1 0.7765625 0.78515625 0.03359375 0.04765625
1 0.80703125 0.76015625 0.0375 0.05390625
1 0.83515625 0.74140625 0.03515625 0.04609375
1 0.8703125 0.725 0.040625 0.05390625
1 0.74609375 0.725 0.0421875 0.04375
1 0.70546875 0.70390625 0.05703125 0.05
1 0.63671875 0.67734375 0.028125 0.04375
1 0.75390625 0.68359375 0.03359375 0.04375
1 0.80859375 0.68359375 0.03515625 0.05234375
1 0.83828125 0.7 0.04453125 0.04765625
1 0.83828125 0.6625 0.0421875 0.03984375
1 0.83671875 0.62265625 0.04453125 0.05234375
1 0.81015625 0.59609375 0.040625 0.04375
1 0.71796875 0.66015625 0.040625 0.04765625
1 0.709375 0.62734375 0.0390625 0.0375
1 0.63828125 0.6375 0.04609375 0.0375
1 0.57265625 0.63984375 0.03359375 0.03984375
1 0.69140625 0.60234375 0.0390625 0.05
1 0.75546875 0.59765625 0.0421875 0.05234375
1 0.75 0.55390625 0.04453125 0.05390625
1 0.696875 0.55625 0.04609375 0.04765625
1 0.8953125 0.625 0.03046875 0.03125
1 0.53515625 0.66015625 0.04453125 0.06484375
1 0.60078125 0.57734375 0.0390625 0.04609375
1 0.63125 0.60859375 0.015625 0.02265625
1 0.63671875 0.55390625 0.03359375 0.04609375
1 0.56953125 0.5125 0.0375 0.04765625
1 0.59921875 0.49765625 0.0390625 0.04765625
1 0.66484375 0.53515625 0.03359375 0.04375
1 0.659375 0.49609375 0.040625 0.04140625
1 0.81015625 0.51484375 0.03359375 0.04375
1 0.78359375 0.45234375 0.0421875 0.05234375
1 0.7515625 0.43359375 0.04609375 0.05390625
1 0.6953125 0.47265625 0.0421875 0.05234375
1 0.66484375 0.45390625 0.0390625 0.04765625
1 0.68984375 0.43359375 0.0421875 0.05234375
1 0.60078125 0.45234375 0.04765625 0.05
1 0.63671875 0.42890625 0.04453125 0.0625
1 0.66640625 0.40625 0.0375 0.04609375
1 0.5140625 0.6 0.03515625 0.04375
1 0.5109375 0.55390625 0.0421875 0.05625
1 0.50859375 0.675 0.0390625 0.05
1 0.47890625 0.62109375 0.0390625 0.05
1 0.4765625 0.6625 0.0390625 0.04375
1 0.48203125 0.69609375 0.03046875 0.03515625
1 0.45390625 0.7125 0.0390625 0.03984375
1 0.45 0.67734375 0.025 0.03359375
1 0.38125 0.675 0.0375 0.0375
1 0.41484375 0.73359375 0.0515625 0.05234375
1 0.45 0.75625 0.04453125 0.05
1 0.4203125 0.68984375 0.04609375 0.05390625
1 0.32421875 0.79609375 0.0390625 0.04375
1 0.3578125 0.775 0.040625 0.05234375
1 0.32265625 0.75625 0.0421875 0.03984375
1 0.2640625 0.75625 0.0421875 0.04765625
1 0.2375 0.73125 0.040625 0.04375
1 0.29609375 0.73359375 0.03046875 0.04375
1 0.32421875 0.7125 0.0390625 0.04609375
1 0.29453125 0.69375 0.03359375 0.0375
1 0.3265625 0.67734375 0.03359375 0.03359375
1 0.328125 0.6375 0.0421875 0.05
1 0.26953125 0.67109375 0.04453125 0.04375
1 0.24140625 0.69140625 0.03359375 0.02890625
1 0.00703125 0.73046875 0.0140625 0.05234375
1 0.028125 0.71015625 0.03515625 0.03125
1 0.00703125 0.69140625 0.0140625 0.03359375
1 0.028125 0.66875 0.0375 0.0375
1 0.0546875 0.68984375 0.03359375 0.04609375
1 0.00546875 0.65078125 0.0109375 0.05234375
1 0.08515625 0.70625 0.03359375 0.02890625
1 0.92734375 0.80859375 0.03359375 0.0375
1 0.95546875 0.87265625 0.0390625 0.04609375
1 0.9859375 0.853125 0.028125 0.04765625
1 0.92890625 0.72265625 0.0515625 0.06015625
1 0.9625 0.70390625 0.03515625 0.05859375
1 0.9859375 0.68984375 0.028125 0.04609375
1 0.90234375 0.66015625 0.03203125 0.02734375
1 0.92734375 0.64140625 0.03515625 0.04375
1 0.9359375 0.68125 0.03203125 0.0375
1 0.9578125 0.6625 0.03203125 0.04375
1 0.9859375 0.65078125 0.028125 0.05625
1 0.89921875 0.58125 0.03515625 0.05
1 0.92734375 0.56015625 0.03203125 0.04375
1 0.9578125 0.58125 0.05 0.05859375
1 0.90625 0.54140625 0.02109375 0.03125
1 0.90234375 0.49765625 0.040625 0.05234375
1 0.9578125 0.5375 0.0375 0.0375
1 0.98671875 0.51796875 0.0265625 0.04375
1 0.959375 0.49765625 0.040625 0.04609375
1 0.84375 0.45625 0.0390625 0.04375
1 0.9609375 0.45625 0.03515625 0.04609375
1 0.9859375 0.43671875 0.028125 0.04765625
1 0.5765625 0.38359375 0.0515625 0.05625
1 0.6046875 0.31875 0.03203125 0.03515625
1 0.578125 0.22265625 0.040625 0.05234375
1 0.6171875 0.15 0.0265625 0.03125
1 0.6328125 0.22109375 0.0421875 0.05390625
1 0.66640625 0.19765625 0.04453125 0.05
1 0.66171875 0.27890625 0.04609375 0.05234375
1 0.696875 0.26640625 0.0375 0.04609375
1 0.6984375 0.225 0.04765625 0.05859375
1 0.7265625 0.24375 0.0375 0.04765625
1 0.725 0.20234375 0.03203125 0.04140625
1 0.75546875 0.21875 0.03515625 0.04765625
1 0.7890625 0.2 0.040625 0.05390625
1 0.66328125 0.32265625 0.04453125 0.06015625
1 0.69140625 0.38984375 0.0375 0.05234375
1 0.68828125 0.34140625 0.0421875 0.05859375
1 0.721875 0.39765625 0.040625 0.04375
1 0.7234375 0.3625 0.0390625 0.04140625
1 0.71953125 0.325 0.0390625 0.04765625
1 0.75546875 0.34609375 0.0390625 0.06484375
1 0.7875 0.32734375 0.03515625 0.04765625
1 0.81171875 0.38984375 0.04609375 0.05234375
1 0.87265625 0.34765625 0.0546875 0.06015625
1 0.90390625 0.2875 0.03359375 0.04375
1 0.84765625 0.24609375 0.040625 0.05
1 0.87578125 0.22890625 0.0390625 0.05390625
1 0.909375 0.20390625 0.03515625 0.05
1 0.84375 0.1625 0.0390625 0.03515625
1 0.93828125 0.22890625 0.03046875 0.04140625
1 0.89921875 0.45234375 0.03515625 0.04609375
1 0.90234375 0.41015625 0.04609375 0.0625
1 0.934375 0.39375 0.0375 0.05390625
1 0.92578125 0.34765625 0.05 0.04375
1 0.93046875 0.30859375 0.04453125 0.05859375
1 0.98671875 0.34921875 0.0265625 0.04765625
1 0.9828125 0.26796875 0.03359375 0.05234375
1 0.96796875 0.16875 0.02109375 0.025
1 0.99296875 0.18984375 0.0140625 0.02890625
1 0.90390625 0.16640625 0.02109375 0.02734375
1 0.82109375 0.34765625 0.03515625 0.04609375
1 0.146875 0.70625 0.0421875 0.04765625
1 0.115625 0.68515625 0.0390625 0.05234375
1 0.171875 0.69140625 0.03359375 0.04609375
1 0.20546875 0.66875 0.04453125 0.04375
1 0.025 0.63125 0.0390625 0.04609375
1 0.0265625 0.58359375 0.05 0.06015625
1 0.06015625 0.60859375 0.03515625 0.05234375
1 0.08515625 0.63359375 0.0375 0.04375
1 0.15078125 0.63125 0.0375 0.04765625
1 0.2125 0.63125 0.040625 0.04609375
1 0.20390625 0.59140625 0.0421875 0.04375
1 0.328125 0.5875 0.03515625 0.05
1 0.3578125 0.57109375 0.0375 0.03984375
1 0.421875 0.57890625 0.040625 0.05390625
1 0.45234375 0.55 0.0375 0.06015625
1 0.4203125 0.53125 0.0375 0.03984375
1 0.3921875 0.50859375 0.0265625 0.03125
1 0.41875 0.49375 0.0390625 0.04765625
1 0.45 0.47109375 0.03359375 0.05234375
1 0.11875 0.60859375 0.04609375 0.04609375
1 0.090625 0.5875 0.04765625 0.05859375
1 0.14921875 0.59140625 0.04453125 0.04375
1 0.1828125 0.57265625 0.03046875 0.0375
1 0.15234375 0.55 0.04453125 0.05390625
1 0.18046875 0.525 0.03359375 0.05625
1 0.025 0.50390625 0.03515625 0.03359375
1 0.06015625 0.52265625 0.03515625 0.04375
1 0.08828125 0.5 0.03359375 0.04375
1 0.1171875 0.4875 0.0390625 0.04375
1 0.14921875 0.50234375 0.0375 0.04609375
1 0.025 0.45234375 0.0390625 0.04765625
1 0.09375 0.46015625 0.0421875 0.04609375
1 0.27109375 0.54765625 0.0421875 0.04765625
1 0.2390625 0.53125 0.0421875 0.05
1 0.2375 0.4875 0.0390625 0.04765625
1 0.2109375 0.4625 0.03359375 0.04375
1 0.090625 0.41640625 0.04453125 0.04609375
1 0.15234375 0.41640625 0.0515625 0.06015625
1 0.12734375 0.39609375 0.0375 0.05234375
1 0.19140625 0.40625 0.0390625 0.04765625
1 0.2109375 0.37734375 0.0375 0.03515625
1 0.16171875 0.37109375 0.040625 0.04765625
1 0.18828125 0.35390625 0.0375 0.05390625
1 0.265625 0.42734375 0.03515625 0.04609375
1 0.3296875 0.46484375 0.0375 0.05
1 0.365625 0.44375 0.0375 0.05625
1 0.3953125 0.42265625 0.0375 0.05
1 0.36328125 0.40234375 0.040625 0.04765625
1 0.29765625 0.39765625 0.04453125 0.05859375
1 0.33359375 0.37890625 0.0375 0.05
1 0.3671875 0.35625 0.0390625 0.05
1 0.48203125 0.40390625 0.0390625 0.05
1 0.3953125 0.29375 0.0390625 0.05
1 0.4765625 0.32265625 0.0375 0.04375
1 0.5140625 0.30234375 0.04609375 0.05234375
1 0.484375 0.27734375 0.04765625 0.05390625
1 0.4859375 0.2375 0.028125 0.03515625
1 0.33359375 0.22265625 0.03515625 0.03984375
1 0.42890625 0.20390625 0.040625 0.04609375
1 0.396875 0.175 0.028125 0.03515625
1 0.42734375 0.1625 0.0375 0.03984375
1 0.459375 0.17890625 0.03515625 0.03984375
1 0.4875 0.15859375 0.028125 0.04140625
1 0.51796875 0.17734375 0.0390625 0.05234375
1 0.27109375 0.29375 0.0421875 0.05
1 0.33359375 0.33515625 0.03359375 0.04609375
1 0.06015625 0.34765625 0.04609375 0.04765625
1 0.09375 0.33515625 0.0375 0.05
1 0.12421875 0.34609375 0.03203125 0.05
1 0.1828125 0.275 0.0421875 0.04375
1 0.2515625 0.25625 0.0421875 0.04765625
1 0.275 0.175 0.03203125 0.04375
1 0.24609375 0.15625 0.03203125 0.04140625
1 0.15625 0.25390625 0.04453125 0.04765625
1 0.15390625 0.21640625 0.03359375 0.0375
1 0.12578125 0.1875 0.0375 0.03984375
1 0.1578125 0.175 0.0390625 0.06015625
1 0.12421875 0.15234375 0.040625 0.04609375
1 0.06015625 0.30234375 0.05 0.05390625
1 0.09609375 0.28984375 0.0421875 0.04375
1 0.09765625 0.25 0.0390625 0.04375
1 0.06015625 0.26484375 0.04609375 0.03984375
1 0.028125 0.24375 0.0390625 0.05234375
1 0.009375 0.1546875 0.01875 0.046875
1 0.03359375 0.17109375 0.03203125 0.04375
1 0.0640625 0.15390625 0.0390625 0.05234375
1 0.7734375 0.87265625 0.0390625 0.04765625
1 0.0640625 0.10859375 0.0421875 0.04765625
1 0.1296875 0.10390625 0.04609375 0.04609375
1 0.09765625 0.0875 0.040625 0.04765625
1 0.0140625 0.065625 0.028125 0.04375
1 0.0640625 0.0625 0.0515625 0.05234375
1 0.01484375 0.0203125 0.0296875 0.040625
1 0.0671875 0.01796875 0.03203125 0.03515625
1 0.18828125 0.06484375 0.04609375 0.04375
1 0.159375 0.04375 0.04453125 0.04375
1 0.15703125 0.01171875 0.040625 0.02265625
1 0.190625 0.02421875 0.040625 0.04765625
1 0.22265625 0.0140625 0.0390625 0.028125
1 0.221875 0.04609375 0.0390625 0.04609375
1 0.275 0.04140625 0.03203125 0.03515625
1 0.30703125 0.02265625 0.0390625 0.04140625
1 0.303125 0.11015625 0.040625 0.05234375
1 0.33515625 0.08515625 0.0375 0.04609375
1 0.3671875 0.1125 0.0375 0.04609375
1 0.4328125 0.1125 0.03203125 0.03984375
1 0.4875 0.10859375 0.0390625 0.04140625
1 0.40078125 0.08359375 0.03515625 0.04765625
1 0.43046875 0.06875 0.0375 0.05
1 0.46484375 0.05390625 0.0390625 0.05625
1 0.4875 0.07734375 0.040625 0.04765625
1 0.515625 0.04765625 0.0390625 0.05390625
1 0.51875 0.015625 0.03046875 0.03125
1 0.465625 0.01171875 0.0375 0.02265625
1 0.396875 0.05 0.04765625 0.05390625
1 0.36796875 0.02421875 0.04765625 0.04765625
1 0.3984375 0.0140625 0.0375 0.028125
1 0.54609375 0.07265625 0.03203125 0.03359375
1 0.6078125 0.07265625 0.03203125 0.03984375
1 0.671875 0.07265625 0.03046875 0.03984375
1 0.578125 0.05390625 0.04609375 0.04765625
1 0.5515625 0.009375 0.03515625 0.01875
1 0.578125 0.015625 0.03515625 0.03125
1 0.6078125 0.02890625 0.0375 0.04375
1 0.60546875 0.00546875 0.0375 0.01015625
1 0.640625 0.021875 0.040625 0.04375
1 0.6953125 0.015625 0.03203125 0.03125
1 0.6703125 0.00546875 0.028125 0.01015625
1 0.7890625 0.07265625 0.028125 0.03984375
1 0.746875 0.0171875 0.034375 0.034375
1 0.78828125 0.009375 0.040625 0.01875
1 0.82109375 0.01796875 0.03515625 0.03515625
1 0.8171875 0.13359375 0.0265625 0.02890625
1 0.84609375 0.11640625 0.03359375 0.04140625
1 0.88125 0.09609375 0.03515625 0.04765625
1 0.84765625 0.07109375 0.03046875 0.03984375
1 0.84921875 0.03359375 0.03515625 0.04140625
1 0.87890625 0.02109375 0.040625 0.04140625
1 0.934375 0.10390625 0.03203125 0.05234375
1 0.9734375 0.13515625 0.02109375 0.02890625
1 0.96484375 0.07890625 0.0234375 0.02734375
1 0.96875 0.0078125 0.03125 0.015625
1 0.98828125 0.0203125 0.0203125 0.040625