1 0.98984375 0.92109375 0.0203125 0.153125
1 0.8625 0.99140625 0.11875 0.0171875
1 0.603125 0.96875 0.11171875 0.06171875
1 0.859375 0.9125 0.12890625 0.13125
1 0.7625 0.8921875 0.11875 0.1515625
1 0.68828125 0.93046875 0.084375 0.12578125
1 0.94765625 0.76171875 0.1046875 0.1265625
1 0.990625 0.5859375 0.01875 0.13125
1 0.859375 0.7984375 0.103125 0.1171875
1 0.76953125 0.77109375 0.11015625 0.13125
1 0.6828125 0.81640625 0.0796875 0.09375
1 0.584375 0.7671875 0.1234375 0.1171875
1 0.67265625 0.71328125 0.1 0.12734375
1 0.58984375 0.64765625 0.11875 0.13125
1 0.43046875 0.753125 0.08671875 0.0953125
1 0.340625 0.80703125 0.11171875 0.1234375
1 0.2421875 0.76484375 0.11015625 0.109375
1 0.3421875 0.91796875 0.1375 0.1375
1 0.240625 0.8765625 0.12578125 0.14375
1 0.3390625 0.99140625 0.1375 0.0171875
1 0.23203125 0.9734375 0.1203125 0.053125
1 0.05625 0.78671875 0.103125 0.11953125
1 0.059375 0.67109375 0.103125 0.11953125
1 0.14609375 0.59921875 0.10859375 0.109375
1 0.0609375 0.54609375 0.103125 0.14921875
1 0.140625 0.478125 0.10546875 0.13515625
1 0.13046875 0.34453125 0.12578125 0.1390625
1 0.00859375 0.21875 0.0171875 0.1234375
1 0.065625 0.15546875 0.13046875 0.14375
1 0.0578125 0.05078125 0.115625 0.1015625
1 0.31875 0.0796875 0.09140625 0.1015625
1 0.41328125 0.53203125 0.09453125 0.1171875
1 0.321875 0.478125 0.11875 0.14140625
1 0.31875 0.3328125 0.12890625 0.13359375
1 0.2171875 0.28515625 0.115625 0.16171875
1 0.321875 0.20546875 0.1203125 0.13515625
1 0.584375 0.51953125 0.11015625 0.121875
1 0.50703125 0.4859375 0.08828125 0.13125
1 0.85078125 0.57578125 0.0984375 0.12734375
1 0.7625 0.515625 0.11328125 0.14375
1 0.94609375 0.5375 0.103125 0.109375
1 0.940625 0.4140625 0.11875 0.1515625
1 0.98671875 0.31328125 0.0265625 0.1484375
1 0.68125 0.33671875 0.11875 0.14375
1 0.5796875 0.25859375 0.11875 0.1296875
1 0.4796875 0.20703125 0.115625 0.15546875
1 0.75078125 0.14140625 0.11875 0.14765625
1 0.67578125 0.0546875 0.103125 0.109375
1 0.58671875 0.12734375 0.1234375 0.16171875
1 0.48125 0.071875 0.09140625 0.1296875
1 0.4890625 0.009375 0.1125 0.01875
1 0.93671875 0.046875 0.1265625 0.09375