1 0.021875 0.96171875 0.04375 0.07578125
1 0.07734375 0.940625 0.1046875 0.11875
1 0.1875 0.96796875 0.1125 0.0640625
1 0.2984375 0.91796875 0.1265625 0.16171875
1 0.190625 0.83984375 0.128125 0.20390625
1 0.2984375 0.75390625 0.1203125 0.16640625
1 0.021875 0.83125 0.0421875 0.1875
1 0.071875 0.77265625 0.125 0.20390625
1 0.0171875 0.65703125 0.034375 0.18984375
1 0.0796875 0.58515625 0.1359375 0.1703125
1 0.0796875 0.4125 0.1234375 0.18125
1 0.01875 0.34140625 0.0375 0.19375
1 0.0171875 0.17265625 0.034375 0.19765625
1 0.0265625 0.0484375 0.0515625 0.096875
1 0.0859375 0.09375 0.13125 0.1875
1 0.0859375 0.25234375 0.1046875 0.1578125
1 0.19296875 0.0390625 0.1265625 0.078125
1 0.1890625 0.16640625 0.1171875 0.1875
1 0.196875 0.33046875 0.1140625 0.15546875
1 0.190625 0.50078125 0.1171875 0.19140625
1 0.190625 0.684375 0.1125 0.18515625
1 0.303125 0.07578125 0.1328125 0.1515625
1 0.3 0.2421875 0.1140625 0.1828125
1 0.3046875 0.4171875 0.125 0.16875
1 0.29375 0.59140625 0.1328125 0.20234375
1 0.415625 0.9515625 0.11875 0.096875
1 0.5140625 0.921875 0.121875 0.15390625
1 0.6328125 0.9640625 0.125 0.071875
1 0.6328125 0.878125 0.1328125 0.1703125
1 0.7421875 0.9265625 0.109375 0.1453125
1 0.8546875 0.975 0.11875 0.0484375
1 0.9453125 0.921875 0.1078125 0.15390625
1 0.85625 0.8609375 0.125 0.19140625
1 0.7484375 0.7703125 0.1125 0.18984375
1 0.5125 0.77265625 0.128125 0.17265625
1 0.415625 0.6609375 0.11875 0.2
1 0.525 0.6125 0.1109375 0.18125
1 0.4140625 0.49921875 0.1171875 0.17890625
1 0.421875 0.32421875 0.13125 0.18515625
1 0.428125 0.16171875 0.1421875 0.1765625
1 0.42890625 0.04296875 0.1265625 0.0859375
1 0.5234375 0.00546875 0.109375 0.01015625
1 0.5203125 0.0875 0.103125 0.175
1 0.5265625 0.26953125 0.1375 0.18984375
1 0.5234375 0.44453125 0.121875 0.1875
1 0.628125 0.69296875 0.1234375 0.20625
1 0.6296875 0.5203125 0.1265625 0.17890625
1 0.6359375 0.34765625 0.1203125 0.2
1 0.6359375 0.1765625 0.121875 0.1828125
1 0.634375 0.04921875 0.121875 0.0984375
1 0.74375 0.009375 0.11875 0.01875
1 0.7421875 0.103125 0.128125 0.17890625
1 0.74375 0.2734375 0.11875 0.17890625
1 0.740625 0.43125 0.13125 0.17265625
1 0.74375 0.59140625 0.121875 0.18515625
1 0.95 0.02734375 0.0984375 0.0546875
1 0.85390625 0.05390625 0.1171875 0.10703125
1 0.8546875 0.19609375 0.1296875 0.18515625
1 0.8515625 0.36875 0.1203125 0.1703125
1 0.85 0.5328125 0.109375 0.2
1 0.84375 0.696875 0.125 0.1703125
1 0.953125 0.625 0.09375 0.1765625
1 0.9484375 0.45859375 0.1015625 0.16015625
1 0.946875 0.29453125 0.1046875 0.19765625
1 0.946875 0.1265625 0.1046875 0.16171875