1 0.90390625 0.990625 0.0296875 0.01875
1 0.84609375 0.9921875 0.0328125 0.015625
1 0.875 0.984375 0.03515625 0.03125
1 0.9046875 0.96484375 0.03359375 0.0390625
1 0.8734375 0.94609375 0.0390625 0.0375
1 0.9046875 0.92578125 0.0265625 0.0375
1 0.9015625 0.884375 0.03203125 0.0375
1 0.903125 0.84296875 0.03203125 0.0375
1 0.87109375 0.9046875 0.03671875 0.04140625
1 0.87109375 0.86328125 0.03515625 0.0453125
1 0.87109375 0.82421875 0.0390625 0.04375
1 0.8453125 0.9671875 0.03671875 0.04375
1 0.81015625 0.98359375 0.03515625 0.0328125
1 0.78125 0.9953125 0.025 0.009375
1 0.75078125 0.98359375 0.03671875 0.0328125
1 0.7203125 0.97109375 0.03203125 0.05390625
1 0.68359375 0.98046875 0.0296875 0.0390625
1 0.59921875 0.99375 0.03671875 0.0125
1 0.78359375 0.9671875 0.03203125 0.04140625
1 0.81171875 0.9484375 0.03515625 0.0390625
1 0.83984375 0.92734375 0.03359375 0.0390625
1 0.84140625 0.890625 0.03515625 0.0390625
1 0.83828125 0.8515625 0.03359375 0.04140625
1 0.83984375 0.80546875 0.03359375 0.0390625
1 0.8078125 0.909375 0.0296875 0.03515625
1 0.8078125 0.865625 0.03359375 0.0390625
1 0.8078125 0.83046875 0.03359375 0.0375
1 0.778125 0.846875 0.03203125 0.0375
1 0.7796875 0.8078125 0.03671875 0.0390625
1 0.778125 0.884375 0.03203125 0.04140625
1 0.7796875 0.9296875 0.03359375 0.0390625
1 0.7484375 0.95078125 0.03203125 0.0375
1 0.7484375 0.9109375 0.03203125 0.0390625
1 0.7484375 0.871875 0.03671875 0.0375
1 0.7484375 0.8328125 0.0390625 0.0390625
1 0.75 0.79375 0.040625 0.04375
1 0.7234375 0.9296875 0.03203125 0.0375
1 0.71796875 0.89453125 0.03359375 0.0390625
1 0.7203125 0.853125 0.03671875 0.0390625
1 0.7203125 0.81640625 0.040625 0.0453125
1 0.721875 0.76875 0.03515625 0.04765625
1 0.44765625 0.9921875 0.0296875 0.015625
1 0.38671875 0.98984375 0.03671875 0.0203125
1 0.5390625 0.9953125 0.028125 0.009375
1 0.509375 0.990625 0.0265625 0.01875
1 0.48046875 0.975 0.0390625 0.04140625
1 0.446875 0.9625 0.03203125 0.04375
1 0.4171875 0.97734375 0.0296875 0.0390625
1 0.38203125 0.915625 0.040625 0.0390625
1 0.3859375 0.9625 0.0296875 0.025
1 0.38359375 0.9421875 0.03203125 0.02265625
1 0.32890625 0.9171875 0.0296875 0.03515625
1 0.30078125 0.903125 0.0296875 0.02890625
1 0.32890625 0.88203125 0.0296875 0.0375
1 0.29921875 0.86953125 0.03203125 0.04140625
1 0.359375 0.859375 0.03203125 0.03515625
1 0.32890625 0.84296875 0.03203125 0.0375
1 0.4171875 0.90078125 0.0296875 0.03515625
1 0.446875 0.915625 0.02109375 0.025
1 0.5109375 0.95078125 0.03671875 0.0453125
1 0.48203125 0.93828125 0.03203125 0.04140625
1 0.56875 0.984375 0.03515625 0.03125
1 0.540625 0.97109375 0.028125 0.0328125
1 0.63046875 0.98359375 0.028125 0.0328125
1 0.6 0.9734375 0.03515625 0.0328125
1 0.5671875 0.9546875 0.03671875 0.04140625
1 0.65703125 0.975 0.0296875 0.0390625
1 0.68828125 0.95078125 0.03515625 0.0265625
1 0.68984375 0.91328125 0.03203125 0.04140625
1 0.68828125 0.86953125 0.028125 0.03125
1 0.65703125 0.93203125 0.03203125 0.0375
1 0.62890625 0.95234375 0.028125 0.03515625
1 0.6 0.93828125 0.028125 0.0328125
1 0.6265625 0.91328125 0.03203125 0.0328125
1 0.65859375 0.89453125 0.03203125 0.0328125
1 0.68828125 0.83046875 0.040625 0.0453125
1 0.65703125 0.8578125 0.03671875 0.04375
1 0.5984375 0.890625 0.03203125 0.0375
1 0.596875 0.853125 0.03359375 0.0390625
1 0.6265625 0.83046875 0.0265625 0.03515625
1 0.6546875 0.81640625 0.03515625 0.0390625
1 0.56484375 0.9109375 0.03203125 0.03515625
1 0.5390625 0.8921875 0.0265625 0.0328125
1 0.56484375 0.871875 0.0296875 0.0328125
1 0.50859375 0.915625 0.0296875 0.0328125
1 0.47890625 0.89453125 0.03203125 0.0375
1 0.50703125 0.87578125 0.028125 0.0328125
1 0.47890625 0.85546875 0.02109375 0.025
1 0.446875 0.87578125 0.025 0.025
1 0.415625 0.859375 0.028125 0.03515625
1 0.44921875 0.8390625 0.028125 0.0328125
1 0.5390625 0.8515625 0.0296875 0.03125
1 0.56484375 0.83046875 0.03203125 0.03515625
1 0.56484375 0.7953125 0.03203125 0.0390625
1 0.5390625 0.81171875 0.03359375 0.0375
1 0.50859375 0.834375 0.03515625 0.0390625
1 0.47890625 0.8140625 0.03359375 0.0375
1 0.68671875 0.7890625 0.03203125 0.0375
1 0.65703125 0.775 0.03359375 0.0390625
1 0.5984375 0.775 0.03203125 0.0390625
1 0.62890625 0.75234375 0.03203125 0.0375
1 0.68828125 0.75 0.03203125 0.04140625
1 0.65703125 0.73125 0.03515625 0.0390625
1 0.596875 0.73515625 0.03203125 0.0390625
1 0.56328125 0.75625 0.03359375 0.03515625
1 0.27109375 0.99140625 0.03515625 0.01640625
1 0.3015625 0.98046875 0.03359375 0.0390625
1 0.26953125 0.9609375 0.0421875 0.04140625
1 0.26796875 0.91953125 0.03203125 0.04375
1 0.1484375 0.99140625 0.03671875 0.01640625
1 0.20859375 0.99140625 0.03359375 0.01640625
1 0.2390625 0.978125 0.03515625 0.04375
1 0.2390625 0.9421875 0.03515625 0.04375
1 0.2390625 0.90078125 0.03671875 0.04140625
1 0.209375 0.96484375 0.03515625 0.04140625
1 0.2078125 0.92578125 0.03671875 0.04140625
1 0.2078125 0.884375 0.03359375 0.0390625
1 0.20625 0.8453125 0.03359375 0.03515625
1 0.1796875 0.859375 0.0265625 0.03515625
1 0.178125 0.903125 0.03515625 0.0390625
1 0.178125 0.94453125 0.03671875 0.0375
1 0.17578125 0.98203125 0.0328125 0.0359375
1 0.15 0.97109375 0.03359375 0.03515625
1 0.15 0.93203125 0.03671875 0.04921875
1 0.14765625 0.88671875 0.03359375 0.0390625
1 0.1171875 0.98515625 0.03359375 0.02890625
1 0.11640625 0.95078125 0.03671875 0.04140625
1 0.11796875 0.9109375 0.0296875 0.03515625
1 0.11640625 0.86796875 0.03671875 0.04375
1 0.14765625 0.84296875 0.03359375 0.03515625
1 0.11640625 0.8265625 0.03671875 0.0375
1 0.0078125 0.98515625 0.015625 0.02890625
1 0.05546875 0.98671875 0.0296875 0.0265625
1 0.0078125 0.95234375 0.015625 0.0375
1 0.028125 0.9734375 0.03203125 0.04765625
1 0.08828125 0.9734375 0.03359375 0.04375
1 0.0578125 0.9546875 0.03671875 0.04921875
1 0.084375 0.93203125 0.03515625 0.04140625
1 0.05625 0.91328125 0.03515625 0.0453125
1 0.0265625 0.93359375 0.0296875 0.0390625
1 0.0078125 0.91328125 0.015625 0.0453125
1 0.084375 0.8921875 0.03671875 0.0375
1 0.0859375 0.84921875 0.03359375 0.04375
1 0.0578125 0.86953125 0.03515625 0.0453125
1 0.0265625 0.8921875 0.03203125 0.04140625
1 0.00703125 0.87421875 0.0140625 0.0375
1 0.025 0.853125 0.03515625 0.0390625
1 0.0078125 0.83125 0.015625 0.0390625
1 0.2640625 0.8453125 0.03515625 0.0375
1 0.2359375 0.8265625 0.03515625 0.04140625
1 0.29921875 0.82421875 0.03359375 0.0390625
1 0.26796875 0.80546875 0.03671875 0.04140625
1 0.53359375 0.7703125 0.03671875 0.0390625
1 0.50546875 0.7953125 0.03359375 0.0375
1 0.47890625 0.775 0.0296875 0.0375
1 0.50390625 0.75390625 0.03671875 0.04140625
1 0.4453125 0.79921875 0.03515625 0.0375
1 0.415625 0.81640625 0.03671875 0.03125
1 0.4140625 0.77890625 0.028125 0.03515625
1 0.4453125 0.75859375 0.03671875 0.0390625
1 0.4140625 0.73515625 0.03359375 0.0375
1 0.44375 0.71484375 0.0296875 0.0375
1 0.56328125 0.7171875 0.0390625 0.0375
1 0.53671875 0.73125 0.03203125 0.0390625
1 0.50546875 0.7109375 0.03203125 0.03125
1 0.4734375 0.68984375 0.0296875 0.0328125
1 0.53515625 0.68984375 0.0296875 0.03515625
1 0.41171875 0.69453125 0.03359375 0.03515625
1 0.4140625 0.659375 0.03359375 0.0390625
1 0.38359375 0.84296875 0.028125 0.03125
1 0.359375 0.82421875 0.0296875 0.04140625
1 0.38359375 0.8015625 0.03515625 0.0390625
1 0.35546875 0.7765625 0.03203125 0.0390625
1 0.38203125 0.75859375 0.03359375 0.0390625
1 0.3859375 0.71875 0.03359375 0.0390625
1 0.38203125 0.6734375 0.03515625 0.0453125
1 0.35390625 0.69453125 0.03203125 0.0328125
1 0.35546875 0.73515625 0.03203125 0.0453125
1 0.32890625 0.80390625 0.0296875 0.03515625
1 0.29609375 0.7875 0.03671875 0.0390625
1 0.32421875 0.76015625 0.03515625 0.04140625
1 0.32421875 0.71875 0.03203125 0.0453125
1 0.29609375 0.74609375 0.028125 0.03515625
1 0.26796875 0.76484375 0.0296875 0.0390625
1 0.20390625 0.76875 0.0296875 0.03125
1 0.14765625 0.79921875 0.03203125 0.03125
1 0.14765625 0.76640625 0.025 0.0265625
1 0.178125 0.75 0.028125 0.03125
1 0.234375 0.74609375 0.03515625 0.0390625
1 0.20625 0.725 0.028125 0.03515625
1 0.2640625 0.725 0.03671875 0.0390625
1 0.2921875 0.7046875 0.03671875 0.04140625
1 0.2640625 0.68203125 0.0296875 0.0390625
1 0.20625 0.6859375 0.03203125 0.0375
1 0.17578125 0.7046875 0.03203125 0.0375
1 0.2359375 0.665625 0.0265625 0.03125
1 0.32421875 0.6796875 0.03203125 0.03515625
1 0.29609375 0.66328125 0.03203125 0.0390625
1 0.35234375 0.653125 0.0296875 0.0375
1 0.32578125 0.63828125 0.03203125 0.0390625
1 0.265625 0.63828125 0.03359375 0.0390625
1 0.234375 0.621875 0.03359375 0.04140625
1 0.2078125 0.646875 0.03359375 0.0390625
1 0.178125 0.66328125 0.03203125 0.0375
1 0.625 0.7125 0.03515625 0.0375
1 0.5953125 0.6921875 0.03515625 0.0390625
1 0.5671875 0.6734375 0.03515625 0.04375
1 0.53515625 0.65078125 0.03203125 0.04140625
1 0.47890625 0.65078125 0.03515625 0.0375
1 0.4453125 0.63828125 0.03359375 0.0390625
1 0.4140625 0.615625 0.028125 0.03515625
1 0.38203125 0.596875 0.0265625 0.0375
1 0.35234375 0.61796875 0.0296875 0.0328125
1 0.321875 0.5953125 0.03359375 0.04140625
1 0.29375 0.584375 0.025 0.0390625
1 0.2640625 0.5640625 0.0296875 0.0375
1 0.2375 0.58671875 0.0296875 0.0375
1 0.20390625 0.603125 0.03515625 0.04375
1 0.17578125 0.62421875 0.03515625 0.0375
1 0.17421875 0.5828125 0.028125 0.03515625
1 0.20390625 0.5640625 0.03203125 0.04375
1 0.50390625 0.628125 0.028125 0.0328125
1 0.47890625 0.609375 0.0296875 0.0375
1 0.4453125 0.59296875 0.03359375 0.0375
1 0.56484375 0.63203125 0.03203125 0.0375
1 0.596875 0.646875 0.03515625 0.0375
1 0.5953125 0.60546875 0.03359375 0.04140625
1 0.56484375 0.590625 0.03359375 0.0390625
1 0.53515625 0.609375 0.03203125 0.0328125
1 0.50546875 0.5890625 0.03515625 0.04140625
1 0.47890625 0.56796875 0.03359375 0.0390625
1 0.4453125 0.55390625 0.03515625 0.0375
1 0.41015625 0.5703125 0.03515625 0.03515625
1 0.38046875 0.55390625 0.028125 0.0328125
1 0.35234375 0.57265625 0.03203125 0.0375
1 0.32421875 0.55546875 0.03203125 0.0328125
1 0.290625 0.54140625 0.03203125 0.0390625
1 0.234375 0.54140625 0.0390625 0.04140625
1 0.41015625 0.53125 0.03515625 0.0375
1 0.47890625 0.53125 0.03359375 0.03515625
1 0.5015625 0.54765625 0.03203125 0.0328125
1 0.53359375 0.56640625 0.03203125 0.0375
1 0.9046875 0.8015625 0.028125 0.0328125
1 0.8078125 0.74375 0.03359375 0.0390625
1 0.87109375 0.7875 0.03671875 0.03515625
1 0.8046875 0.7828125 0.03203125 0.04765625
1 0.7765625 0.76875 0.03359375 0.04375
1 0.7484375 0.74765625 0.03359375 0.04765625
1 0.778125 0.725 0.03359375 0.0390625
1 0.74609375 0.70859375 0.03359375 0.03125
1 0.7203125 0.68828125 0.028125 0.03515625
1 0.68828125 0.70859375 0.03515625 0.0390625
1 0.903125 0.75625 0.03359375 0.0328125
1 0.86953125 0.74375 0.03359375 0.04375
1 0.83984375 0.7234375 0.03203125 0.0375
1 0.81015625 0.70234375 0.0296875 0.0328125
1 0.778125 0.6859375 0.03359375 0.03515625
1 0.7484375 0.665625 0.028125 0.03515625
1 0.68828125 0.6671875 0.03203125 0.0390625
1 0.6546875 0.65078125 0.0296875 0.0328125
1 0.62890625 0.6734375 0.0265625 0.0390625
1 0.6265625 0.63046875 0.03203125 0.04140625
1 0.9015625 0.71875 0.03359375 0.0375
1 0.9015625 0.6796875 0.03203125 0.0375
1 0.86953125 0.70234375 0.03203125 0.03515625
1 0.83828125 0.68203125 0.028125 0.02890625
1 0.86953125 0.65703125 0.03203125 0.0328125
1 0.83828125 0.6421875 0.03203125 0.0390625
1 0.8078125 0.62421875 0.03359375 0.0375
1 0.7765625 0.6421875 0.0265625 0.0328125
1 0.74609375 0.628125 0.03203125 0.0375
1 0.68828125 0.628125 0.0296875 0.03515625
1 0.6546875 0.6078125 0.028125 0.0390625
1 0.68671875 0.58671875 0.025 0.03125
1 0.65703125 0.56796875 0.0265625 0.0390625
1 0.71796875 0.6078125 0.0296875 0.03125
1 0.7796875 0.60546875 0.028125 0.03515625
1 0.89765625 0.59921875 0.0296875 0.0375
1 0.86796875 0.5828125 0.0296875 0.03515625
1 0.83984375 0.603125 0.0265625 0.02890625
1 0.83828125 0.56171875 0.03359375 0.0390625
1 0.80625 0.5828125 0.03671875 0.0390625
1 0.7765625 0.5640625 0.0296875 0.03515625
1 0.80625 0.5453125 0.03359375 0.0375
1 0.7765625 0.525 0.03203125 0.0328125
1 0.803125 0.50390625 0.0296875 0.0375
1 0.89609375 0.55546875 0.03359375 0.0375
1 0.86640625 0.5390625 0.0296875 0.03515625
1 0.83828125 0.52265625 0.03515625 0.0375
1 0.74453125 0.5828125 0.0296875 0.0328125
1 0.71640625 0.5703125 0.03203125 0.0390625
1 0.74296875 0.5453125 0.0265625 0.0328125
1 0.71796875 0.52890625 0.03203125 0.03515625
1 0.74296875 0.50390625 0.028125 0.0265625
1 0.68515625 0.5453125 0.028125 0.03515625
1 0.596875 0.56796875 0.03203125 0.03515625
1 0.625 0.5453125 0.03203125 0.0328125
1 0.653125 0.52890625 0.03359375 0.0328125
1 0.625 0.51015625 0.03359375 0.0390625
1 0.59296875 0.5265625 0.03203125 0.03515625
1 0.68515625 0.50625 0.03203125 0.0390625
1 0.71640625 0.4875 0.03515625 0.0375
1 0.56171875 0.5453125 0.03203125 0.03515625
1 0.53359375 0.52890625 0.028125 0.0328125
1 0.56328125 0.51015625 0.03671875 0.0328125
1 0.53203125 0.49140625 0.03515625 0.04765625
1 0.59296875 0.48984375 0.03359375 0.03515625
1 0.6515625 0.48984375 0.03671875 0.04375
1 0.50390625 0.51015625 0.03203125 0.0390625
1 0.47734375 0.49375 0.03359375 0.04375
1 0.4421875 0.51484375 0.03671875 0.0328125
1 0.4421875 0.47734375 0.03359375 0.0390625
1 0.41015625 0.49609375 0.03515625 0.03515625
1 0.38046875 0.475 0.03359375 0.04140625
1 0.37890625 0.51640625 0.03359375 0.0328125
1 0.35 0.5328125 0.03359375 0.04140625
1 0.35234375 0.49140625 0.03359375 0.04375
1 0.31875 0.4734375 0.0296875 0.0328125
1 0.3203125 0.43828125 0.03203125 0.0375
1 0.29375 0.4109375 0.0296875 0.0265625
1 0.2609375 0.47109375 0.028125 0.0328125
1 0.321875 0.51484375 0.03359375 0.0390625
1 0.29375 0.49765625 0.025 0.0265625
1 0.2625 0.51484375 0.03515625 0.0390625
1 0.05625 0.828125 0.03203125 0.03515625
1 0.0265625 0.81171875 0.03203125 0.04140625
1 0.00703125 0.7953125 0.0140625 0.0375
1 0.05625 0.7890625 0.03515625 0.03515625
1 0.1140625 0.74765625 0.03671875 0.0375
1 0.14765625 0.7296875 0.03515625 0.0390625
1 0.084375 0.7703125 0.0296875 0.03125
1 0.0265625 0.7703125 0.028125 0.03125
1 0.00546875 0.75234375 0.0109375 0.0328125
1 0.05625 0.74765625 0.03515625 0.0375
1 0.00625 0.7125 0.0125 0.0375
1 0.11640625 0.70859375 0.03515625 0.0375
1 0.14765625 0.68828125 0.028125 0.0375
1 0.14453125 0.646875 0.03671875 0.04140625
1 0.14453125 0.6015625 0.0390625 0.0375
1 0.1140625 0.62578125 0.03359375 0.03515625
1 0.1125 0.665625 0.04375 0.04140625
1 0.0828125 0.68828125 0.03671875 0.0453125
1 0.084375 0.7296875 0.03203125 0.04375
1 0.053125 0.70859375 0.0296875 0.0375
1 0.025 0.68984375 0.03515625 0.04140625
1 0.0046875 0.66640625 0.00859375 0.0390625
1 0.0546875 0.66953125 0.0265625 0.0328125
1 0.0265625 0.6484375 0.03203125 0.0375
1 0.08125 0.64453125 0.028125 0.0390625
1 0.05625 0.628125 0.0265625 0.0375
1 0.025 0.60546875 0.03671875 0.04375
1 0.00625 0.62890625 0.0125 0.03515625
1 0.00703125 0.5875 0.0140625 0.04375
1 0.1109375 0.584375 0.028125 0.04375
1 0.084375 0.60546875 0.03671875 0.0328125
1 0.0546875 0.584375 0.0390625 0.04375
1 0.0828125 0.5640625 0.03515625 0.0390625
1 0.02265625 0.56796875 0.028125 0.03125
1 0.00703125 0.546875 0.0140625 0.03515625
1 0.17265625 0.54375 0.03359375 0.04140625
1 0.14453125 0.56171875 0.03203125 0.04375
1 0.14296875 0.52265625 0.0390625 0.0328125
1 0.1125 0.54140625 0.0296875 0.04140625
1 0.0828125 0.525 0.03515625 0.03515625
1 0.0546875 0.5453125 0.03359375 0.03125
1 0.02265625 0.53125 0.03515625 0.0375
1 0.00546875 0.509375 0.0109375 0.04375
1 0.20234375 0.52265625 0.03359375 0.0390625
1 0.17421875 0.50625 0.03203125 0.0390625
1 0.19921875 0.4796875 0.03671875 0.04375
1 0.14453125 0.48515625 0.03671875 0.0390625
1 0.1109375 0.50390625 0.03515625 0.04140625
1 0.07890625 0.4875 0.03359375 0.04765625
1 0.053125 0.50859375 0.03359375 0.0390625
1 0.05078125 0.46484375 0.03515625 0.0390625
1 0.01953125 0.4875 0.03359375 0.0390625
1 0.00546875 0.46796875 0.0109375 0.0390625
1 0.23203125 0.415625 0.03203125 0.0375
1 0.17265625 0.4609375 0.0296875 0.04140625
1 0.14296875 0.44453125 0.040625 0.0453125
1 0.1125 0.46484375 0.0296875 0.04140625
1 0.08125 0.44453125 0.0390625 0.04375
1 0.053125 0.42734375 0.03515625 0.04765625
1 0.02265625 0.44609375 0.03671875 0.0453125
1 0.20234375 0.43984375 0.03671875 0.03515625
1 0.17421875 0.4234375 0.03671875 0.04375
1 0.20234375 0.3921875 0.040625 0.04765625
1 0.14296875 0.40078125 0.03515625 0.0453125
1 0.1109375 0.421875 0.03359375 0.0390625
1 0.084375 0.4046875 0.03359375 0.0453125
1 0.05625 0.384375 0.0390625 0.04140625
1 0.02109375 0.4046875 0.03515625 0.0453125
1 0.00390625 0.38671875 0.00703125 0.0375
1 0.1109375 0.384375 0.03203125 0.0390625
1 0.02109375 0.36328125 0.03359375 0.04140625
1 0.0046875 0.3421875 0.00859375 0.04375
1 0.17265625 0.37578125 0.0421875 0.04140625
1 0.20078125 0.35546875 0.0296875 0.0390625
1 0.1390625 0.359375 0.0390625 0.04375
1 0.1125 0.340625 0.03359375 0.0375
1 0.08125 0.3578125 0.03359375 0.0390625
1 0.05625 0.346875 0.03203125 0.04140625
1 0.025 0.32421875 0.0390625 0.0453125
1 0.08125 0.31796875 0.0296875 0.0375
1 0.0546875 0.29921875 0.0296875 0.0375
1 0.41171875 0.45078125 0.03671875 0.03515625
1 0.38203125 0.43359375 0.03515625 0.0375
1 0.35390625 0.41328125 0.03203125 0.0328125
1 0.32421875 0.396875 0.03515625 0.0390625
1 0.02265625 0.28125 0.03671875 0.0390625
1 0.0046875 0.26328125 0.00859375 0.04375
1 0.1671875 0.3390625 0.03203125 0.0375
1 0.140625 0.3203125 0.028125 0.0328125
1 0.00390625 0.21875 0.00703125 0.04921875
1 0.00546875 0.13515625 0.0109375 0.0390625
1 0.00390625 0.103125 0.00703125 0.04140625
1 0.23203125 0.340625 0.03515625 0.0390625
1 0.025 0.23984375 0.03359375 0.04140625
1 0.02109375 0.1984375 0.0390625 0.04140625
1 0.025 0.1546875 0.03359375 0.0390625
1 0.02109375 0.11796875 0.03359375 0.0375
1 0.01796875 0.08046875 0.03515625 0.0328125
1 0.01953125 0.04140625 0.028125 0.04140625
1 0.01796875 0.01015625 0.03515625 0.0203125
1 0.0765625 0.00625 0.03359375 0.0125
1 0.04921875 0.0203125 0.03203125 0.0375
1 0.07734375 0.03515625 0.03515625 0.04140625
1 0.05078125 0.06015625 0.0296875 0.03125
1 0.04921875 0.0953125 0.0390625 0.04375
1 0.07890625 0.078125 0.03359375 0.04375
1 0.05625 0.2625 0.03359375 0.0390625
1 0.0546875 0.22109375 0.03359375 0.04140625
1 0.04921875 0.17578125 0.03359375 0.0375
1 0.04921875 0.140625 0.0296875 0.04375
1 0.07890625 0.11796875 0.03671875 0.0375
1 0.08125 0.153125 0.03671875 0.04140625
1 0.08125 0.19453125 0.040625 0.0375
1 0.07890625 0.23515625 0.04375 0.04765625
1 0.08125 0.28125 0.03515625 0.0453125
1 0.109375 0.29921875 0.0390625 0.04765625
1 0.20234375 0.31171875 0.03515625 0.03515625
1 0.16875 0.2953125 0.0296875 0.0390625
1 0.1390625 0.28125 0.03515625 0.04140625
1 0.20234375 0.2765625 0.03671875 0.03125
1 0.16875 0.25859375 0.03671875 0.0453125
1 0.1390625 0.23359375 0.0296875 0.0453125
1 0.14453125 0.19609375 0.03515625 0.03515625
1 0.1109375 0.1796875 0.03203125 0.0453125
1 0.1359375 0.15703125 0.0421875 0.04765625
1 0.109375 0.13828125 0.03359375 0.03515625
1 0.1109375 0.103125 0.03359375 0.04140625
1 0.10703125 0.0640625 0.0296875 0.04140625
1 0.10390625 0.0171875 0.0328125 0.034375
1 0.13671875 0.00859375 0.0296875 0.01640625
1 0.1359375 0.0375 0.0296875 0.0390625
1 0.1390625 0.07421875 0.03515625 0.0375
1 0.1390625 0.115625 0.03671875 0.04140625
1 0.20390625 0.2375 0.03359375 0.04140625
1 0.17265625 0.21484375 0.03671875 0.04140625
1 0.17421875 0.17578125 0.03515625 0.04140625
1 0.16875 0.134375 0.03203125 0.0390625
1 0.165625 0.09921875 0.03359375 0.03515625
1 0.1671875 0.06015625 0.03203125 0.0375
1 0.1640625 0.0203125 0.0375 0.040625
1 0.19921875 0.00390625 0.0421875 0.0078125
1 0.196875 0.02890625 0.04609375 0.0390625
1 0.20078125 0.07421875 0.0390625 0.04375
1 0.196875 0.115625 0.03671875 0.0390625
1 0.20234375 0.15703125 0.03515625 0.0390625
1 0.19921875 0.1984375 0.03671875 0.04140625
1 0.234375 0.29921875 0.03203125 0.0390625
1 0.22890625 0.015625 0.028125 0.03125
1 0.2546875 0.00390625 0.03125 0.0078125
1 0.25703125 0.03125 0.03671875 0.04765625
1 0.23046875 0.05390625 0.03359375 0.04140625
1 0.25859375 0.07421875 0.03203125 0.04140625
1 0.23203125 0.096875 0.03359375 0.0375
1 0.25859375 0.11171875 0.0390625 0.04140625
1 0.25703125 0.1546875 0.03515625 0.0390625
1 0.25703125 0.19453125 0.03359375 0.0375
1 0.22890625 0.2171875 0.03359375 0.0515625
1 0.25859375 0.23359375 0.03203125 0.03515625
1 0.25703125 0.275 0.03671875 0.04375
1 0.2609375 0.31796875 0.03203125 0.04375
1 0.3171875 0.07421875 0.03359375 0.0390625
1 0.28359375 0.0515625 0.03359375 0.03515625
1 0.2875 0.01640625 0.03359375 0.0328125
1 0.3171875 0.0328125 0.0390625 0.04140625
1 0.31875 0.11328125 0.03359375 0.04375
1 0.290625 0.09296875 0.03515625 0.04140625
1 0.2890625 0.134375 0.03203125 0.0390625
1 0.290625 0.171875 0.03359375 0.0390625
1 0.2890625 0.20859375 0.03671875 0.04765625
1 0.2921875 0.24765625 0.03359375 0.0390625
1 0.2890625 0.2890625 0.03515625 0.04375
1 0.2921875 0.3328125 0.03359375 0.0375
1 0.22890625 0.13671875 0.0265625 0.0390625
1 0.23046875 0.17734375 0.03203125 0.0390625
1 0.31875 0.153125 0.0296875 0.0328125
1 0.31875 0.00625 0.03203125 0.0125
1 0.3734375 0.00390625 0.034375 0.0078125
1 0.3484375 0.0125 0.03203125 0.025
1 0.40390625 0.01484375 0.0296875 0.02890625
1 0.3765625 0.03125 0.03359375 0.0390625
1 0.3484375 0.04921875 0.03359375 0.0375
1 0.43671875 0.00390625 0.0296875 0.0078125
1 0.64765625 0.00859375 0.03203125 0.01640625
1 0.58515625 0.01484375 0.040625 0.02890625
1 0.4703125 0.01171875 0.03203125 0.02265625
1 0.43984375 0.0265625 0.03515625 0.04140625
1 0.40859375 0.0453125 0.0296875 0.02890625
1 0.38046875 0.06796875 0.03359375 0.03515625
1 0.7140625 0.00859375 0.040625 0.01640625
1 0.7109375 0.0375 0.03671875 0.0390625
1 0.76953125 0.00625 0.03515625 0.0125
1 0.73515625 0.01484375 0.0265625 0.02890625
1 0.79609375 0.0171875 0.0359375 0.034375
1 0.76953125 0.0375 0.0296875 0.0390625
1 0.7390625 0.05546875 0.025 0.0265625
1 0.7109375 0.08046875 0.0296875 0.0328125
1 0.678125 0.0578125 0.0296875 0.03515625
1 0.653125 0.0390625 0.03203125 0.02890625
1 0.79765625 0.05390625 0.03203125 0.0375
1 0.76953125 0.078125 0.0296875 0.0375
1 0.79609375 0.09921875 0.03671875 0.04140625
1 0.8875 0.00390625 0.034375 0.0078125
1 0.859375 0.01640625 0.03515625 0.0328125
1 0.82734375 0.00625 0.03515625 0.0125
1 0.82890625 0.03515625 0.03203125 0.0390625
1 0.890625 0.03125 0.0390625 0.04140625
1 0.859375 0.05390625 0.028125 0.0390625
1 0.8890625 0.07265625 0.03671875 0.0390625
1 0.89296875 0.15078125 0.03515625 0.0375
1 0.890625 0.11328125 0.03359375 0.0375
1 0.859375 0.0953125 0.03359375 0.0390625
1 0.83125 0.0765625 0.03515625 0.0375
1 0.82890625 0.11171875 0.0296875 0.0390625
1 0.859375 0.134375 0.0390625 0.04140625
1 0.82734375 0.1484375 0.028125 0.0375
1 0.803125 0.13671875 0.028125 0.03515625
1 0.76953125 0.11328125 0.03203125 0.0375
1 0.775 0.153125 0.03203125 0.03125
1 0.7390625 0.0953125 0.03359375 0.0375
1 0.89453125 0.1921875 0.03203125 0.03515625
1 0.8625 0.171875 0.03515625 0.0390625
1 0.89296875 0.23125 0.03515625 0.0390625
1 0.89296875 0.27265625 0.0390625 0.04140625
1 0.89296875 0.31640625 0.03359375 0.0390625
1 0.89609375 0.3578125 0.03203125 0.0390625
1 0.8609375 0.25390625 0.028125 0.03515625
1 0.8328125 0.23515625 0.03203125 0.0375
1 0.83125 0.1921875 0.03671875 0.0390625
1 0.8609375 0.29765625 0.0296875 0.04765625
1 0.83125 0.2765625 0.03515625 0.04140625
1 0.8640625 0.3390625 0.03203125 0.0375
1 0.8328125 0.31640625 0.03515625 0.0453125
1 0.79921875 0.17578125 0.0296875 0.0375
1 0.803125 0.21875 0.03359375 0.0390625
1 0.79921875 0.25390625 0.0296875 0.04140625
1 0.8046875 0.29921875 0.0296875 0.03515625
1 0.834375 0.359375 0.03359375 0.03515625
1 0.803125 0.3390625 0.0296875 0.04140625
1 0.89609375 0.51875 0.03203125 0.0328125
1 0.89609375 0.4796875 0.028125 0.03125
1 0.89609375 0.43984375 0.03203125 0.0375
1 0.89453125 0.3984375 0.03359375 0.0390625
1 0.8640625 0.50234375 0.03359375 0.0390625
1 0.86796875 0.4625 0.03515625 0.0453125
1 0.86640625 0.421875 0.03359375 0.03515625
1 0.8640625 0.38046875 0.03203125 0.04375
1 0.8328125 0.3984375 0.03203125 0.04140625
1 0.834375 0.48125 0.0296875 0.04140625
1 0.7765625 0.48359375 0.0265625 0.0328125
1 0.8046875 0.4625 0.03359375 0.03515625
1 0.8046875 0.42578125 0.03203125 0.04765625
1 0.74609375 0.4671875 0.03515625 0.04375
1 0.7765625 0.43984375 0.03671875 0.0390625
1 0.74453125 0.4234375 0.03359375 0.0375
1 0.7765625 0.40078125 0.0296875 0.0375
1 0.77265625 0.359375 0.03203125 0.0390625
1 0.77265625 0.31796875 0.03515625 0.0390625
1 0.77265625 0.27890625 0.03203125 0.0390625
1 0.77109375 0.23515625 0.0390625 0.0390625
1 0.77109375 0.19609375 0.03515625 0.04140625
1 0.74453125 0.38671875 0.03515625 0.0390625
1 0.74453125 0.3453125 0.0296875 0.04375
1 0.74140625 0.3015625 0.03515625 0.0453125
1 0.74296875 0.25859375 0.03671875 0.0390625
1 0.74140625 0.21875 0.0296875 0.0328125
1 0.74140625 0.1796875 0.03359375 0.03515625
1 0.7375 0.13671875 0.040625 0.04375
1 0.61953125 0.0203125 0.03515625 0.03515625
1 0.55625 0.02265625 0.0296875 0.0375
1 0.58828125 0.0453125 0.0296875 0.0328125
1 0.61796875 0.06171875 0.03203125 0.0390625
1 0.65 0.08046875 0.03359375 0.04140625
1 0.67578125 0.09921875 0.0265625 0.03125
1 0.709375 0.11796875 0.0296875 0.04375
1 0.709375 0.1546875 0.0296875 0.0375
1 0.709375 0.19609375 0.0265625 0.0375
1 0.709375 0.23984375 0.03203125 0.0375
1 0.709375 0.2765625 0.03203125 0.03515625
1 0.7109375 0.4484375 0.0296875 0.03515625
1 0.7109375 0.4046875 0.03203125 0.0453125
1 0.71484375 0.36796875 0.03203125 0.0375
1 0.71328125 0.32421875 0.040625 0.0453125
1 0.65 0.44609375 0.03515625 0.0375
1 0.62109375 0.46875 0.0296875 0.0375
1 0.5953125 0.45078125 0.0296875 0.0453125
1 0.56328125 0.46875 0.03671875 0.04375
1 0.53359375 0.44609375 0.028125 0.03515625
1 0.56328125 0.4296875 0.0296875 0.03515625
1 0.53515625 0.4046875 0.03203125 0.03515625
1 0.56171875 0.38828125 0.028125 0.0328125
1 0.50390625 0.42734375 0.0296875 0.0390625
1 0.61953125 0.42578125 0.0296875 0.0390625
1 0.59296875 0.4046875 0.0296875 0.03515625
1 0.68125 0.42578125 0.03203125 0.02890625
1 0.6515625 0.40703125 0.0296875 0.0390625
1 0.68125 0.384375 0.03359375 0.0390625
1 0.653125 0.36796875 0.0296875 0.0390625
1 0.59296875 0.36328125 0.0296875 0.02890625
1 0.62109375 0.346875 0.0296875 0.03515625
1 0.56328125 0.346875 0.025 0.0328125
1 0.53515625 0.36328125 0.03203125 0.03515625
1 0.6828125 0.34296875 0.03359375 0.0375
1 0.6515625 0.3265625 0.03671875 0.0453125
1 0.6796875 0.30390625 0.0390625 0.04375
1 0.6796875 0.26484375 0.03671875 0.04140625
1 0.62109375 0.30390625 0.03515625 0.03515625
1 0.64765625 0.28515625 0.0390625 0.0390625
1 0.62109375 0.26484375 0.03515625 0.0390625
1 0.58984375 0.28515625 0.03203125 0.0453125
1 0.59140625 0.32421875 0.0265625 0.03125
1 0.56328125 0.30546875 0.03359375 0.03515625
1 0.53203125 0.3203125 0.03359375 0.0375
1 0.5296875 0.27890625 0.03359375 0.0375
1 0.56328125 0.2625 0.03359375 0.0390625
1 0.65 0.24375 0.0296875 0.03515625
1 0.678125 0.22109375 0.03671875 0.0390625
1 0.6515625 0.20078125 0.03671875 0.0390625
1 0.61953125 0.2234375 0.03671875 0.04375
1 0.59140625 0.24375 0.03203125 0.0375
1 0.59140625 0.20078125 0.0265625 0.03125
1 0.56171875 0.21875 0.03359375 0.0375
1 0.53359375 0.24140625 0.03203125 0.0328125
1 0.5296875 0.2046875 0.03203125 0.0390625
1 0.475 0.45078125 0.03515625 0.0375
1 0.4421875 0.43203125 0.03515625 0.03515625
1 0.4140625 0.4109375 0.03203125 0.03515625
1 0.38046875 0.3921875 0.03203125 0.0390625
1 0.35390625 0.37421875 0.028125 0.0328125
1 0.32421875 0.35546875 0.03671875 0.04140625
1 0.29375 0.37578125 0.03359375 0.04140625
1 0.471875 0.4109375 0.03359375 0.04140625
1 0.44375 0.3921875 0.025 0.03125
1 0.4140625 0.36953125 0.0296875 0.0328125
1 0.38203125 0.353125 0.028125 0.0375
1 0.35390625 0.334375 0.03515625 0.04140625
1 0.321875 0.31171875 0.03515625 0.04375
1 0.5015625 0.38671875 0.03359375 0.0390625
1 0.5015625 0.22109375 0.03359375 0.0453125
1 0.5 0.26640625 0.03359375 0.0328125
1 0.4984375 0.29921875 0.03359375 0.03515625
1 0.5 0.34296875 0.040625 0.0453125
1 0.4703125 0.371875 0.03671875 0.0390625
1 0.43828125 0.3515625 0.03203125 0.04140625
1 0.46796875 0.33046875 0.03515625 0.0328125
1 0.43984375 0.3078125 0.0296875 0.0375
1 0.4703125 0.2875 0.03515625 0.03515625
1 0.41015625 0.328125 0.0296875 0.0390625
1 0.37890625 0.3140625 0.0296875 0.0390625
1 0.35234375 0.29375 0.0296875 0.03515625
1 0.3203125 0.2703125 0.0296875 0.0390625
1 0.3203125 0.23359375 0.0296875 0.0390625
1 0.321875 0.1921875 0.0296875 0.04375
1 0.35 0.2109375 0.03359375 0.0390625
1 0.35234375 0.25390625 0.03359375 0.04375
1 0.41171875 0.2875 0.03203125 0.0375
1 0.37890625 0.26875 0.03515625 0.04375
1 0.43984375 0.26640625 0.028125 0.03515625
1 0.41171875 0.24765625 0.03203125 0.02890625
1 0.38203125 0.22734375 0.028125 0.0390625
1 0.3484375 0.16953125 0.03203125 0.0375
1 0.37890625 0.1859375 0.03515625 0.04140625
1 0.41015625 0.20859375 0.03515625 0.04140625
1 0.4703125 0.24375 0.03203125 0.04140625
1 0.4421875 0.2296875 0.03359375 0.0390625
1 0.471875 0.2046875 0.03515625 0.0390625
1 0.43984375 0.1859375 0.0390625 0.0453125
1 0.35 0.13203125 0.0296875 0.0375
1 0.3484375 0.090625 0.03203125 0.0375
1 0.68125 0.1796875 0.03203125 0.0328125
1 0.678125 0.13828125 0.040625 0.04921875
1 0.65 0.1609375 0.03203125 0.0390625
1 0.64765625 0.11953125 0.03671875 0.04140625
1 0.61953125 0.103125 0.03203125 0.04140625
1 0.58828125 0.08046875 0.03671875 0.04140625
1 0.55625 0.05546875 0.0390625 0.04140625
1 0.5234375 0.01328125 0.0296875 0.0265625
1 0.49609375 0.02265625 0.03203125 0.03515625
1 0.525 0.04140625 0.03203125 0.0375
1 0.4703125 0.04375 0.03203125 0.0375
1 0.43671875 0.0640625 0.0296875 0.03515625
1 0.3765625 0.14453125 0.0296875 0.0375
1 0.375 0.1078125 0.03359375 0.0390625
1 0.40859375 0.084375 0.03203125 0.0375
1 0.41015625 0.12421875 0.03203125 0.0375
1 0.40703125 0.165625 0.03359375 0.04140625
1 0.43828125 0.14453125 0.03515625 0.03125
1 0.43671875 0.1078125 0.0265625 0.04140625
1 0.5015625 0.18203125 0.0296875 0.0375
1 0.4734375 0.16328125 0.03203125 0.03515625
1 0.46640625 0.12421875 0.03671875 0.0390625
1 0.4703125 0.0828125 0.03203125 0.0390625
1 0.4984375 0.06015625 0.028125 0.03515625
1 0.5296875 0.0828125 0.0390625 0.04375
1 0.55625 0.103125 0.0390625 0.04140625
1 0.5296875 0.165625 0.03515625 0.04140625
1 0.4984375 0.140625 0.03671875 0.04375
1 0.4984375 0.1015625 0.03359375 0.04140625
1 0.528125 0.11953125 0.03203125 0.0375
1 0.58828125 0.121875 0.0390625 0.0375
1 0.55625 0.13828125 0.0390625 0.0390625
1 0.61796875 0.140625 0.03515625 0.03515625
1 0.61953125 0.18203125 0.03359375 0.0453125
1 0.5859375 0.1609375 0.0390625 0.04375
1 0.98359375 0.76484375 0.0328125 0.0515625
1 0.9875 0.6859375 0.025 0.0375
1 0.98671875 0.64140625 0.0265625 0.04765625
1 0.98671875 0.525 0.0265625 0.0375
1 0.98671875 0.43984375 0.0265625 0.025
1 0.98515625 0.35546875 0.0296875 0.0375
1 0.9828125 0.27265625 0.034375 0.0453125
1 0.98203125 0.18828125 0.03515625 0.04921875
1 0.9796875 0.13828125 0.040625 0.04140625
1 0.98046875 0.0703125 0.03203125 0.0375
1 0.98046875 0.0328125 0.03203125 0.04375
1 0.98203125 0.00625 0.03515625 0.0125
1 0.9953125 0.08671875 0.00859375 0.04140625