1 0.86171875 0.928125 0.1671875 0.14375
1 0.8375 0.753125 0.1484375 0.171875
1 0.85 0.540625 0.2015625 0.23046875
1 0.85 0.309375 0.19375 0.18515625
1 0.8484375 0.096875 0.1640625 0.190625
1 0.709375 0.18828125 0.1875 0.2
1 0.6921875 0.425 0.178125 0.1828125
1 0.6875 0.64140625 0.14375 0.18515625
1 0.6828125 0.85546875 0.15625 0.17578125
1 0.69375 0.978125 0.184375 0.04375
1 0.525 0.92890625 0.153125 0.14140625
1 0.5390625 0.74921875 0.196875 0.2015625
1 0.525 0.540625 0.159375 0.19609375
1 0.521875 0.32265625 0.1640625 0.18515625
1 0.5234375 0.12109375 0.1921875 0.21953125
1 0.3453125 0.2109375 0.171875 0.1703125
1 0.3515625 0.425 0.1640625 0.20703125
1 0.353125 0.6484375 0.153125 0.20859375
1 0.3640625 0.86796875 0.1546875 0.18515625
1 0.209375 0.93203125 0.196875 0.13359375
1 0.1953125 0.7546875 0.1578125 0.17421875
1 0.1921875 0.553125 0.1671875 0.21640625
1 0.1828125 0.32265625 0.18125 0.20859375
1 0.1796875 0.1265625 0.178125 0.18515625
1 0.053125 0.203125 0.10625 0.190625
1 0.0625 0.41953125 0.1234375 0.20703125
1 0.0609375 0.64296875 0.121875 0.2234375
1 0.0625 0.8515625 0.1234375 0.20859375
1 0.065625 0.98515625 0.1296875 0.0296875
1 0.975 0.40625 0.0484375 0.2125
1 0.9734375 0.6265625 0.0515625 0.2140625
1 0.96875 0.83359375 0.0609375 0.20859375
1 0.96875 0.9703125 0.0609375 0.05703125
1 0.35 0.04609375 0.16875 0.09140625
1 0.6921875 0.0421875 0.190625 0.084375
1 0.0515625 0.04609375 0.103125 0.09140625