1 0.02109375 0.9921875 0.03515625 0.01484375
1 0.053125 0.98359375 0.040625 0.03203125
1 0.0203125 0.965625 0.02734375 0.0390625
1 0.0234375 0.92265625 0.0328125 0.0390625
1 0.021875 0.8796875 0.0328125 0.0390625
1 0.0546875 0.94375 0.03828125 0.04296875
1 0.0546875 0.90078125 0.03671875 0.04765625
1 0.0546875 0.86015625 0.040625 0.0453125
1 0.08359375 0.9921875 0.03828125 0.01484375
1 0.2125 0.9921875 0.0328125 0.01484375
1 0.14765625 0.99296875 0.0328125 0.0140625
1 0.1171875 0.98359375 0.03671875 0.03203125
1 0.08828125 0.96796875 0.03515625 0.040625
1 0.0859375 0.92890625 0.03671875 0.040625
1 0.08984375 0.88828125 0.03515625 0.04296875
1 0.08828125 0.840625 0.03515625 0.040625
1 0.12109375 0.9484375 0.03125 0.03671875
1 0.12109375 0.903125 0.03515625 0.040625
1 0.12109375 0.86640625 0.03515625 0.0390625
1 0.15234375 0.88359375 0.0328125 0.0390625
1 0.15 0.84296875 0.03828125 0.040625
1 0.15234375 0.92265625 0.0328125 0.04296875
1 0.15 0.96953125 0.03515625 0.040625
1 0.1828125 0.9859375 0.0328125 0.028125
1 0.1828125 0.95078125 0.0328125 0.040625
1 0.1828125 0.909375 0.03828125 0.0390625
1 0.1828125 0.86875 0.040625 0.040625
1 0.18125 0.82734375 0.0421875 0.0453125
1 0.20859375 0.96953125 0.0328125 0.0390625
1 0.2140625 0.9328125 0.03515625 0.040625
1 0.2125 0.88984375 0.03828125 0.040625
1 0.2125 0.8515625 0.0421875 0.04765625
1 0.2109375 0.8015625 0.03671875 0.04921875
1 0.49609375 0.98984375 0.0328125 0.0203125
1 0.5640625 0.9546875 0.0421875 0.040625
1 0.56171875 0.9953125 0.03125 0.00859375
1 0.5625 0.9828125 0.0328125 0.0234375
1 0.61875 0.95703125 0.03125 0.03671875
1 0.6484375 0.9421875 0.03125 0.03046875
1 0.61875 0.9203125 0.03125 0.0390625
1 0.65 0.90703125 0.0328125 0.04296875
1 0.58828125 0.896875 0.0328125 0.03671875
1 0.61875 0.8796875 0.0328125 0.0390625
1 0.52734375 0.93984375 0.03125 0.03671875
1 0.49609375 0.9546875 0.021875 0.02578125
1 0.43125 0.98359375 0.03828125 0.03203125
1 0.459375 0.978125 0.0328125 0.04296875
1 0.37265625 0.98671875 0.03828125 0.02578125
1 0.2453125 0.98828125 0.03671875 0.0234375
1 0.24375 0.95234375 0.0328125 0.04296875
1 0.2453125 0.90703125 0.0296875 0.03203125
1 0.278125 0.971875 0.0328125 0.0390625
1 0.3078125 0.98671875 0.0296875 0.02578125
1 0.33671875 0.978125 0.0296875 0.034375
1 0.309375 0.95234375 0.0328125 0.034375
1 0.2765625 0.9328125 0.0328125 0.034375
1 0.2453125 0.86640625 0.0421875 0.04765625
1 0.278125 0.89453125 0.03828125 0.0453125
1 0.3390625 0.92890625 0.0328125 0.0390625
1 0.340625 0.88984375 0.03515625 0.040625
1 0.309375 0.86640625 0.02734375 0.03671875
1 0.28046875 0.8515625 0.03671875 0.040625
1 0.3734375 0.95078125 0.0328125 0.03671875
1 0.40078125 0.93125 0.02734375 0.034375
1 0.3734375 0.909375 0.03125 0.034375
1 0.43203125 0.9546875 0.03125 0.034375
1 0.46328125 0.9328125 0.0328125 0.0390625
1 0.434375 0.9140625 0.0296875 0.034375
1 0.46328125 0.8921875 0.021875 0.02578125
1 0.49609375 0.9140625 0.02578125 0.02578125
1 0.5296875 0.896875 0.0296875 0.03671875
1 0.49453125 0.875 0.0296875 0.034375
1 0.40078125 0.88828125 0.03125 0.03203125
1 0.3734375 0.86640625 0.0328125 0.03671875
1 0.3734375 0.8296875 0.0328125 0.040625
1 0.40078125 0.846875 0.03515625 0.0390625
1 0.43203125 0.8703125 0.03671875 0.040625
1 0.46328125 0.84921875 0.03515625 0.0390625
1 0.246875 0.8234375 0.0328125 0.0390625
1 0.278125 0.8078125 0.03515625 0.040625
1 0.3390625 0.8078125 0.0328125 0.040625
1 0.3078125 0.784375 0.0328125 0.0390625
1 0.2453125 0.78203125 0.0328125 0.04296875
1 0.278125 0.76328125 0.03671875 0.040625
1 0.340625 0.7671875 0.0328125 0.040625
1 0.37578125 0.7890625 0.03515625 0.03671875
1 0.68125 0.98984375 0.04375 0.0203125
1 0.6828125 0.959375 0.0328125 0.0453125
1 0.7125 0.9796875 0.03671875 0.040625
1 0.7125 0.93984375 0.03828125 0.04296875
1 0.74375 0.9921875 0.03671875 0.01484375
1 0.7453125 0.965625 0.03828125 0.04296875
1 0.7453125 0.92265625 0.03515625 0.040625
1 0.746875 0.88125 0.03515625 0.03671875
1 0.775 0.896875 0.02734375 0.03671875
1 0.7765625 0.9421875 0.03671875 0.040625
1 0.77734375 0.9828125 0.03828125 0.034375
1 0.80625 0.971875 0.03828125 0.0515625
1 0.8078125 0.92421875 0.03515625 0.040625
1 0.8421875 0.984375 0.0375 0.03125
1 0.8390625 0.95078125 0.03125 0.03671875
1 0.840625 0.90546875 0.03828125 0.0453125
1 0.8078125 0.8796875 0.03515625 0.03671875
1 0.840625 0.86171875 0.03828125 0.0390625
1 0.98984375 0.9765625 0.0203125 0.04296875
1 0.9640625 0.98671875 0.03828125 0.02578125
1 0.93203125 0.99453125 0.0328125 0.0109375
1 0.903125 0.984375 0.0375 0.03125
1 0.8734375 0.971875 0.03671875 0.04296875
1 0.903125 0.95234375 0.03671875 0.04765625
1 0.934375 0.97421875 0.03125 0.040625
1 0.96328125 0.95234375 0.03671875 0.04765625
1 0.8734375 0.93125 0.03828125 0.0390625
1 0.871875 0.8859375 0.03515625 0.0453125
1 0.90078125 0.90703125 0.03671875 0.04765625
1 0.934375 0.93125 0.0328125 0.04296875
1 0.96328125 0.91171875 0.03515625 0.0390625
1 0.98984375 0.9296875 0.0203125 0.03671875
1 0.98984375 0.8890625 0.0203125 0.0453125
1 0.9359375 0.88984375 0.03671875 0.040625
1 0.96328125 0.86875 0.03828125 0.040625
1 0.98984375 0.8484375 0.0203125 0.03671875
1 0.68671875 0.88125 0.03671875 0.0390625
1 0.71640625 0.86171875 0.03671875 0.04296875
1 0.65 0.86015625 0.03515625 0.040625
1 0.6828125 0.840625 0.03828125 0.04296875
1 0.40625 0.80390625 0.03828125 0.040625
1 0.4359375 0.8296875 0.03515625 0.0390625
1 0.46328125 0.8078125 0.03125 0.0390625
1 0.4375 0.78671875 0.03828125 0.04296875
1 0.4984375 0.834375 0.03671875 0.0390625
1 0.5296875 0.8515625 0.03828125 0.03203125
1 0.53125 0.8125 0.0296875 0.03671875
1 0.4984375 0.790625 0.03828125 0.040625
1 0.53125 0.7671875 0.03515625 0.0390625
1 0.5 0.7453125 0.03125 0.0390625
1 0.37578125 0.74765625 0.040625 0.0390625
1 0.403125 0.76328125 0.0328125 0.040625
1 0.4359375 0.74140625 0.0328125 0.03203125
1 0.46875 0.71953125 0.03125 0.034375
1 0.4046875 0.71953125 0.03125 0.03671875
1 0.5328125 0.72421875 0.03515625 0.03671875
1 0.53125 0.6875 0.03515625 0.040625
1 0.5625 0.8796875 0.0296875 0.03203125
1 0.58828125 0.86015625 0.03125 0.04296875
1 0.5625 0.8359375 0.03671875 0.040625
1 0.59140625 0.81015625 0.0328125 0.040625
1 0.5640625 0.790625 0.03515625 0.040625
1 0.56015625 0.75 0.03515625 0.040625
1 0.5640625 0.70234375 0.03671875 0.04765625
1 0.59375 0.72421875 0.0328125 0.034375
1 0.59140625 0.7671875 0.0328125 0.04765625
1 0.61875 0.83828125 0.03125 0.03671875
1 0.65390625 0.82109375 0.03828125 0.040625
1 0.62421875 0.79296875 0.03671875 0.04296875
1 0.62421875 0.75 0.0328125 0.04765625
1 0.65390625 0.778125 0.0296875 0.03671875
1 0.6828125 0.79765625 0.03125 0.040625
1 0.74921875 0.8015625 0.03125 0.03203125
1 0.8078125 0.834375 0.0328125 0.03203125
1 0.8078125 0.79921875 0.02578125 0.028125
1 0.7765625 0.78203125 0.0296875 0.03203125
1 0.71796875 0.778125 0.03671875 0.040625
1 0.746875 0.75625 0.0296875 0.03671875
1 0.68671875 0.75625 0.03828125 0.040625
1 0.6578125 0.73515625 0.03828125 0.04296875
1 0.68671875 0.7109375 0.03125 0.040625
1 0.746875 0.715625 0.0328125 0.0390625
1 0.778125 0.73515625 0.0328125 0.0390625
1 0.71640625 0.69375 0.02734375 0.03203125
1 0.62421875 0.709375 0.0328125 0.03671875
1 0.65390625 0.6921875 0.0328125 0.040625
1 0.5953125 0.68125 0.03125 0.0390625
1 0.62265625 0.665625 0.0328125 0.040625
1 0.68515625 0.665625 0.03515625 0.040625
1 0.71796875 0.6484375 0.03515625 0.04296875
1 0.7453125 0.67421875 0.03515625 0.040625
1 0.7765625 0.6921875 0.0328125 0.0390625
1 0.31171875 0.74375 0.03671875 0.0390625
1 0.3421875 0.721875 0.03671875 0.040625
1 0.371875 0.70234375 0.03671875 0.0453125
1 0.4046875 0.67890625 0.0328125 0.04296875
1 0.46328125 0.67890625 0.03671875 0.0390625
1 0.4984375 0.665625 0.03515625 0.040625
1 0.53125 0.6421875 0.0296875 0.03671875
1 0.5640625 0.62265625 0.02734375 0.0390625
1 0.5953125 0.64453125 0.03125 0.034375
1 0.6265625 0.6203125 0.03515625 0.04296875
1 0.65546875 0.61015625 0.02578125 0.040625
1 0.68671875 0.58828125 0.03125 0.0390625
1 0.7140625 0.61171875 0.03125 0.0390625
1 0.74921875 0.6296875 0.03671875 0.0453125
1 0.778125 0.65078125 0.03671875 0.0390625
1 0.78046875 0.6078125 0.0296875 0.03671875
1 0.74921875 0.58828125 0.0328125 0.0453125
1 0.4375 0.65546875 0.0296875 0.034375
1 0.46328125 0.6359375 0.03125 0.0390625
1 0.4984375 0.61875 0.03515625 0.0390625
1 0.3734375 0.659375 0.0328125 0.0390625
1 0.340625 0.67421875 0.03671875 0.0390625
1 0.3421875 0.63125 0.03515625 0.04296875
1 0.3734375 0.61640625 0.03515625 0.040625
1 0.4046875 0.6359375 0.0328125 0.034375
1 0.4359375 0.6140625 0.03671875 0.04296875
1 0.46328125 0.59296875 0.03515625 0.040625
1 0.4984375 0.57734375 0.03671875 0.0390625
1 0.53515625 0.59453125 0.03671875 0.03671875
1 0.565625 0.57734375 0.0296875 0.034375
1 0.5953125 0.596875 0.0328125 0.0390625
1 0.62421875 0.5796875 0.0328125 0.034375
1 0.659375 0.56484375 0.0328125 0.040625
1 0.71796875 0.56484375 0.040625 0.04296875
1 0.53515625 0.55390625 0.03671875 0.0390625
1 0.46328125 0.55390625 0.03515625 0.03671875
1 0.43984375 0.57109375 0.0328125 0.034375
1 0.40625 0.590625 0.0328125 0.0390625
1 0.0203125 0.8359375 0.0296875 0.034375
1 0.12109375 0.77578125 0.03515625 0.040625
1 0.0546875 0.82109375 0.03828125 0.03671875
1 0.12421875 0.8171875 0.0328125 0.04921875
1 0.15390625 0.8015625 0.03515625 0.0453125
1 0.1828125 0.78046875 0.03515625 0.04921875
1 0.15234375 0.75625 0.03515625 0.040625
1 0.18515625 0.7390625 0.03515625 0.03203125
1 0.2125 0.71796875 0.0296875 0.03671875
1 0.2453125 0.7390625 0.03671875 0.040625
1 0.021875 0.7890625 0.03515625 0.034375
1 0.05703125 0.77578125 0.03515625 0.0453125
1 0.08828125 0.7546875 0.0328125 0.0390625
1 0.11875 0.7328125 0.03125 0.034375
1 0.15234375 0.715625 0.03515625 0.03671875
1 0.1828125 0.69375 0.0296875 0.03671875
1 0.2453125 0.69609375 0.0328125 0.040625
1 0.28046875 0.67890625 0.03125 0.034375
1 0.3078125 0.70234375 0.02734375 0.040625
1 0.309375 0.65703125 0.0328125 0.04296875
1 0.0234375 0.75 0.03515625 0.0390625
1 0.0234375 0.709375 0.0328125 0.0390625
1 0.05703125 0.7328125 0.0328125 0.03671875
1 0.08984375 0.7109375 0.0296875 0.03046875
1 0.05703125 0.68515625 0.0328125 0.034375
1 0.08984375 0.6703125 0.0328125 0.040625
1 0.12109375 0.65078125 0.03515625 0.0390625
1 0.15390625 0.6703125 0.02734375 0.034375
1 0.18515625 0.65546875 0.0328125 0.0390625
1 0.2453125 0.65546875 0.03125 0.03671875
1 0.28046875 0.63359375 0.0296875 0.040625
1 0.246875 0.61171875 0.02578125 0.03203125
1 0.278125 0.59296875 0.02734375 0.040625
1 0.2140625 0.63359375 0.03125 0.03203125
1 0.15 0.63125 0.0296875 0.03671875
1 0.02734375 0.625 0.03125 0.0390625
1 0.05859375 0.6078125 0.03125 0.03671875
1 0.08828125 0.6296875 0.02734375 0.03046875
1 0.08984375 0.5859375 0.03515625 0.040625
1 0.12265625 0.6078125 0.03828125 0.040625
1 0.15390625 0.58828125 0.03125 0.03671875
1 0.12265625 0.56875 0.03515625 0.0390625
1 0.15390625 0.54765625 0.0328125 0.034375
1 0.1265625 0.52578125 0.03125 0.0390625
1 0.0296875 0.5796875 0.03515625 0.0390625
1 0.06015625 0.5625 0.03125 0.03671875
1 0.08984375 0.5453125 0.03671875 0.0390625
1 0.18671875 0.6078125 0.03125 0.034375
1 0.21640625 0.59453125 0.0328125 0.040625
1 0.18828125 0.56875 0.02734375 0.034375
1 0.2140625 0.5515625 0.0328125 0.03671875
1 0.18828125 0.52578125 0.0296875 0.028125
1 0.24921875 0.56875 0.0296875 0.03671875
1 0.340625 0.59296875 0.0328125 0.03671875
1 0.31171875 0.56875 0.0328125 0.034375
1 0.28203125 0.5515625 0.03515625 0.034375
1 0.31171875 0.53203125 0.03515625 0.040625
1 0.34453125 0.54921875 0.0328125 0.03671875
1 0.24921875 0.528125 0.0328125 0.040625
1 0.21640625 0.50859375 0.03671875 0.0390625
1 0.37734375 0.56875 0.0328125 0.03671875
1 0.40625 0.5515625 0.0296875 0.034375
1 0.37578125 0.53203125 0.03828125 0.034375
1 0.40859375 0.51328125 0.03671875 0.04921875
1 0.34453125 0.5109375 0.03515625 0.03671875
1 0.28359375 0.5109375 0.03828125 0.0453125
1 0.4375 0.53203125 0.0328125 0.040625
1 0.46484375 0.51484375 0.03515625 0.0453125
1 0.5015625 0.53671875 0.03828125 0.034375
1 0.5015625 0.49765625 0.03515625 0.040625
1 0.53515625 0.5171875 0.03671875 0.03671875
1 0.565625 0.4953125 0.03515625 0.04296875
1 0.56796875 0.5390625 0.03515625 0.034375
1 0.596875 0.55625 0.03515625 0.04296875
1 0.5953125 0.51328125 0.03515625 0.0453125
1 0.6296875 0.49375 0.03125 0.034375
1 0.628125 0.45703125 0.0328125 0.0390625
1 0.65546875 0.42890625 0.03125 0.028125
1 0.690625 0.49140625 0.0296875 0.034375
1 0.6265625 0.53671875 0.03515625 0.040625
1 0.65546875 0.51953125 0.02578125 0.028125
1 0.68828125 0.53671875 0.03671875 0.040625
1 0.903125 0.8640625 0.0328125 0.03671875
1 0.934375 0.846875 0.0328125 0.04296875
1 0.96328125 0.8296875 0.03515625 0.0390625
1 0.98984375 0.81171875 0.0203125 0.0453125
1 0.903125 0.8234375 0.03671875 0.03671875
1 0.8421875 0.78046875 0.03828125 0.0390625
1 0.8078125 0.7609375 0.03671875 0.040625
1 0.8734375 0.80390625 0.03125 0.03203125
1 0.934375 0.80390625 0.0296875 0.03203125
1 0.96484375 0.784375 0.03125 0.034375
1 0.990625 0.76640625 0.01796875 0.0453125
1 0.903125 0.78046875 0.03671875 0.0390625
1 0.9671875 0.74375 0.03671875 0.0390625
1 0.99296875 0.71796875 0.0140625 0.0359375
1 0.840625 0.7390625 0.03671875 0.0390625
1 0.8078125 0.71796875 0.0296875 0.0390625
1 0.81171875 0.67421875 0.03828125 0.04296875
1 0.81171875 0.62734375 0.040625 0.0390625
1 0.8421875 0.653125 0.03515625 0.03671875
1 0.84453125 0.69375 0.04609375 0.04296875
1 0.87578125 0.71796875 0.03828125 0.04765625
1 0.8734375 0.7609375 0.0328125 0.0453125
1 0.90625 0.7390625 0.03125 0.0390625
1 0.9359375 0.71953125 0.03671875 0.04296875
1 0.9703125 0.69609375 0.03671875 0.040625
1 0.990625 0.678125 0.01796875 0.0453125
1 0.9046875 0.6984375 0.02734375 0.034375
1 0.934375 0.6765625 0.0328125 0.0390625
1 0.87734375 0.67265625 0.0296875 0.040625
1 0.903125 0.65546875 0.02734375 0.0390625
1 0.9359375 0.63125 0.03828125 0.0453125
1 0.96484375 0.65703125 0.0328125 0.03671875
1 0.99140625 0.634375 0.01640625 0.0453125
1 0.9671875 0.6140625 0.040625 0.0453125
1 0.98984375 0.59609375 0.0203125 0.040625
1 0.84609375 0.61015625 0.0296875 0.0453125
1 0.8734375 0.63125 0.03828125 0.034375
1 0.9046875 0.61015625 0.040625 0.0453125
1 0.87578125 0.58828125 0.03671875 0.040625
1 0.9375 0.59296875 0.0296875 0.03203125
1 0.96328125 0.57109375 0.03515625 0.03671875
1 0.98984375 0.5515625 0.0203125 0.0515625
1 0.78203125 0.5671875 0.03515625 0.04296875
1 0.81171875 0.5859375 0.0328125 0.0453125
1 0.81328125 0.5453125 0.040625 0.034375
1 0.84453125 0.56484375 0.03125 0.04296875
1 0.87578125 0.54765625 0.03671875 0.03671875
1 0.9046875 0.56875 0.03515625 0.03203125
1 0.9375 0.55390625 0.03671875 0.0390625
1 0.96875 0.53203125 0.03828125 0.0453125
1 0.99296875 0.50234375 0.0140625 0.0359375
1 0.75078125 0.5453125 0.03515625 0.040625
1 0.78046875 0.528125 0.0328125 0.040625
1 0.7546875 0.5 0.03828125 0.0453125
1 0.81171875 0.50625 0.03828125 0.040625
1 0.84609375 0.52578125 0.03671875 0.04296875
1 0.87890625 0.50859375 0.03515625 0.04921875
1 0.90625 0.53046875 0.03515625 0.040625
1 0.90859375 0.48515625 0.03671875 0.040625
1 0.94140625 0.50859375 0.03515625 0.040625
1 0.9671875 0.4890625 0.0328125 0.040625
1 0.71953125 0.4328125 0.0328125 0.0390625
1 0.78203125 0.48046875 0.03125 0.04296875
1 0.81328125 0.46328125 0.0421875 0.04765625
1 0.84453125 0.48515625 0.03125 0.04296875
1 0.87734375 0.46328125 0.040625 0.0453125
1 0.90625 0.44609375 0.03671875 0.04921875
1 0.9375 0.465625 0.03828125 0.04765625
1 0.75078125 0.459375 0.03828125 0.03671875
1 0.78046875 0.4421875 0.03828125 0.0453125
1 0.75078125 0.409375 0.0421875 0.04921875
1 0.81328125 0.41796875 0.03671875 0.04765625
1 0.84609375 0.43984375 0.03515625 0.040625
1 0.8734375 0.42265625 0.03515625 0.04765625
1 0.903125 0.40078125 0.040625 0.04296875
1 0.93984375 0.42265625 0.03671875 0.04765625
1 0.97421875 0.4421875 0.040625 0.0453125
1 0.99140625 0.46796875 0.01640625 0.04296875
1 0.990625 0.42890625 0.01796875 0.04296875
1 0.96875 0.403125 0.03125 0.0390625
1 0.99140625 0.3828125 0.01640625 0.04921875
1 0.84609375 0.40078125 0.0328125 0.040625
1 0.93984375 0.3796875 0.03515625 0.04296875
1 0.96875 0.3578125 0.03515625 0.0453125
1 0.78203125 0.3921875 0.04375 0.04296875
1 0.753125 0.3703125 0.03125 0.040625
1 0.8171875 0.375 0.040625 0.0453125
1 0.84453125 0.35546875 0.03515625 0.0390625
1 0.87734375 0.37265625 0.03515625 0.040625
1 0.903125 0.36171875 0.0328125 0.04296875
1 0.9359375 0.33828125 0.040625 0.04765625
1 0.87734375 0.33203125 0.03125 0.0390625
1 0.9046875 0.3125 0.03125 0.0390625
1 0.97421875 0.3171875 0.0328125 0.034375
1 0.99296875 0.3375 0.0140625 0.040625
1 0.5328125 0.46953125 0.03828125 0.03671875
1 0.5640625 0.45234375 0.03671875 0.0390625
1 0.59375 0.43125 0.0328125 0.034375
1 0.62421875 0.4140625 0.03671875 0.040625
1 0.99140625 0.2984375 0.01640625 0.040625
1 0.9375 0.29296875 0.03828125 0.040625
1 0.97265625 0.27578125 0.040625 0.0453125
1 0.99296875 0.253125 0.0140625 0.040625
1 0.7875 0.353125 0.0328125 0.0390625
1 0.81484375 0.334375 0.0296875 0.034375
1 0.99140625 0.209375 0.01640625 0.0515625
1 0.99375 0.16484375 0.0125 0.0453125
1 0.99140625 0.12578125 0.01640625 0.03671875
1 0.99375 0.0875 0.0125 0.0453125
1 0.99375 0.04453125 0.0125 0.04921875
1 0.9703125 0.228125 0.03515625 0.0515625
1 0.97265625 0.18515625 0.03828125 0.04296875
1 0.97265625 0.1421875 0.04609375 0.040625
1 0.97265625 0.1078125 0.03671875 0.04296875
1 0.97421875 0.06484375 0.03828125 0.04296875
1 0.97421875 0.02265625 0.03671875 0.0453125
1 0.71953125 0.35546875 0.03671875 0.040625
1 0.9359375 0.25 0.03515625 0.04296875
1 0.93984375 0.20703125 0.040625 0.04296875
1 0.9359375 0.16171875 0.03515625 0.040625
1 0.93984375 0.12265625 0.03515625 0.0390625
1 0.94296875 0.084375 0.03671875 0.034375
1 0.94140625 0.04296875 0.0296875 0.04296875
1 0.94375 0.0109375 0.03828125 0.021875
1 0.8828125 0.00625 0.034375 0.0125
1 0.91015625 0.021875 0.0328125 0.0390625
1 0.88125 0.03671875 0.03671875 0.04296875
1 0.90859375 0.0625 0.03125 0.03203125
1 0.91015625 0.09921875 0.040625 0.0453125
1 0.87890625 0.08203125 0.03515625 0.0453125
1 0.903125 0.2734375 0.03515625 0.040625
1 0.9046875 0.23046875 0.03515625 0.04296875
1 0.91015625 0.1828125 0.03515625 0.0390625
1 0.91015625 0.146875 0.03125 0.0453125
1 0.87890625 0.12265625 0.03828125 0.0390625
1 0.87734375 0.159375 0.03828125 0.04296875
1 0.87734375 0.20234375 0.0421875 0.0390625
1 0.87890625 0.2453125 0.04609375 0.04921875
1 0.87734375 0.29296875 0.03671875 0.04765625
1 0.84765625 0.3125 0.040625 0.04921875
1 0.75078125 0.32578125 0.03671875 0.03671875
1 0.7859375 0.3078125 0.03125 0.040625
1 0.8171875 0.29296875 0.03671875 0.04296875
1 0.75078125 0.2890625 0.03828125 0.03203125
1 0.7859375 0.26953125 0.03828125 0.04765625
1 0.8171875 0.24375 0.03125 0.04765625
1 0.81171875 0.2046875 0.03671875 0.03671875
1 0.84609375 0.1875 0.0328125 0.04765625
1 0.8203125 0.1640625 0.04375 0.04921875
1 0.84765625 0.14453125 0.03515625 0.03671875
1 0.84609375 0.1078125 0.03515625 0.04296875
1 0.85 0.0671875 0.03125 0.04296875
1 0.853125 0.01796875 0.034375 0.0359375
1 0.81953125 0.00859375 0.03125 0.0171875
1 0.8203125 0.0390625 0.03125 0.040625
1 0.8171875 0.07734375 0.03671875 0.0390625
1 0.8171875 0.1203125 0.03828125 0.04296875
1 0.74921875 0.24765625 0.03515625 0.04296875
1 0.78203125 0.22421875 0.03828125 0.04296875
1 0.78046875 0.1828125 0.03671875 0.04296875
1 0.7859375 0.13984375 0.0328125 0.040625
1 0.7890625 0.103125 0.03515625 0.03671875
1 0.7875 0.0625 0.0328125 0.0390625
1 0.790625 0.021875 0.03828125 0.04296875
1 0.7546875 0.0046875 0.04375 0.00859375
1 0.75625 0.03046875 0.04765625 0.040625
1 0.753125 0.07734375 0.040625 0.0453125
1 0.75625 0.1203125 0.03828125 0.040625
1 0.75078125 0.1640625 0.03671875 0.040625
1 0.7546875 0.20703125 0.03828125 0.04296875
1 0.71796875 0.3125 0.0328125 0.040625
1 0.7234375 0.01640625 0.0296875 0.03203125
1 0.69609375 0.0046875 0.0328125 0.00859375
1 0.69375 0.03203125 0.03828125 0.04921875
1 0.721875 0.05625 0.03515625 0.04296875
1 0.6921875 0.07734375 0.0328125 0.04296875
1 0.71953125 0.1015625 0.03515625 0.0390625
1 0.6921875 0.11640625 0.040625 0.04296875
1 0.69375 0.16171875 0.03671875 0.040625
1 0.69375 0.20234375 0.03515625 0.0390625
1 0.7234375 0.2265625 0.03515625 0.05390625
1 0.6921875 0.24375 0.0328125 0.03671875
1 0.69375 0.28671875 0.03828125 0.0453125
1 0.690625 0.33203125 0.0328125 0.0453125
1 0.63203125 0.07734375 0.03515625 0.040625
1 0.66640625 0.05390625 0.03515625 0.03671875
1 0.66171875 0.0171875 0.03515625 0.034375
1 0.63203125 0.034375 0.040625 0.04296875
1 0.6296875 0.11875 0.03515625 0.0453125
1 0.659375 0.096875 0.03671875 0.04296875
1 0.6609375 0.13984375 0.0328125 0.040625
1 0.659375 0.17890625 0.03515625 0.040625
1 0.6609375 0.21796875 0.03828125 0.04921875
1 0.6578125 0.25859375 0.03515625 0.040625
1 0.6609375 0.3015625 0.03671875 0.0453125
1 0.6578125 0.346875 0.03515625 0.0390625
1 0.7234375 0.1421875 0.02734375 0.040625
1 0.721875 0.18515625 0.0328125 0.040625
1 0.6296875 0.159375 0.03125 0.034375
1 0.63046875 0.00625 0.0328125 0.0125
1 0.57265625 0.0046875 0.03515625 0.00859375
1 0.59921875 0.01328125 0.0328125 0.02578125
1 0.5421875 0.01484375 0.03125 0.0296875
1 0.56953125 0.03203125 0.03515625 0.040625
1 0.59921875 0.0515625 0.03515625 0.0390625
1 0.50625 0.0046875 0.03125 0.00859375
1 0.2875 0.00859375 0.0328125 0.0171875
1 0.35234375 0.01484375 0.0421875 0.0296875
1 0.47265625 0.01171875 0.0328125 0.0234375
1 0.50390625 0.028125 0.03671875 0.04296875
1 0.53671875 0.04765625 0.03125 0.03046875
1 0.565625 0.07109375 0.03515625 0.03671875
1 0.21875 0.00859375 0.0421875 0.0171875
1 0.221875 0.0390625 0.03828125 0.040625
1 0.16171875 0.00625 0.0359375 0.0125
1 0.19765625 0.01484375 0.0265625 0.0296875
1 0.13359375 0.01796875 0.0390625 0.0359375
1 0.1609375 0.0390625 0.03125 0.040625
1 0.1921875 0.0578125 0.02578125 0.028125
1 0.221875 0.084375 0.03125 0.034375
1 0.25625 0.06015625 0.03125 0.03671875
1 0.28203125 0.040625 0.0328125 0.03046875
1 0.13203125 0.05625 0.0328125 0.0390625
1 0.1609375 0.08203125 0.03125 0.0390625
1 0.13359375 0.103125 0.03828125 0.04296875
1 0.0375 0.0046875 0.03515625 0.00859375
1 0.06796875 0.0171875 0.03671875 0.034375
1 0.1015625 0.00625 0.0375 0.0125
1 0.09921875 0.03671875 0.0328125 0.040625
1 0.03515625 0.03203125 0.040625 0.04296875
1 0.06796875 0.05625 0.0296875 0.040625
1 0.03671875 0.07578125 0.03828125 0.040625
1 0.0328125 0.15703125 0.03671875 0.0390625
1 0.03515625 0.11875 0.03515625 0.0390625
1 0.06796875 0.09921875 0.03515625 0.040625
1 0.096875 0.0796875 0.03671875 0.0390625
1 0.09921875 0.11640625 0.03125 0.040625
1 0.06796875 0.13984375 0.040625 0.04296875
1 0.10078125 0.15546875 0.0296875 0.0390625
1 0.1265625 0.1421875 0.0296875 0.03671875
1 0.1609375 0.11875 0.0328125 0.0390625
1 0.15546875 0.159375 0.0328125 0.03203125
1 0.1921875 0.09921875 0.03515625 0.0390625
1 0.03125 0.20078125 0.0328125 0.03671875
1 0.0640625 0.17890625 0.03671875 0.040625
1 0.0328125 0.24140625 0.03671875 0.040625
1 0.0328125 0.284375 0.040625 0.04296875
1 0.0328125 0.3296875 0.03515625 0.040625
1 0.0296875 0.37265625 0.0328125 0.040625
1 0.065625 0.26484375 0.0296875 0.03671875
1 0.0953125 0.2453125 0.0328125 0.0390625
1 0.096875 0.20078125 0.03828125 0.040625
1 0.065625 0.31015625 0.03125 0.04921875
1 0.096875 0.2890625 0.03671875 0.04296875
1 0.0625 0.353125 0.0328125 0.0390625
1 0.0953125 0.3296875 0.03671875 0.04765625
1 0.1296875 0.1828125 0.03125 0.0390625
1 0.1265625 0.228125 0.03515625 0.040625
1 0.1296875 0.26484375 0.03125 0.04296875
1 0.12421875 0.3125 0.03125 0.03671875
1 0.09375 0.375 0.03515625 0.03671875
1 0.1265625 0.353125 0.03125 0.04296875
1 0.0296875 0.540625 0.0328125 0.034375
1 0.0296875 0.5 0.0296875 0.03203125
1 0.0296875 0.459375 0.0328125 0.0390625
1 0.03125 0.415625 0.03515625 0.040625
1 0.0625 0.5234375 0.03515625 0.040625
1 0.05859375 0.4828125 0.03671875 0.04765625
1 0.06015625 0.43984375 0.03515625 0.03671875
1 0.0625 0.396875 0.0328125 0.0453125
1 0.0953125 0.415625 0.0328125 0.04296875
1 0.09375 0.50234375 0.03125 0.04296875
1 0.15390625 0.5046875 0.02734375 0.034375
1 0.12421875 0.4828125 0.03515625 0.03671875
1 0.12421875 0.44375 0.0328125 0.04921875
1 0.18515625 0.48671875 0.03671875 0.0453125
1 0.15390625 0.459375 0.03828125 0.040625
1 0.18671875 0.4421875 0.03515625 0.0390625
1 0.15390625 0.41796875 0.03125 0.0390625
1 0.1578125 0.375 0.0328125 0.040625
1 0.1578125 0.33203125 0.03671875 0.040625
1 0.1578125 0.290625 0.0328125 0.040625
1 0.159375 0.2453125 0.040625 0.040625
1 0.159375 0.2046875 0.03671875 0.04296875
1 0.18671875 0.403125 0.03671875 0.040625
1 0.18671875 0.36015625 0.03125 0.0453125
1 0.190625 0.31484375 0.03671875 0.04765625
1 0.18828125 0.26953125 0.03828125 0.040625
1 0.190625 0.228125 0.03125 0.034375
1 0.190625 0.1875 0.03515625 0.03671875
1 0.19375 0.1421875 0.0421875 0.0453125
1 0.3171875 0.021875 0.03671875 0.03671875
1 0.3828125 0.0234375 0.03125 0.0390625
1 0.35 0.04765625 0.03125 0.034375
1 0.31875 0.06484375 0.0328125 0.040625
1 0.2859375 0.084375 0.03515625 0.04296875
1 0.25859375 0.103125 0.02734375 0.03203125
1 0.2234375 0.12265625 0.03125 0.0453125
1 0.2234375 0.16171875 0.03125 0.0390625
1 0.2234375 0.2046875 0.02734375 0.0390625
1 0.2234375 0.25 0.0328125 0.0390625
1 0.2234375 0.2890625 0.0328125 0.03671875
1 0.221875 0.46796875 0.03125 0.03671875
1 0.221875 0.42265625 0.0328125 0.04765625
1 0.21796875 0.38359375 0.0328125 0.0390625
1 0.21953125 0.33828125 0.0421875 0.04765625
1 0.2859375 0.465625 0.03671875 0.0390625
1 0.31484375 0.4890625 0.03125 0.0390625
1 0.3421875 0.46953125 0.03125 0.04765625
1 0.37578125 0.4890625 0.03828125 0.0453125
1 0.40625 0.465625 0.0296875 0.03671875
1 0.37578125 0.4484375 0.03125 0.03671875
1 0.4046875 0.42265625 0.0328125 0.03671875
1 0.37734375 0.40546875 0.0296875 0.034375
1 0.4375 0.44609375 0.03125 0.040625
1 0.3171875 0.44375 0.03125 0.040625
1 0.34453125 0.42265625 0.03125 0.03671875
1 0.253125 0.44375 0.0328125 0.03046875
1 0.28359375 0.42421875 0.03125 0.040625
1 0.253125 0.40078125 0.03515625 0.040625
1 0.28203125 0.38359375 0.03125 0.040625
1 0.34453125 0.3796875 0.03125 0.03046875
1 0.31484375 0.36171875 0.03125 0.03671875
1 0.37578125 0.36171875 0.02578125 0.034375
1 0.4046875 0.3796875 0.0328125 0.03671875
1 0.25078125 0.3578125 0.03515625 0.0390625
1 0.28359375 0.340625 0.03828125 0.04765625
1 0.2546875 0.3171875 0.040625 0.0453125
1 0.2546875 0.27578125 0.03828125 0.04296875
1 0.31484375 0.3171875 0.03671875 0.03671875
1 0.2875 0.29765625 0.040625 0.040625
1 0.31484375 0.27578125 0.03671875 0.040625
1 0.34765625 0.29765625 0.0328125 0.04765625
1 0.34609375 0.33828125 0.02734375 0.03203125
1 0.37578125 0.31875 0.03515625 0.03671875
1 0.40859375 0.334375 0.03515625 0.0390625
1 0.41015625 0.290625 0.03515625 0.0390625
1 0.37578125 0.2734375 0.03515625 0.040625
1 0.2859375 0.2546875 0.03125 0.03671875
1 0.25625 0.23046875 0.03828125 0.040625
1 0.28359375 0.209375 0.03828125 0.040625
1 0.3171875 0.2328125 0.03828125 0.0453125
1 0.34609375 0.2546875 0.0328125 0.0390625
1 0.34609375 0.209375 0.02734375 0.03203125
1 0.37734375 0.228125 0.03515625 0.0390625
1 0.40625 0.25234375 0.0328125 0.034375
1 0.41015625 0.21328125 0.0328125 0.040625
1 0.4671875 0.46953125 0.03671875 0.0390625
1 0.5015625 0.45078125 0.03671875 0.03671875
1 0.53125 0.42890625 0.0328125 0.03671875
1 0.565625 0.409375 0.0328125 0.040625
1 0.59375 0.38984375 0.0296875 0.034375
1 0.62421875 0.3703125 0.03828125 0.04296875
1 0.65546875 0.3921875 0.03515625 0.04296875
1 0.4703125 0.42890625 0.03515625 0.04296875
1 0.5 0.409375 0.02578125 0.03203125
1 0.53125 0.3859375 0.03125 0.034375
1 0.5640625 0.36875 0.0296875 0.0390625
1 0.59375 0.34921875 0.03671875 0.04296875
1 0.6265625 0.32578125 0.03671875 0.0453125
1 0.43984375 0.403125 0.03515625 0.040625
1 0.43984375 0.23046875 0.03515625 0.04765625
1 0.44140625 0.278125 0.03515625 0.034375
1 0.44296875 0.3125 0.03515625 0.03671875
1 0.44140625 0.3578125 0.0421875 0.04765625
1 0.47265625 0.38828125 0.03828125 0.040625
1 0.50546875 0.36640625 0.0328125 0.04296875
1 0.47421875 0.34453125 0.03671875 0.034375
1 0.50390625 0.32109375 0.03125 0.0390625
1 0.47265625 0.29921875 0.03671875 0.03671875
1 0.53515625 0.34296875 0.03125 0.040625
1 0.56796875 0.32734375 0.03125 0.040625
1 0.5953125 0.30625 0.03125 0.03671875
1 0.628125 0.28203125 0.03125 0.040625
1 0.628125 0.24375 0.03125 0.040625
1 0.6265625 0.20078125 0.03125 0.0453125
1 0.596875 0.21953125 0.03515625 0.040625
1 0.5953125 0.26484375 0.03515625 0.0453125
1 0.5328125 0.29921875 0.0328125 0.0390625
1 0.56796875 0.28046875 0.03671875 0.0453125
1 0.50390625 0.278125 0.0296875 0.03671875
1 0.5328125 0.25859375 0.0328125 0.03046875
1 0.5640625 0.23671875 0.0296875 0.040625
1 0.59921875 0.1765625 0.0328125 0.0390625
1 0.56796875 0.19375 0.03671875 0.04296875
1 0.53515625 0.21796875 0.03671875 0.04296875
1 0.47265625 0.2546875 0.0328125 0.04296875
1 0.5015625 0.2390625 0.03515625 0.040625
1 0.4703125 0.21328125 0.03671875 0.040625
1 0.50390625 0.19375 0.040625 0.04765625
1 0.596875 0.13828125 0.03125 0.0390625
1 0.59921875 0.09453125 0.0328125 0.0390625
1 0.253125 0.1875 0.0328125 0.034375
1 0.25625 0.14453125 0.0421875 0.0515625
1 0.2859375 0.16796875 0.0328125 0.040625
1 0.2875 0.125 0.03828125 0.04296875
1 0.3171875 0.1078125 0.0328125 0.04296875
1 0.35 0.084375 0.03828125 0.04296875
1 0.3828125 0.0578125 0.040625 0.04296875
1 0.41640625 0.0140625 0.03125 0.028125
1 0.4453125 0.0234375 0.0328125 0.03671875
1 0.415625 0.04296875 0.0328125 0.0390625
1 0.47265625 0.0453125 0.0328125 0.0390625
1 0.50703125 0.0671875 0.03125 0.03671875
1 0.56953125 0.15078125 0.03125 0.0390625
1 0.57109375 0.11171875 0.03515625 0.040625
1 0.53671875 0.08828125 0.0328125 0.0390625
1 0.53515625 0.1296875 0.0328125 0.0390625
1 0.53828125 0.17265625 0.03515625 0.04296875
1 0.50546875 0.15078125 0.03671875 0.03203125
1 0.50703125 0.11171875 0.02734375 0.04296875
1 0.43984375 0.18984375 0.03125 0.0390625
1 0.46875 0.1703125 0.0328125 0.03671875
1 0.4765625 0.1296875 0.03828125 0.040625
1 0.47265625 0.0859375 0.0328125 0.040625
1 0.44296875 0.0625 0.0296875 0.03671875
1 0.41015625 0.0859375 0.040625 0.0453125
1 0.3828125 0.1078125 0.040625 0.04296875
1 0.41015625 0.17265625 0.03671875 0.04296875
1 0.44296875 0.146875 0.03828125 0.0453125
1 0.44296875 0.10546875 0.03515625 0.04296875
1 0.41171875 0.125 0.0328125 0.0390625
1 0.35 0.12734375 0.040625 0.0390625
1 0.3828125 0.14453125 0.040625 0.040625
1 0.31875 0.146875 0.03671875 0.03671875
1 0.3171875 0.18984375 0.03515625 0.04765625
1 0.3515625 0.16796875 0.040625 0.0453125