1 0.88359375 0.83515625 0.178125 0.23359375
1 0.8875 0.59453125 0.20625 0.21796875
1 0.8953125 0.34609375 0.17578125 0.21328125
1 0.89453125 0.1015625 0.196875 0.20234375
1 0.71171875 0.04453125 0.1828125 0.0890625
1 0.6984375 0.21171875 0.19453125 0.2359375
1 0.70234375 0.45625 0.1984375 0.2203125
1 0.69453125 0.70078125 0.16484375 0.21171875
1 0.684375 0.9171875 0.2078125 0.16484375
1 0.5203125 0.09453125 0.17265625 0.1890625
1 0.53203125 0.30859375 0.1796875 0.21171875
1 0.5265625 0.590625 0.18515625 0.253125
1 0.52265625 0.84140625 0.19296875 0.23359375
1 0.5125 0.98125 0.19296875 0.0375
1 0.3546875 0.03359375 0.19375 0.0671875
1 0.3484375 0.18515625 0.21875 0.24921875
1 0.34296875 0.43203125 0.22109375 0.253125
1 0.35 0.68515625 0.1984375 0.22890625
1 0.33125 0.91171875 0.225 0.1765625
1 0.15 0.96953125 0.165625 0.0609375
1 0.15 0.79765625 0.1796875 0.22890625
1 0.14609375 0.56796875 0.17265625 0.20078125
1 0.140625 0.31484375 0.1703125 0.21328125
1 0.165625 0.09296875 0.153125 0.1859375
1 0.0328125 0.20390625 0.065625 0.209375
1 0.03515625 0.4390625 0.0703125 0.203125
1 0.03125 0.690625 0.06171875 0.19140625
1 0.03125 0.90546875 0.06171875 0.1890625
1 0.04140625 0.03359375 0.0796875 0.0671875