1 0.85625 0.94765625 0.10625 0.1046875
1 0.51328125 0.9765625 0.0703125 0.046875
1 0.0109375 0.8421875 0.021875 0.09921875
1 0.0125 0.7359375 0.0234375 0.10078125
1 0.1046875 0.3578125 0.075 0.1046875
1 0.040625 0.4015625 0.0796875 0.096875
1 0.0421875 0.503125 0.084375 0.1046875
1 0.009375 0.64375 0.01875 0.09921875
1 0.1765625 0.49375 0.1 0.1046875
1 0.103125 0.546875 0.084375 0.10859375
1 0.0375 0.703125 0.0734375 0.09140625
1 0.04375 0.79296875 0.0875 0.11171875
1 0.115625 0.93203125 0.1125 0.09375
1 0.159375 0.5890625 0.0953125 0.09921875
1 0.434375 0.48984375 0.09375 0.10078125
1 0.2421875 0.546875 0.0796875 0.0953125
1 0.24375 0.63671875 0.09375 0.096875
1 0.165625 0.675 0.08125 0.0859375
1 0.1109375 0.821875 0.09375 0.11171875
1 0.1828125 0.778125 0.0921875 0.115625
1 0.2453125 0.9859375 0.096875 0.02734375
1 0.2546875 0.92265625 0.0765625 0.0859375
1 0.1921875 0.8859375 0.078125 0.0953125
1 0.2578125 0.83671875 0.0609375 0.08046875
1 0.2546875 0.7359375 0.078125 0.096875
1 0.315625 0.6828125 0.0640625 0.0859375
1 0.325 0.875 0.096875 0.09140625
1 0.3203125 0.77421875 0.0875 0.09375
1 0.375 0.98046875 0.084375 0.03828125
1 0.709375 0.67890625 0.09375 0.09921875
1 0.7203125 0.86796875 0.084375 0.12265625
1 0.58125 0.675 0.0890625 0.103125
1 0.5078125 0.6328125 0.0859375 0.125
1 0.646875 0.5375 0.103125 0.1265625
1 0.58125 0.85859375 0.0890625 0.10625
1 0.4515625 0.8609375 0.0796875 0.1046875
1 0.38125 0.90859375 0.0765625 0.08046875
1 0.3796875 0.71953125 0.075 0.0859375
1 0.0109375 0.92265625 0.021875 0.08984375
1 0.3765625 0.5484375 0.0796875 0.09140625
1 0.4453125 0.76875 0.075 0.071875
1 0.515625 0.73203125 0.078125 0.07890625
1 0.515625 0.81484375 0.0609375 0.09140625
1 0.446875 0.67734375 0.065625 0.103125
1 0.446875 0.58359375 0.0625 0.08046875
1 0.38125 0.63671875 0.0703125 0.0953125
1 0.396875 0.81796875 0.078125 0.08984375
1 0.6484375 0.9765625 0.103125 0.046875
1 0.7265625 0.990625 0.0625 0.01796875
1 0.6484375 0.9140625 0.0828125 0.10078125
1 0.646875 0.80703125 0.075 0.09921875
1 0.7171875 0.76875 0.084375 0.103125
1 0.584375 0.7703125 0.0703125 0.09140625
1 0.1078125 0.08984375 0.1046875 0.11015625
1 0.1703125 0.2203125 0.0875 0.096875
1 0.2328125 0.2640625 0.09375 0.115625
1 0.3125 0.31953125 0.0828125 0.12109375
1 0.3 0.03671875 0.1015625 0.071875
1 0.3046875 0.11171875 0.090625 0.08984375
1 0.3125 0.20390625 0.0890625 0.08828125
1 0.5109375 0.159375 0.0734375 0.09375
1 0.4984375 0.06796875 0.0609375 0.075
1 0.3859375 0.04921875 0.0796875 0.0640625
1 0.384375 0.1453125 0.0796875 0.0953125
1 0.51875 0.36171875 0.06875 0.1140625
1 0.45 0.31015625 0.0796875 0.09375
1 0.45 0.20703125 0.0859375 0.10078125
1 0.3828125 0.25703125 0.0640625 0.0859375
1 0.4453125 0.1140625 0.0578125 0.08984375
1 0.571875 0.2125 0.09375 0.11015625
1 0.6515625 0.24921875 0.08125 0.09140625
1 0.6453125 0.15234375 0.0984375 0.096875
1 0.6296875 0.0625 0.0828125 0.06796875
1 0.78125 0.0640625 0.11875 0.11015625
1 0.7203125 0.2953125 0.0859375 0.103125
1 0.7828125 0.24609375 0.0890625 0.1046875
1 0.85625 0.303125 0.0828125 0.10625
1 0.64375 0.42578125 0.084375 0.09375
1 0.7171875 0.39609375 0.0734375 0.0828125
1 0.784375 0.43828125 0.09375 0.096875
1 0.784375 0.54140625 0.0796875 0.08984375
1 0.853125 0.68046875 0.103125 0.09921875
1 0.846875 0.57265625 0.078125 0.08828125
1 0.8546875 0.471875 0.09375 0.10078125
1 0.9203125 0.52109375 0.08125 0.08984375
1 0.91875 0.61640625 0.0890625 0.1140625
1 0.975 0.578125 0.0484375 0.1140625
1 0.975 0.46953125 0.0484375 0.0734375
1 0.9265625 0.7171875 0.084375 0.09375
1 0.98125 0.671875 0.0359375 0.0828125
1 0.9296875 0.80703125 0.0921875 0.1046875
1 0.9265625 0.90625 0.084375 0.08984375
1 0.978125 0.84921875 0.0421875 0.10078125
1 0.9671875 0.98515625 0.0640625 0.0296875
1 0.44375 0.95859375 0.075 0.0828125
1 0.15625 0.946875 0.0234375 0.0328125
1 0.1890625 0.96171875 0.0515625 0.05703125
1 0.5296875 0.0125 0.0953125 0.02421875
1 0.91875 0.24921875 0.06875 0.08046875
1 0.9640625 0.1890625 0.071875 0.09140625
1 0.9640625 0.040625 0.0703125 0.07890625
1 0.8453125 0.03671875 0.0984375 0.0734375
1 0.6765625 0.0125 0.0796875 0.02421875