1 0.97890625 0.1171875 0.0421875 0.0796875
1 0.2 0.028125 0.0515625 0.05625
1 0.10234375 0.02578125 0.04921875 0.0515625
1 0.10625 0.090625 0.05859375 0.0578125
1 0.0515625 0.0578125 0.04765625 0.0671875
1 0.015625 0.02578125 0.03125 0.0515625
1 0.10078125 0.159375 0.06015625 0.07109375
1 0.015625 0.08515625 0.03125 0.07109375
1 0.15390625 0.05390625 0.0515625 0.06484375
1 0.30234375 0.034375 0.05859375 0.0671875
1 0.353125 0.0734375 0.0515625 0.0625
1 0.253125 0.06015625 0.06015625 0.0625
1 0.30390625 0.096875 0.0546875 0.06484375
1 0.24921875 0.13359375 0.06796875 0.07734375
1 0.2 0.1640625 0.0546875 0.0625
1 0.15 0.125 0.0625 0.0671875
1 0.2 0.096875 0.05703125 0.0671875
1 0.15234375 0.19609375 0.06796875 0.06875
1 0.34765625 0.13984375 0.05859375 0.0578125
1 0.30234375 0.1703125 0.0546875 0.0625
1 0.246875 0.20234375 0.05703125 0.0671875
1 0.2 0.2390625 0.04609375 0.06875
1 0.10078125 0.2265625 0.04765625 0.05390625
1 0.01484375 0.1515625 0.0296875 0.0578125
1 0.0515625 0.19375 0.053125 0.0671875
1 0.24921875 0.271875 0.04765625 0.0515625
1 0.34765625 0.209375 0.0515625 0.07578125
1 0.3953125 0.24375 0.053125 0.0734375
1 0.39765625 0.1703125 0.0515625 0.06484375
1 0.4453125 0.13359375 0.05703125 0.06484375
1 0.2984375 0.23671875 0.04765625 0.0671875
1 0.146875 0.26953125 0.053125 0.07578125
1 0.10234375 0.290625 0.0515625 0.07109375
1 0.04609375 0.25859375 0.0625 0.0625
1 0.01171875 0.221875 0.0234375 0.08203125
1 0.01015625 0.28984375 0.0203125 0.0578125
1 0.04375 0.32578125 0.053125 0.07109375
1 0.2015625 0.36171875 0.04765625 0.0578125
1 0.15234375 0.3921875 0.0546875 0.06484375
1 0.10078125 0.36015625 0.05703125 0.07578125
1 0.096875 0.42890625 0.04921875 0.06015625
1 0.04609375 0.38984375 0.053125 0.0671875
1 0.04375 0.4609375 0.04765625 0.0625
1 0.2015625 0.4953125 0.05703125 0.0734375
1 0.146875 0.53203125 0.05703125 0.0625
1 0.1484375 0.4609375 0.05859375 0.06484375
1 0.096875 0.50234375 0.0515625 0.07734375
1 0.146875 0.596875 0.0546875 0.0578125
1 0.09921875 0.62734375 0.06015625 0.07734375
1 0.2453125 0.6078125 0.06015625 0.06484375
1 0.2453125 0.665625 0.0625 0.0625
1 0.1921875 0.68515625 0.06015625 0.07109375
1 0.1375 0.71953125 0.065625 0.0671875
1 0.0421875 0.72421875 0.053125 0.0578125
1 0.00859375 0.690625 0.01640625 0.04921875
1 0.04375 0.590625 0.053125 0.0734375
1 0.009375 0.553125 0.01796875 0.0578125
1 0.04765625 0.52578125 0.053125 0.0625
1 0.0109375 0.4859375 0.021875 0.0578125
1 0.01015625 0.4265625 0.0203125 0.0515625
1 0.0109375 0.35703125 0.021875 0.0671875
1 0.040625 0.659375 0.0515625 0.05390625
1 0.0109375 0.62734375 0.021875 0.06484375
1 0.0859375 0.75625 0.0515625 0.06875
1 0.040625 0.84921875 0.0515625 0.0625
1 0.01015625 0.88359375 0.0203125 0.05625
1 0.09375 0.88984375 0.04921875 0.06484375
1 0.040625 0.91796875 0.04921875 0.0625
1 0.009375 0.95546875 0.01796875 0.0671875
1 0.04140625 0.97734375 0.04921875 0.0453125
1 0.9375 0.090625 0.053125 0.04921875
1 0.93984375 0.15078125 0.05703125 0.06484375
1 0.88671875 0.11640625 0.0625 0.0734375
1 0.9359375 0.221875 0.0640625 0.06875
1 0.98046875 0.18984375 0.03828125 0.0734375
1 0.978125 0.315625 0.04375 0.07109375
1 0.97578125 0.38984375 0.0484375 0.0734375
1 0.98203125 0.45859375 0.0359375 0.0484375
1 0.97890625 0.51796875 0.0421875 0.0796875
1 0.975 0.5859375 0.04921875 0.06015625
1 0.975 0.64765625 0.04921875 0.0578125
1 0.97421875 0.71796875 0.0515625 0.06875
1 0.97421875 0.78046875 0.0515625 0.07109375
1 0.9703125 0.8484375 0.05859375 0.07109375
1 0.97265625 0.92265625 0.04765625 0.06015625
1 0.975 0.975 0.04921875 0.04921875
1 0.925 0.95078125 0.04375 0.06015625
1 0.9265625 0.88125 0.0515625 0.0671875
1 0.92890625 0.81484375 0.040625 0.05625
1 0.925 0.74375 0.04765625 0.0671875
1 0.92890625 0.67421875 0.04375 0.06015625
1 0.92890625 0.603125 0.04609375 0.07578125
1 0.93046875 0.55390625 0.0515625 0.05625
1 0.9359375 0.49140625 0.053125 0.0671875
1 0.93203125 0.42265625 0.0515625 0.0671875
1 0.934375 0.353125 0.0515625 0.0625
1 0.934375 0.2890625 0.04921875 0.06015625
1 0.88125 0.25 0.04609375 0.06875
1 0.884375 0.18125 0.04921875 0.05625
1 0.88828125 0.31015625 0.03515625 0.040625
1 0.8828125 0.375 0.053125 0.06875
1 0.88984375 0.4421875 0.04921875 0.05390625
1 0.8828125 0.5171875 0.0546875 0.0734375
1 0.884375 0.5796875 0.04375 0.05625
1 0.8828125 0.6359375 0.05703125 0.06484375
1 0.88125 0.70703125 0.053125 0.0671875
1 0.88125 0.77578125 0.0515625 0.0734375
1 0.87890625 0.8515625 0.06015625 0.06875
1 0.878125 0.97421875 0.053125 0.0515625
1 0.84453125 0.0734375 0.06015625 0.0734375
1 0.796875 0.1140625 0.065625 0.07109375
1 0.79296875 0.17890625 0.065625 0.0625
1 0.83671875 0.209375 0.05703125 0.07109375
1 0.79296875 0.24375 0.05703125 0.07109375
1 0.83359375 0.346875 0.05703125 0.07734375
1 0.79140625 0.31484375 0.05859375 0.0671875
1 0.7875 0.38359375 0.04921875 0.0625
1 0.83359375 0.478125 0.06015625 0.06875
1 0.78359375 0.44609375 0.0625 0.0671875
1 0.83359375 0.540625 0.06015625 0.0671875
1 0.83359375 0.61171875 0.0546875 0.06484375
1 0.83125 0.6765625 0.04921875 0.05625
1 0.83359375 0.7328125 0.04921875 0.0515625
1 0.83359375 0.81875 0.04609375 0.07109375
1 0.83359375 0.8859375 0.04765625 0.0625
1 0.83125 0.95078125 0.0546875 0.0671875
1 0.83046875 0.9921875 0.04921875 0.01484375
1 0.78046875 0.51484375 0.04921875 0.0625
1 0.778125 0.5796875 0.06015625 0.0625
1 0.98515625 0.00546875 0.0296875 0.0109375
1 0.596875 0.0390625 0.04765625 0.06015625
1 0.7453125 0.0734375 0.04609375 0.05390625
1 0.69375 0.1015625 0.06015625 0.06484375
1 0.64296875 0.06875 0.053125 0.06015625
1 0.5421875 0.07578125 0.053125 0.06484375
1 0.5015625 0.0390625 0.04375 0.0515625
1 0.4453125 0.06875 0.0546875 0.06015625
1 0.39375 0.10546875 0.04375 0.0515625
1 0.74375 0.14453125 0.053125 0.05390625
1 0.69375 0.1703125 0.05703125 0.0578125
1 0.64296875 0.13828125 0.0546875 0.0625
1 0.596875 0.11875 0.04765625 0.0578125
1 0.7359375 0.209375 0.053125 0.06484375
1 0.6921875 0.24140625 0.04921875 0.05390625
1 0.73984375 0.28046875 0.05703125 0.0625
1 0.73828125 0.34453125 0.053125 0.0671875
1 0.6921875 0.31484375 0.04921875 0.0625
1 0.64296875 0.209375 0.03828125 0.040625
1 0.6375 0.271875 0.04765625 0.05625
1 0.5953125 0.2390625 0.0515625 0.0578125
1 0.5421875 0.20078125 0.04921875 0.0578125
1 0.49609375 0.1015625 0.04765625 0.06875
1 0.4984375 0.1640625 0.053125 0.05625
1 0.5 0.23046875 0.05703125 0.0734375
1 0.45078125 0.2046875 0.05703125 0.07109375
1 0.54375 0.2734375 0.04765625 0.06015625
1 0.49453125 0.30625 0.04765625 0.0578125
1 0.29453125 0.36015625 0.03515625 0.04296875
1 0.63515625 0.346875 0.04609375 0.06875
1 0.540625 0.34296875 0.053125 0.06875
1 0.5 0.37265625 0.04609375 0.05625
1 0.4375 0.40078125 0.04375 0.05625
1 0.3921875 0.42890625 0.053125 0.06015625
1 0.340625 0.40546875 0.0546875 0.0625
1 0.59140625 0.37734375 0.05859375 0.06484375
1 0.734375 0.40703125 0.053125 0.06875
1 0.690625 0.3859375 0.0515625 0.05390625
1 0.690625 0.45078125 0.06015625 0.07109375
1 0.73828125 0.49140625 0.04609375 0.0578125
1 0.68828125 0.50859375 0.0546875 0.06875
1 0.73046875 0.54921875 0.0515625 0.05625
1 0.5421875 0.40703125 0.053125 0.06015625
1 0.49296875 0.43984375 0.06015625 0.0734375
1 0.6296875 0.42421875 0.04765625 0.06015625
1 0.584375 0.4484375 0.0546875 0.06015625
1 0.5421875 0.4765625 0.0421875 0.0515625
1 0.690625 0.57109375 0.04375 0.0515625
1 0.72734375 0.6140625 0.0515625 0.0515625
1 0.78203125 0.6421875 0.04765625 0.05625
1 0.63515625 0.478125 0.053125 0.05390625
1 0.59140625 0.51484375 0.040625 0.0578125
1 0.63203125 0.5453125 0.0546875 0.0734375
1 0.49453125 0.5109375 0.0515625 0.06015625
1 0.43984375 0.46796875 0.04765625 0.06015625
1 0.3921875 0.50859375 0.0515625 0.0734375
1 0.33671875 0.47421875 0.0546875 0.0671875
1 0.340625 0.540625 0.053125 0.0625
1 0.3390625 0.6078125 0.04375 0.0671875
1 0.54375 0.54765625 0.05703125 0.06875
1 0.49609375 0.57578125 0.0515625 0.06484375
1 0.44140625 0.53203125 0.04765625 0.0625
1 0.43984375 0.61015625 0.0328125 0.04765625
1 0.38984375 0.63125 0.053125 0.07109375
1 0.628125 0.61875 0.04921875 0.05625
1 0.68515625 0.64453125 0.04921875 0.05625
1 0.78359375 0.70234375 0.0546875 0.05625
1 0.78359375 0.771875 0.053125 0.0625
1 0.7859375 0.83203125 0.04765625 0.0578125
1 0.734375 0.7453125 0.0421875 0.05625
1 0.68828125 0.7109375 0.05703125 0.0625
1 0.5859375 0.6484375 0.040625 0.05625
1 0.6296875 0.6765625 0.053125 0.07109375
1 0.63203125 0.74765625 0.0546875 0.0578125
1 0.584375 0.71328125 0.0421875 0.04765625
1 0.53671875 0.61015625 0.0421875 0.0578125
1 0.49296875 0.63984375 0.04921875 0.0578125
1 0.53671875 0.67890625 0.0515625 0.06015625
1 0.49453125 0.70703125 0.03515625 0.0453125
1 0.43984375 0.6703125 0.04609375 0.0578125
1 0.19765625 0.63125 0.040625 0.0515625
1 0.38984375 0.70078125 0.04765625 0.06015625
1 0.33359375 0.728125 0.0515625 0.05625
1 0.29453125 0.70234375 0.0546875 0.06484375
1 0.2453125 0.72421875 0.04921875 0.0671875
1 0.19765625 0.7453125 0.0515625 0.0671875
1 0.1390625 0.7890625 0.05859375 0.0671875
1 0.1375 0.85546875 0.05703125 0.0671875
1 0.1390625 0.92265625 0.0515625 0.07109375
1 0.78203125 0.90078125 0.04921875 0.0671875
1 0.7359375 0.87265625 0.04921875 0.04765625
1 0.68515625 0.8359375 0.0515625 0.0578125
1 0.628125 0.8078125 0.05859375 0.0625
1 0.58046875 0.77578125 0.04921875 0.0671875
1 0.53671875 0.7390625 0.053125 0.06484375
1 0.4890625 0.76953125 0.04921875 0.04296875
1 0.43984375 0.7328125 0.04375 0.06484375
1 0.38671875 0.7671875 0.05703125 0.0515625
1 0.33125 0.7953125 0.040625 0.06875
1 0.2890625 0.7609375 0.0515625 0.06015625
1 0.29140625 0.8296875 0.053125 0.06875
1 0.23984375 0.790625 0.04609375 0.0625
1 0.19609375 0.8171875 0.0515625 0.0578125
1 0.24140625 0.85546875 0.0421875 0.05390625
1 0.19375 0.88125 0.0546875 0.07734375
1 0.13515625 0.97734375 0.0546875 0.0453125
1 0.53671875 0.8078125 0.04609375 0.06015625
1 0.43984375 0.79921875 0.0515625 0.06875
1 0.3921875 0.82734375 0.04609375 0.05390625
1 0.33515625 0.8640625 0.04765625 0.05625
1 0.29140625 0.8984375 0.05859375 0.05625
1 0.24375 0.9375 0.04375 0.0625
1 0.19765625 0.9546875 0.0625 0.06875
1 0.23984375 0.98359375 0.0515625 0.03203125
1 0.2875 0.9609375 0.05859375 0.07109375
1 0.4890625 0.83828125 0.04765625 0.0578125
1 0.584375 0.84296875 0.0515625 0.0578125
1 0.53515625 0.87734375 0.0515625 0.07734375
1 0.44140625 0.8703125 0.0515625 0.0671875
1 0.38828125 0.89453125 0.053125 0.0734375
1 0.3390625 0.93125 0.053125 0.0734375
1 0.33359375 0.9828125 0.0515625 0.034375
1 0.4359375 0.9328125 0.04921875 0.05625
1 0.63359375 0.8703125 0.04921875 0.06484375
1 0.73046875 0.93984375 0.0546875 0.0671875
1 0.728125 0.9859375 0.0640625 0.028125
1 0.6828125 0.90546875 0.05859375 0.0515625
1 0.67890625 0.96640625 0.05703125 0.0671875
1 0.62265625 0.9328125 0.0515625 0.0671875
1 0.58203125 0.91171875 0.04921875 0.0671875
1 0.53671875 0.93984375 0.04765625 0.05390625
1 0.48515625 0.97265625 0.0546875 0.0546875
1 0.58046875 0.97734375 0.04765625 0.0453125
1 0.6265625 0.9859375 0.0515625 0.028125
1 0.38828125 0.965625 0.04921875 0.0625