1 0.3125 0.00859375 0.23046875 0.0171875
1 0.77109375 0.3546875 0.2125 0.2578125
1 0.1984375 0.9015625 0.21953125 0.196875
1 0.46328125 0.5390625 0.23828125 0.23125
1 0.296875 0.259375 0.234375 0.21875
1 0.17734375 0.5515625 0.17890625 0.22265625
1 0.5828125 0.240625 0.18984375 0.25078125
1 0.465625 0.9109375 0.215625 0.17734375
1 0.746875 0.7296875 0.22109375 0.253125
1 0.48046875 0.02890625 0.1828125 0.0578125
1 0.31171875 0.64921875 0.14765625 0.19921875
1 0.4609375 0.7359375 0.17890625 0.18828125
1 0.60546875 0.8484375 0.1328125 0.1796875
1 0.19765625 0.73359375 0.1015625 0.134375
1 0.89453125 0.95234375 0.203125 0.0953125
1 0.61171875 0.05703125 0.1359375 0.1140625
1 0.14921875 0.33359375 0.1234375 0.14296875
1 0.32890625 0.08203125 0.2140625 0.1640625
1 0.46484375 0.1453125 0.1640625 0.1859375
1 0.97265625 0.1234375 0.0546875 0.246875
1 0.98359375 0.7484375 0.0328125 0.259375