1 0.17734375 0.85703125 0.06484375 0.08203125
1 0.07578125 0.86328125 0.06640625 0.078125
1 0.0859375 0.98046875 0.0421875 0.0390625
1 0.46015625 0.99375 0.0515625 0.0125
1 0.41328125 0.9609375 0.0609375 0.0625
1 0.46328125 0.93515625 0.053125 0.0609375
1 0.51875 0.89609375 0.05703125 0.07109375
1 0.3671875 0.86796875 0.06484375 0.0734375
1 0.66640625 0.9609375 0.05703125 0.0609375
1 0.8546875 0.990625 0.059375 0.01875
1 0.81015625 0.9625 0.0640625 0.075
1 0.9109375 0.965625 0.06875 0.06875
1 0.9078125 0.90234375 0.071875 0.06484375
1 0.90234375 0.8375 0.0625 0.07109375
1 0.909375 0.759375 0.07578125 0.0890625
1 0.85390625 0.94375 0.0625 0.07578125
1 0.603125 0.909375 0.06640625 0.084375
1 0.66015625 0.865625 0.05546875 0.0671875
1 0.76171875 0.87890625 0.05 0.0609375
1 0.8078125 0.83984375 0.06796875 0.078125
1 0.46875 0.859375 0.053125 0.0515625
1 0.66015625 0.73359375 0.05546875 0.0625
1 0.70859375 0.76640625 0.053125 0.05859375
1 0.8078125 0.77265625 0.059375 0.06484375
1 0.8046875 0.703125 0.06484375 0.07109375
1 0.8578125 0.66875 0.05703125 0.07578125
1 0.47265625 0.796875 0.0609375 0.0734375
1 0.51640625 0.76875 0.0609375 0.0671875
1 0.4171875 0.76171875 0.06796875 0.0734375
1 0.3671875 0.72734375 0.06796875 0.07578125
1 0.42265625 0.6859375 0.06484375 0.07109375
1 0.37109375 0.65390625 0.06484375 0.0671875
1 0.3765625 0.584375 0.0625 0.0609375
1 0.47421875 0.6578125 0.059375 0.0625
1 0.51875 0.69921875 0.0625 0.0671875
1 0.56640625 0.66484375 0.0609375 0.07578125
1 0.51875 0.6234375 0.0609375 0.07109375
1 0.47265625 0.57109375 0.071875 0.078125
1 0.5734375 0.58671875 0.05703125 0.0671875
1 0.56484375 0.51953125 0.0703125 0.0734375
1 0.571875 0.39375 0.05546875 0.0671875
1 0.80625 0.62734375 0.0609375 0.06953125
1 0.81015625 0.55859375 0.06484375 0.0734375
1 0.7640625 0.528125 0.06484375 0.078125
1 0.815625 0.50234375 0.05 0.05625
1 0.7640625 0.4609375 0.05703125 0.0625
1 0.81328125 0.4375 0.0609375 0.0734375
1 0.865625 0.46328125 0.05546875 0.078125
1 0.315625 0.76171875 0.05703125 0.0609375
1 0.3171875 0.690625 0.0609375 0.07578125
1 0.27109375 0.66015625 0.06796875 0.078125
1 0.2265625 0.62109375 0.0625 0.06953125
1 0.26953125 0.59765625 0.05 0.0609375
1 0.31953125 0.55859375 0.06796875 0.07109375
1 0.22890625 0.55 0.06484375 0.0734375
1 0.02578125 0.828125 0.0515625 0.07109375
1 0.02421875 0.75859375 0.04765625 0.0671875
1 0.00703125 0.64609375 0.0140625 0.0703125
1 0.0703125 0.7859375 0.05 0.06484375
1 0.12734375 0.76640625 0.0609375 0.07578125
1 0.06796875 0.71875 0.06796875 0.06953125
1 0.21953125 0.759375 0.05 0.0625
1 0.1734375 0.72734375 0.05 0.0625
1 0.171875 0.66015625 0.0609375 0.0734375
1 0.1234375 0.62109375 0.059375 0.06953125
1 0.1734375 0.58671875 0.059375 0.06953125
1 0.17890625 0.5171875 0.05703125 0.07109375
1 0.2265625 0.48046875 0.059375 0.07109375
1 0.02734375 0.5453125 0.0515625 0.06484375
1 0.02890625 0.48046875 0.05703125 0.078125
1 0.8765625 0.38515625 0.05546875 0.07578125
1 0.8171875 0.365625 0.05703125 0.07109375
1 0.775 0.3421875 0.05 0.05859375
1 0.87109375 0.3265625 0.05703125 0.07578125
1 0.81328125 0.296875 0.059375 0.07578125
1 0.76171875 0.26171875 0.059375 0.0625
1 0.8171875 0.22734375 0.059375 0.078125
1 0.87109375 0.26171875 0.053125 0.06484375
1 0.92265625 0.16015625 0.059375 0.078125
1 0.7671875 0.19296875 0.05546875 0.078125
1 0.7125 0.1515625 0.0625 0.0890625
1 0.76953125 0.1234375 0.0625 0.078125
1 0.81953125 0.15390625 0.05703125 0.0671875
1 0.8671875 0.1234375 0.0515625 0.07578125
1 0.83046875 0.07578125 0.05546875 0.06953125
1 0.7734375 0.05625 0.0703125 0.090625
1 0.865625 0.05859375 0.05546875 0.05390625
1 0.92265625 0.03046875 0.05546875 0.0609375
1 0.86875 0.01640625 0.0625 0.0328125
1 0.7671875 0.01171875 0.05546875 0.0234375
1 0.67734375 0.05625 0.053125 0.0609375
1 0.12734375 0.421875 0.06640625 0.06953125
1 0.134375 0.35078125 0.06796875 0.0671875
1 0.04765625 0.38125 0.04453125 0.04140625
1 0.03359375 0.3484375 0.04765625 0.05859375
1 0.0796875 0.31640625 0.0625 0.078125
1 0.0078125 0.3203125 0.015625 0.059375
1 0.03359375 0.2859375 0.0515625 0.05625
1 0.0109375 0.0375 0.021875 0.0671875
1 0.0078125 0.10390625 0.015625 0.0703125
1 0.009375 0.17421875 0.01875 0.07578125
1 0.0390625 0.21015625 0.06640625 0.084375
1 0.08828125 0.24921875 0.059375 0.06953125
1 0.0921875 0.1734375 0.05703125 0.06953125
1 0.040625 0.07578125 0.059375 0.08046875
1 0.08828125 0.04140625 0.05546875 0.078125
1 0.13671875 0.078125 0.0609375 0.0671875
1 0.57734375 0.0453125 0.0609375 0.07578125
1 0.37421875 0.465625 0.04609375 0.0625
1 0.47421875 0.45859375 0.05546875 0.0625
1 0.42421875 0.42890625 0.059375 0.07109375
1 0.42421875 0.3546875 0.0609375 0.0734375
1 0.42421875 0.2859375 0.0625 0.0625
1 0.18046875 0.25078125 0.0609375 0.0734375
1 0.23828125 0.27890625 0.0625 0.06953125
1 0.32109375 0.28984375 0.06796875 0.0625
1 0.28046875 0.253125 0.0515625 0.0609375
1 0.23828125 0.2125 0.0609375 0.05859375
1 0.2734375 0.1796875 0.05 0.0625
1 0.325 0.21875 0.0625 0.0671875
1 0.37265625 0.25078125 0.0515625 0.05
1 0.32109375 0.14921875 0.05703125 0.05859375
1 0.275 0.1125 0.05703125 0.0671875
1 0.2328125 0.06953125 0.06640625 0.05859375
1 0.6203125 0.23359375 0.05 0.0671875
1 0.621875 0.16015625 0.05703125 0.0734375
1 0.571875 0.26640625 0.04609375 0.05625
1 0.5703125 0.190625 0.04453125 0.08671875
1 0.52734375 0.2296875 0.0515625 0.0625
1 0.5296875 0.16015625 0.05 0.0734375
1 0.48359375 0.18359375 0.05546875 0.0609375
1 0.43203125 0.1515625 0.059375 0.0734375
1 0.3765625 0.1171875 0.0609375 0.0625
1 0.4296875 0.084375 0.05703125 0.0625
1 0.48125 0.11015625 0.0609375 0.07109375
1 0.37421875 0.0515625 0.06640625 0.07109375
1 0.4796875 0.04296875 0.0703125 0.078125
1 0.4296875 0.02421875 0.071875 0.0484375
1 0.23359375 0.025 0.06484375 0.05
1 0.3296875 0.025 0.06484375 0.05