1 0.3203125 0.30390625 0.171875 0.19609375
1 0.153125 0.565625 0.18515625 0.2171875
1 0.15859375 0.88359375 0.175 0.1859375
1 0.5921875 0.071875 0.18125 0.14375
1 0.7609375 0.0234375 0.16796875 0.046875
1 0.63203125 0.23671875 0.15859375 0.1921875
1 0.54765625 0.64375 0.19140625 0.21484375
1 0.40078125 0.9203125 0.18125 0.15859375
1 0.3 0.65703125 0.1734375 0.203125
1 0.05625 0.3078125 0.1125 0.18203125
1 0.0546875 0.03671875 0.10859375 0.0734375
1 0.94375 0.128125 0.1125 0.21328125
1 0.95546875 0.47109375 0.0890625 0.19765625
1 0.7609375 0.4671875 0.18828125 0.19609375
1 0.95859375 0.81171875 0.0828125 0.23671875
1 0.25859375 0.04375 0.15 0.0875
1 0.05625 0.82578125 0.1125 0.25546875
1 0.7609375 0.64140625 0.2078125 0.234375
1 0.77421875 0.12421875 0.16484375 0.1921875
1 0.2921875 0.14765625 0.1453125 0.1453125
1 0.503125 0.43984375 0.1796875 0.203125
1 0.5359375 0.940625 0.18828125 0.11796875
1 0.409375 0.74609375 0.13203125 0.1859375
1 0.60078125 0.346875 0.1125 0.11015625