1 0.9765625 0.93203125 0.046875 0.1359375
1 0.95390625 0.74296875 0.09140625 0.23046875
1 0.9609375 0.509375 0.078125 0.21640625
1 0.959375 0.26328125 0.08125 0.2546875
1 0.959375 0.07421875 0.08125 0.14765625
1 0.81796875 0.16015625 0.21484375 0.23671875
1 0.8203125 0.40703125 0.18515625 0.20859375
1 0.82734375 0.62578125 0.1921875 0.1984375
1 0.83203125 0.86875 0.18671875 0.20625
1 0.63828125 0.9296875 0.1609375 0.140625
1 0.63828125 0.76328125 0.1578125 0.21015625
1 0.64375 0.534375 0.19921875 0.22265625
1 0.6578125 0.2875 0.196875 0.26484375
1 0.63203125 0.06875 0.1609375 0.1375
1 0.46328125 0.88125 0.2109375 0.23671875
1 0.47265625 0.6640625 0.190625 0.22890625
1 0.46875 0.4171875 0.1953125 0.2390625
1 0.45859375 0.18203125 0.20234375 0.2546875
1 0.2640625 0.9484375 0.21640625 0.103125
1 0.2875 0.78984375 0.18671875 0.22265625
1 0.28046875 0.55859375 0.18203125 0.23671875
1 0.275 0.29375 0.18828125 0.23671875
1 0.26953125 0.084375 0.18671875 0.16796875
1 0.45859375 0.03046875 0.190625 0.0609375
1 0.0953125 0.1875 0.190625 0.25703125
1 0.09609375 0.0265625 0.1921875 0.05234375
1 0.1 0.45703125 0.2 0.2359375
1 0.10234375 0.684375 0.18203125 0.17421875
1 0.10703125 0.890625 0.1921875 0.21875
1 0.009375 0.9703125 0.01875 0.05859375
1 0.00859375 0.81171875 0.0171875 0.21484375
1 0.821875 0.01640625 0.19375 0.03203125