1 0.034375 0.9859375 0.03984375 0.02734375
1 0.22109375 0.9859375 0.0453125 0.02734375
1 0.2515625 0.97890625 0.034375 0.0421875
1 0.3078125 0.9796875 0.03828125 0.040625
1 0.546875 0.97890625 0.0359375 0.0421875
1 0.4984375 0.98359375 0.034375 0.0328125
1 0.40234375 0.98828125 0.03984375 0.0234375
1 0.434375 0.98203125 0.04140625 0.0359375
1 0.396875 0.9640625 0.04140625 0.046875
1 0.43125 0.946875 0.04140625 0.0578125
1 0.4671875 0.965625 0.034375 0.046875
1 0.49609375 0.946875 0.03984375 0.0578125
1 0.46171875 0.9171875 0.04140625 0.053125
1 0.5 0.9 0.03984375 0.04921875
1 0.52734375 0.9234375 0.0328125 0.04921875
1 0.5484375 0.90234375 0.0359375 0.0421875
1 0.55234375 0.865625 0.03046875 0.046875
1 0.52734375 0.87890625 0.034375 0.05078125
1 0.53046875 0.840625 0.04140625 0.046875
1 0.55390625 0.78046875 0.0328125 0.05078125
1 0.52734375 0.80390625 0.0359375 0.059375
1 0.49453125 0.8234375 0.04296875 0.0578125
1 0.46015625 0.8765625 0.0453125 0.04453125
1 0.4640625 0.840625 0.03984375 0.046875
1 0.46953125 0.80390625 0.0359375 0.05546875
1 0.43515625 0.7765625 0.03828125 0.04453125
1 0.43828125 0.82109375 0.0359375 0.0421875
1 0.40234375 0.91484375 0.0484375 0.0578125
1 0.40625 0.8765625 0.0453125 0.05078125
1 0.43359375 0.853125 0.03984375 0.05078125
1 0.371875 0.9109375 0.03984375 0.059375
1 0.34453125 0.840625 0.0484375 0.04921875
1 0.30859375 0.93828125 0.03984375 0.04453125
1 0.34140625 0.92578125 0.03984375 0.046875
1 0.3390625 0.88515625 0.03828125 0.05078125
1 0.30703125 0.89765625 0.0484375 0.046875
1 0.31015625 0.86171875 0.0453125 0.053125
1 0.3125 0.81953125 0.0484375 0.046875
1 0.2796875 0.840625 0.04296875 0.053125
1 0.28515625 0.88046875 0.03828125 0.040625
1 0.21484375 0.92109375 0.02890625 0.03203125
1 0.25078125 0.9 0.04140625 0.0421875
1 0.25234375 0.859375 0.03828125 0.0421875
1 0.221875 0.8296875 0.04140625 0.04453125
1 0.2203125 0.8765625 0.0453125 0.046875
1 0.10078125 0.9578125 0.0453125 0.05078125
1 0.1859375 0.89375 0.03984375 0.053125
1 0.15859375 0.88046875 0.05625 0.05546875
1 0.01484375 0.93671875 0.0296875 0.0484375
1 0.0359375 0.959375 0.0359375 0.0421875
1 0.06328125 0.9359375 0.0359375 0.04453125
1 0.0359375 0.90390625 0.0328125 0.046875
1 0.06640625 0.89375 0.0359375 0.05078125
1 0.10078125 0.9109375 0.0453125 0.046875
1 0.09765625 0.87890625 0.04140625 0.040625
1 0.06484375 0.8578125 0.03046875 0.0296875
1 0.03828125 0.840625 0.034375 0.0421875
1 0.06640625 0.81953125 0.034375 0.0421875
1 0.09765625 0.8421875 0.03984375 0.0359375
1 0.15859375 0.8359375 0.04296875 0.040625
1 0.13203125 0.8578125 0.0359375 0.0359375
1 0.1296875 0.82109375 0.03828125 0.04921875
1 0.1640625 0.79765625 0.03828125 0.04453125
1 0.1625 0.753125 0.0359375 0.04453125
1 0.00234375 0.86015625 0.0046875 0.0265625
1 0.0140625 0.81640625 0.028125 0.0546875
1 0.0359375 0.79375 0.03984375 0.053125
1 0.01171875 0.7703125 0.0234375 0.0421875
1 0.01171875 0.7265625 0.0234375 0.0578125
1 0.03828125 0.7 0.04296875 0.05546875
1 0.03828125 0.74921875 0.04296875 0.04453125
1 0.06875 0.72734375 0.03984375 0.05546875
1 0.06875 0.77890625 0.04296875 0.05078125
1 0.10078125 0.79765625 0.03984375 0.04921875
1 0.1296875 0.76796875 0.04140625 0.059375
1 0.09765625 0.75078125 0.03984375 0.04453125
1 0.58671875 0.9921875 0.0359375 0.01484375
1 0.5828125 0.965625 0.04296875 0.046875
1 0.58515625 0.91953125 0.034375 0.04453125
1 0.58125 0.88046875 0.04140625 0.046875
1 0.61875 0.90234375 0.0359375 0.040625
1 0.615625 0.8640625 0.0359375 0.04921875
1 0.64375 0.9921875 0.03828125 0.01484375
1 0.7078125 0.99453125 0.02890625 0.0109375
1 0.7078125 0.97421875 0.034375 0.0421875
1 0.68203125 0.95078125 0.04296875 0.0421875
1 0.7078125 0.9296875 0.0328125 0.0421875
1 0.7421875 0.953125 0.0359375 0.0421875
1 0.709375 0.8875 0.03828125 0.0421875
1 0.73671875 0.865625 0.03984375 0.04453125
1 0.74375 0.90625 0.03984375 0.053125
1 0.77109375 0.97421875 0.0453125 0.05078125
1 0.79453125 0.98203125 0.03984375 0.0359375
1 0.79765625 0.9125 0.0359375 0.040625
1 0.83203125 0.92578125 0.034375 0.0359375
1 0.83046875 0.97421875 0.03828125 0.05078125
1 0.8296875 0.99453125 0.04140625 0.0109375
1 0.865625 0.98359375 0.040625 0.0328125
1 0.89375 0.9703125 0.03984375 0.040625
1 0.92109375 0.98828125 0.04140625 0.0234375
1 0.953125 0.9734375 0.03984375 0.053125
1 0.92265625 0.953125 0.04296875 0.05078125
1 0.8953125 0.9234375 0.0453125 0.04453125
1 0.953125 0.934375 0.04140625 0.04921875
1 0.9546875 0.8875 0.03828125 0.04453125
1 0.83359375 0.846875 0.0359375 0.0421875
1 0.8953125 0.84921875 0.034375 0.03203125
1 0.9546875 0.80625 0.02890625 0.040625
1 0.8625 0.8296875 0.03828125 0.04453125
1 0.67890625 0.82578125 0.03828125 0.040625
1 0.62109375 0.78046875 0.03828125 0.03828125
1 0.67890625 0.77890625 0.0453125 0.04453125
1 0.58671875 0.759375 0.04296875 0.046875
1 0.62109375 0.73828125 0.03984375 0.034375
1 0.6515625 0.7578125 0.03984375 0.04921875
1 0.653125 0.71484375 0.03828125 0.05078125
1 0.653125 0.67265625 0.0453125 0.05078125
1 0.58828125 0.71484375 0.0453125 0.04921875
1 0.62109375 0.69765625 0.04140625 0.05078125
1 0.86640625 0.7828125 0.03828125 0.046875
1 0.86484375 0.74453125 0.0359375 0.040625
1 0.7453125 0.73828125 0.03984375 0.04453125
1 0.8046875 0.7421875 0.034375 0.040625
1 0.71484375 0.71953125 0.0453125 0.046875
1 0.74765625 0.69765625 0.04296875 0.04921875
1 0.77265625 0.72109375 0.04140625 0.040625
1 0.77265625 0.68046875 0.0359375 0.040625
1 0.8015625 0.69765625 0.03984375 0.04921875
1 0.83359375 0.71953125 0.034375 0.0421875
1 0.9546875 0.72578125 0.02734375 0.03203125
1 0.984375 0.703125 0.03046875 0.0359375
1 0.92578125 0.70234375 0.034375 0.040625
1 0.95703125 0.67890625 0.0359375 0.04453125
1 0.98203125 0.653125 0.0359375 0.040625
1 0.8015625 0.6578125 0.0359375 0.03828125
1 0.86640625 0.6578125 0.034375 0.0359375
1 0.8953125 0.67890625 0.0328125 0.03828125
1 0.92578125 0.6578125 0.03984375 0.04921875
1 0.8953125 0.63828125 0.03828125 0.04453125
1 0.95859375 0.5890625 0.04140625 0.05078125
1 0.5 0.70625 0.04296875 0.04453125
1 0.59765625 0.03203125 0.03828125 0.040625
1 0.62890625 0.01796875 0.04140625 0.0359375
1 0.65703125 0.02734375 0.03828125 0.046875
1 0.64765625 0.07421875 0.025 0.02734375
1 0.6921875 0.0140625 0.04140625 0.02734375
1 0.7796875 0.00625 0.03984375 0.0125
1 0.5328125 0.1578125 0.0359375 0.0359375
1 0.534375 0.11953125 0.034375 0.040625
1 0.52890625 0.07265625 0.03984375 0.04453125
1 0.50390625 0.04921875 0.0359375 0.0421875
1 0.4765625 0.06796875 0.03828125 0.05078125
1 0.44453125 0.0125 0.0390625 0.025
1 0.4421875 0.13203125 0.0453125 0.040625
1 0.4421875 0.09140625 0.046875 0.04921875
1 0.41328125 0.06796875 0.046875 0.053125
1 0.4421875 0.04453125 0.03828125 0.0421875
1 0.26015625 0.01171875 0.0359375 0.0234375
1 0.26328125 0.0421875 0.0359375 0.040625
1 0.3234375 0.0890625 0.0359375 0.040625
1 0.35546875 0.06796875 0.034375 0.04453125
1 0.38125 0.04453125 0.03046875 0.0421875
1 0.2921875 0.06796875 0.03828125 0.0421875
1 0.32109375 0.04921875 0.04140625 0.046875
1 0.29765625 0.01953125 0.04296875 0.03828125
1 0.3546875 0.01953125 0.04140625 0.03828125
1 0.29296875 0.00390625 0.0390625 0.0078125
1 0.01640625 0.0828125 0.0328125 0.05078125
1 0.00625 0.0234375 0.0125 0.046875
1 0.01796875 0.009375 0.0328125 0.01875
1 0.04765625 0.01953125 0.034375 0.03828125
1 0.0453125 0.0578125 0.03046875 0.040625
1 0.07578125 0.040625 0.03984375 0.04453125
1 0.05390625 0.08515625 0.034375 0.040625
1 0.07734375 0.09375 0.03828125 0.053125
1 0.015625 0.16796875 0.03046875 0.0421875
1 0.03828125 0.17890625 0.034375 0.0359375
1 0.046875 0.146875 0.0359375 0.046875
1 0.07734375 0.12578125 0.034375 0.0359375
1 0.06640625 0.20234375 0.034375 0.03828125
1 0.08125 0.16796875 0.034375 0.0421875
1 0.11171875 0.14921875 0.0359375 0.046875
1 0.1046875 0.18515625 0.02890625 0.0296875
1 0.1375 0.1296875 0.0359375 0.0359375
1 0.1375 0.16796875 0.0359375 0.0421875
1 0.1390625 0.20859375 0.034375 0.04921875
1 0.16640625 0.2 0.03984375 0.04921875
1 0.1953125 0.17421875 0.03828125 0.0421875
1 0.16796875 0.153125 0.034375 0.040625
1 0.1375 0.0890625 0.0328125 0.040625
1 0.1171875 0.0703125 0.01640625 0.01484375
1 0.1953125 0.09375 0.01640625 0.01953125
1 0.16796875 0.10625 0.02890625 0.0296875
1 0.13515625 0.040625 0.03828125 0.04921875
1 0.16796875 0.01953125 0.03828125 0.0359375
1 0.16953125 0.0640625 0.0484375 0.04453125
1 0.01484375 0.30078125 0.0296875 0.0359375
1 0.0109375 0.34609375 0.021875 0.03203125
1 0.003125 0.403125 0.00625 0.05625
1 0.0109375 0.4265625 0.021875 0.04453125
1 0.04140625 0.44453125 0.04140625 0.04921875
1 0.0125 0.50390625 0.025 0.05078125
1 0.01171875 0.59140625 0.0234375 0.05078125
1 0.0125 0.63515625 0.025 0.04921875
1 0.03984375 0.6578125 0.0328125 0.0359375
1 0.04140625 0.6171875 0.034375 0.04453125
1 0.06875 0.6 0.02734375 0.046875
1 0.10078125 0.61484375 0.0359375 0.040625
1 0.1296875 0.640625 0.03046875 0.0296875
1 0.13203125 0.59765625 0.0328125 0.0421875
1 0.1640625 0.62109375 0.034375 0.03828125
1 0.16640625 0.58046875 0.03984375 0.04921875
1 0.13203125 0.51484375 0.0328125 0.03828125
1 0.13359375 0.4703125 0.034375 0.0359375
1 0.1625 0.453125 0.034375 0.040625
1 0.19296875 0.4703125 0.03046875 0.03828125
1 0.2234375 0.459375 0.034375 0.046875
1 0.1625 0.4125 0.03984375 0.040625
1 0.1375 0.39140625 0.03046875 0.0421875
1 0.103125 0.32109375 0.034375 0.03828125
1 0.11015625 0.2828125 0.03984375 0.04453125
1 0.10078125 0.2421875 0.0328125 0.04921875
1 0.13359375 0.3109375 0.0328125 0.040625
1 0.1640625 0.32734375 0.0328125 0.04453125
1 0.16640625 0.3703125 0.034375 0.04453125
1 0.1375 0.26171875 0.0328125 0.04921875
1 0.1640625 0.28046875 0.0359375 0.046875
1 0.1953125 0.259375 0.03828125 0.053125
1 0.1953125 0.39140625 0.034375 0.0421875
1 0.22578125 0.4125 0.0328125 0.0421875
1 0.22578125 0.3765625 0.02734375 0.04453125
1 0.23125 0.3296875 0.03828125 0.040625
1 0.25625 0.346875 0.034375 0.0421875
1 0.2578125 0.3109375 0.02890625 0.0421875
1 0.22734375 0.28515625 0.03828125 0.046875
1 0.26171875 0.265625 0.0328125 0.040625
1 0.22578125 0.240625 0.0359375 0.0421875
1 0.26015625 0.21484375 0.04140625 0.0578125
1 0.22890625 0.19609375 0.034375 0.05078125
1 0.25625 0.17265625 0.03046875 0.040625
1 0.2921875 0.24453125 0.0359375 0.040625
1 0.29453125 0.19765625 0.0359375 0.05078125
1 0.2921875 0.153125 0.04140625 0.0421875
1 0.25625 0.134375 0.0359375 0.040625
1 0.325 0.1359375 0.0359375 0.05078125
1 0.35 0.153125 0.034375 0.0421875
1 0.3125 0.30390625 0.03828125 0.040625
1 0.3140625 0.39140625 0.03828125 0.040625
1 0.3484375 0.32578125 0.02890625 0.0359375
1 0.37890625 0.3109375 0.04140625 0.0421875
1 0.3265625 0.22109375 0.04140625 0.05078125
1 0.3484375 0.240625 0.03984375 0.053125
1 0.37890625 0.259375 0.03828125 0.046875
1 0.37890625 0.1765625 0.04140625 0.0421875
1 0.37890625 0.13203125 0.04140625 0.05546875
1 0.409375 0.19609375 0.03828125 0.053125
1 0.4421875 0.1703125 0.0484375 0.046875
1 0.41328125 0.2359375 0.03046875 0.040625
1 0.44375 0.21953125 0.04140625 0.0421875
1 0.4765625 0.19609375 0.0328125 0.053125
1 0.50546875 0.2171875 0.0328125 0.046875
1 0.534375 0.24453125 0.0359375 0.03828125
1 0.47265625 0.240625 0.0328125 0.034375
1 0.4421875 0.2640625 0.03984375 0.0359375
1 0.409375 0.32734375 0.02890625 0.0359375
1 0.43828125 0.30859375 0.04296875 0.046875
1 0.4984375 0.30234375 0.03984375 0.046875
1 0.534375 0.28515625 0.02734375 0.0359375
1 0.1953125 0.6828125 0.03828125 0.046875
1 0.1953125 0.640625 0.05234375 0.053125
1 0.1953125 0.59140625 0.0359375 0.04921875
1 0.221875 0.75546875 0.03828125 0.06171875
1 0.25234375 0.7703125 0.04296875 0.05546875
1 0.28359375 0.75546875 0.03984375 0.05078125
1 0.3140625 0.77265625 0.04296875 0.046875
1 0.31015625 0.7359375 0.03984375 0.0421875
1 0.371875 0.734375 0.04140625 0.04453125
1 0.43671875 0.73828125 0.046875 0.0421875
1 0.4078125 0.71484375 0.04296875 0.053125
1 0.4421875 0.6890625 0.04140625 0.046875
1 0.3484375 0.70625 0.0359375 0.04453125
1 0.3734375 0.6890625 0.03828125 0.0421875
1 0.221875 0.70625 0.04140625 0.04453125
1 0.221875 0.58046875 0.034375 0.04921875
1 0.2234375 0.6578125 0.02734375 0.04921875
1 0.24921875 0.6875 0.03984375 0.04453125
1 0.28359375 0.70859375 0.0328125 0.040625
1 0.315625 0.69140625 0.0359375 0.04921875
1 0.58828125 0.67265625 0.04140625 0.046875
1 0.28359375 0.665625 0.03828125 0.0421875
1 0.25078125 0.646875 0.04140625 0.04921875
1 0.25234375 0.60234375 0.0484375 0.04921875
1 0.25234375 0.47265625 0.0359375 0.0421875
1 0.24921875 0.55546875 0.0359375 0.046875
1 0.25234375 0.51484375 0.04296875 0.0359375
1 0.2890625 0.62578125 0.034375 0.040625
1 0.3125 0.60390625 0.02734375 0.0359375
1 0.34453125 0.62109375 0.03828125 0.05078125
1 0.3734375 0.6421875 0.04140625 0.053125
1 0.43828125 0.6421875 0.04296875 0.05078125
1 0.3125 0.5703125 0.0328125 0.03828125
1 0.290625 0.53203125 0.0359375 0.04921875
1 0.3140625 0.51953125 0.034375 0.04453125
1 0.2921875 0.4578125 0.0328125 0.04921875
1 0.315625 0.4703125 0.03828125 0.046875
1 0.35 0.5359375 0.03828125 0.040625
1 0.35234375 0.49375 0.03828125 0.0421875
1 0.346875 0.453125 0.034375 0.0421875
1 0.3484375 0.40859375 0.0453125 0.05078125
1 0.37890625 0.39140625 0.0328125 0.0359375
1 0.37890625 0.4296875 0.034375 0.03828125
1 0.37890625 0.47265625 0.03828125 0.046875
1 0.39921875 0.50390625 0.046875 0.05078125
1 0.4078125 0.453125 0.0453125 0.04921875
1 0.409375 0.4125 0.03984375 0.04453125
1 0.4078125 0.3703125 0.03828125 0.046875
1 0.5 0.64921875 0.0328125 0.0421875
1 0.47109375 0.6234375 0.0359375 0.046875
1 0.53046875 0.62578125 0.02734375 0.040625
1 0.49609375 0.60859375 0.0359375 0.0421875
1 0.4671875 0.57890625 0.03828125 0.0421875
1 0.53046875 0.5828125 0.0359375 0.04921875
1 0.49609375 0.565625 0.03828125 0.046875
1 0.43828125 0.559375 0.03046875 0.03828125
1 0.43828125 0.5171875 0.03828125 0.046875
1 0.4671875 0.5359375 0.03828125 0.05546875
1 0.49609375 0.51953125 0.03984375 0.04921875
1 0.53046875 0.53828125 0.03828125 0.046875
1 0.440625 0.47265625 0.03984375 0.046875
1 0.46953125 0.45546875 0.04296875 0.046875
1 0.45859375 0.42109375 0.0328125 0.034375
1 0.52890625 0.49609375 0.03828125 0.0421875
1 0.53046875 0.453125 0.03984375 0.046875
1 0.5 0.43203125 0.034375 0.04453125
1 0.440625 0.39140625 0.0359375 0.05078125
1 0.43828125 0.35078125 0.0359375 0.04453125
1 0.46953125 0.37421875 0.03984375 0.05546875
1 0.5015625 0.346875 0.04296875 0.04921875
1 0.534375 0.32578125 0.03984375 0.046875
1 0.5015625 0.39375 0.0359375 0.053125
1 0.53046875 0.41484375 0.0453125 0.04453125
1 0.52890625 0.3765625 0.04296875 0.046875
1 0.590625 0.62734375 0.0328125 0.046875
1 0.62265625 0.60625 0.04140625 0.046875
1 0.590625 0.5875 0.0453125 0.046875
1 0.5921875 0.54453125 0.03984375 0.04453125
1 0.65546875 0.5875 0.03984375 0.046875
1 0.6859375 0.61484375 0.0359375 0.046875
1 0.653125 0.5421875 0.03828125 0.04453125
1 0.62265625 0.52109375 0.03828125 0.04453125
1 0.77265625 0.634375 0.03984375 0.046875
1 0.74765625 0.60390625 0.03984375 0.040625
1 0.83359375 0.634375 0.03828125 0.046875
1 0.7421875 0.57265625 0.04140625 0.040625
1 0.68984375 0.51953125 0.034375 0.0421875
1 0.71484375 0.540625 0.034375 0.03828125
1 0.74375 0.52734375 0.034375 0.04453125
1 0.71484375 0.49765625 0.03828125 0.0421875
1 0.6875 0.47890625 0.03828125 0.04453125
1 0.65703125 0.45078125 0.04296875 0.053125
1 0.6859375 0.43828125 0.0359375 0.04453125
1 0.63359375 0.4234375 0.0359375 0.046875
1 0.59921875 0.40859375 0.0328125 0.0359375
1 0.59375 0.46171875 0.04140625 0.05078125
1 0.5953125 0.37421875 0.02734375 0.0421875
1 0.83359375 0.59375 0.03828125 0.0421875
1 0.86796875 0.61484375 0.0359375 0.04921875
1 0.78125 0.53828125 0.03984375 0.03828125
1 0.8046875 0.565625 0.04140625 0.05078125
1 0.778125 0.50234375 0.03984375 0.04921875
1 0.80703125 0.53203125 0.04140625 0.04453125
1 0.8359375 0.54453125 0.034375 0.04453125
1 0.86640625 0.565625 0.04140625 0.053125
1 0.80859375 0.48046875 0.0359375 0.04921875
1 0.83359375 0.49765625 0.0359375 0.046875
1 0.86484375 0.48515625 0.0359375 0.04453125
1 0.71640625 0.41953125 0.03984375 0.0421875
1 0.74375 0.43828125 0.03984375 0.04453125
1 0.7765625 0.4234375 0.034375 0.0421875
1 0.80703125 0.43828125 0.0359375 0.0421875
1 0.8375 0.41953125 0.03046875 0.034375
1 0.8390625 0.3828125 0.0359375 0.040625
1 0.86640625 0.40234375 0.0328125 0.0359375
1 0.89921875 0.41953125 0.034375 0.03828125
1 0.68046875 0.4 0.03828125 0.040625
1 0.628125 0.39375 0.0328125 0.034375
1 0.65546875 0.37890625 0.034375 0.0421875
1 0.71484375 0.38046875 0.0328125 0.03828125
1 0.74375 0.359375 0.0328125 0.040625
1 0.62265625 0.35546875 0.03828125 0.046875
1 0.65546875 0.3359375 0.034375 0.040625
1 0.6875 0.35546875 0.034375 0.03828125
1 0.71875 0.334375 0.03828125 0.040625
1 0.684375 0.3125 0.0328125 0.0359375
1 0.5953125 0.29375 0.034375 0.03828125
1 0.5953125 0.1578125 0.02734375 0.03203125
1 0.62421875 0.18046875 0.02734375 0.0296875
1 0.62421875 0.13828125 0.0328125 0.04921875
1 0.65546875 0.1125 0.0328125 0.034375
1 0.6265625 0.2640625 0.034375 0.046875
1 0.65546875 0.2421875 0.034375 0.03828125
1 0.65546875 0.2 0.0359375 0.04921875
1 0.65546875 0.29609375 0.0328125 0.0421875
1 0.6859375 0.2703125 0.03984375 0.04453125
1 0.6875 0.22734375 0.034375 0.0421875
1 0.6875 0.1828125 0.0328125 0.0421875
1 0.6875 0.1359375 0.03828125 0.05078125
1 0.71875 0.29375 0.0359375 0.040625
1 0.71875 0.25078125 0.0359375 0.0421875
1 0.71875 0.20625 0.034375 0.046875
1 0.71875 0.165625 0.0328125 0.040625
1 0.721875 0.12109375 0.0359375 0.04921875
1 0.69140625 0.09609375 0.03984375 0.040625
1 0.69140625 0.053125 0.03984375 0.040625
1 0.7234375 0.0296875 0.0328125 0.0421875
1 0.721875 0.07421875 0.02890625 0.0421875
1 0.74921875 0.05546875 0.0328125 0.05078125
1 0.7796875 0.034375 0.03828125 0.0421875
1 0.90234375 0.58515625 0.03984375 0.05078125
1 0.90078125 0.546875 0.03984375 0.04921875
1 0.90078125 0.50234375 0.0359375 0.04453125
1 0.89921875 0.46171875 0.03984375 0.046875
1 0.93125 0.4875 0.034375 0.053125
1 0.96015625 0.50234375 0.04296875 0.053125
1 0.9296875 0.43828125 0.034375 0.040625
1 0.96015625 0.42578125 0.0328125 0.0421875
1 0.98671875 0.40234375 0.0265625 0.0328125
1 0.95859375 0.3828125 0.034375 0.046875
1 0.98671875 0.3640625 0.0265625 0.05
1 0.96015625 0.334375 0.03828125 0.046875
1 0.98671875 0.31171875 0.0265625 0.0515625
1 0.7765625 0.29375 0.04140625 0.040625
1 0.74921875 0.2703125 0.03046875 0.0359375
1 0.8140625 0.27421875 0.0359375 0.0421875
1 0.8390625 0.29765625 0.03046875 0.034375
1 0.86796875 0.27265625 0.03828125 0.04921875
1 0.90234375 0.29765625 0.0328125 0.0421875
1 0.9296875 0.27890625 0.0328125 0.04921875
1 0.95859375 0.29765625 0.0328125 0.040625
1 0.96171875 0.25546875 0.04296875 0.05078125
1 0.928125 0.23203125 0.0359375 0.046875
1 0.96015625 0.20859375 0.03828125 0.040625
1 0.98828125 0.23203125 0.0234375 0.05546875
1 0.8703125 0.22578125 0.03828125 0.040625
1 0.8703125 0.18515625 0.0359375 0.0421875
1 0.90234375 0.165625 0.03984375 0.04921875
1 0.98828125 0.14765625 0.0234375 0.04453125
1 0.8125 0.1875 0.0359375 0.046875
1 0.78359375 0.07421875 0.034375 0.040625
1 0.7796875 0.25078125 0.0453125 0.053125
1 0.74921875 0.22734375 0.0328125 0.0421875
1 0.74921875 0.1875 0.0359375 0.040625
1 0.75078125 0.146875 0.03984375 0.04453125
1 0.75078125 0.09765625 0.034375 0.0421875
1 0.78125 0.11484375 0.04140625 0.040625
1 0.78359375 0.1640625 0.03984375 0.053125
1 0.7796875 0.20625 0.034375 0.040625
1 0.8125 0.0578125 0.021875 0.02734375
1 0.815625 0.01796875 0.0359375 0.0359375
1 0.846875 0.034375 0.0359375 0.04921875
1 0.84765625 0.00625 0.04140625 0.0125
1 0.87265625 0.015625 0.0296875 0.03125
1 0.90078125 0.00625 0.0328125 0.0125
1 0.90234375 0.03203125 0.03828125 0.040625
1 0.90078125 0.07890625 0.034375 0.040625
1 0.93125 0.10234375 0.0234375 0.0234375
1 0.93125 0.059375 0.0328125 0.046875
1 0.96171875 0.08046875 0.03984375 0.05078125
1 0.98671875 0.1015625 0.0265625 0.046875
1 0.990625 0.05859375 0.01796875 0.040625
1 0.93515625 0.0171875 0.0328125 0.034375
1 0.96171875 0.0359375 0.03984375 0.0421875
1 0.9640625 0.00625 0.03984375 0.0125
1 0.9890625 0.01796875 0.021875 0.0359375