1 0.0109375 0.05703125 0.021875 0.0953125
1 0.05546875 0.03046875 0.0875 0.06015625
1 0.06015625 0.10078125 0.07421875 0.0828125
1 0.12890625 0.05625 0.07578125 0.103125
1 0.20703125 0.03046875 0.08046875 0.06015625
1 0.28203125 0.06484375 0.07734375 0.103125
1 0.35625 0.03515625 0.084375 0.0703125
1 0.43046875 0.0234375 0.07421875 0.04609375
1 0.01796875 0.159375 0.0359375 0.11328125
1 0.0671875 0.20390625 0.084375 0.09453125
1 0.13046875 0.159375 0.08046875 0.1046875
1 0.2078125 0.215625 0.07421875 0.09453125
1 0.27109375 0.1609375 0.07890625 0.0890625
1 0.3421875 0.12109375 0.07890625 0.103125
1 0.42421875 0.08046875 0.084375 0.10078125
1 0.50234375 0.0359375 0.0890625 0.071875
1 0.5796875 0.02734375 0.0875 0.0546875
1 0.6484375 0.028125 0.05703125 0.05625
1 0.01015625 0.44453125 0.0203125 0.0984375
1 0.01171875 0.35390625 0.0234375 0.0890625
1 0.0515625 0.29453125 0.084375 0.096875
1 0.12890625 0.25390625 0.0875 0.0984375
1 0.05703125 0.39921875 0.08046875 0.096875
1 0.12890625 0.3546875 0.0890625 0.11875
1 0.203125 0.30859375 0.084375 0.0984375
1 0.2796875 0.26015625 0.0875 0.11328125
1 0.346875 0.2234375 0.084375 0.10078125
1 0.415625 0.1796875 0.07578125 0.09453125
1 0.5 0.11875 0.07734375 0.07890625
1 0.5828125 0.0890625 0.0703125 0.08671875
1 0.57890625 0.18359375 0.07890625 0.10078125
1 0.5015625 0.21796875 0.07734375 0.10078125
1 0.42421875 0.278125 0.07421875 0.090625
1 0.35390625 0.32421875 0.07890625 0.0984375
1 0.2796875 0.36484375 0.09296875 0.096875
1 0.21171875 0.4109375 0.09140625 0.10859375
1 0.1234375 0.45546875 0.0875 0.10703125
1 0.053125 0.51171875 0.09453125 0.10859375
1 0.009375 0.55546875 0.01875 0.11484375
1 0.01640625 0.64453125 0.0328125 0.0984375
1 0.05 0.70546875 0.08046875 0.09453125
1 0.05703125 0.61484375 0.0859375 0.096875
1 0.1203125 0.55859375 0.08046875 0.09453125
1 0.20078125 0.51171875 0.0890625 0.096875
1 0.2734375 0.46171875 0.09296875 0.1046875
1 0.35546875 0.40546875 0.09140625 0.09296875
1 0.428125 0.36328125 0.09140625 0.10078125
1 0.496875 0.32265625 0.08046875 0.0984375
1 0.5703125 0.3671875 0.06171875 0.07265625
1 0.5828125 0.28046875 0.084375 0.0984375
1 0.50546875 0.42109375 0.071875 0.0890625
1 0.571875 0.4734375 0.07734375 0.10859375
1 0.4328125 0.465625 0.07890625 0.10859375
1 0.35703125 0.5078125 0.0890625 0.1109375
1 0.4171875 0.56015625 0.0703125 0.06875
1 0.275 0.5625 0.0828125 0.103125
1 0.203125 0.6171875 0.07734375 0.10859375
1 0.12734375 0.6515625 0.09140625 0.10703125
1 0.01015625 0.85390625 0.0203125 0.11484375
1 0.0109375 0.74609375 0.021875 0.0984375
1 0.053125 0.80234375 0.09765625 0.11875
1 0.12578125 0.75390625 0.09140625 0.10703125
1 0.04296875 0.903125 0.084375 0.09296875
1 0.040625 0.97265625 0.08046875 0.0546875
1 0.1140625 0.9625 0.08046875 0.07421875
1 0.12578125 0.87109375 0.09765625 0.11328125
1 0.20078125 0.709375 0.09765625 0.11875
1 0.20078125 0.80859375 0.09140625 0.1046875
1 0.19765625 0.909375 0.09296875 0.1109375
1 0.19609375 0.9765625 0.0859375 0.04609375
1 0.94375 0.04296875 0.0875 0.0859375
1 0.98671875 0.08359375 0.0265625 0.1203125
1 0.64921875 0.1328125 0.08046875 0.09296875
1 0.71640625 0.08046875 0.084375 0.09453125
1 0.79140625 0.03828125 0.08046875 0.0765625
1 0.86796875 0.090625 0.08046875 0.0890625
1 0.94140625 0.1453125 0.0828125 0.103125
1 0.98359375 0.19140625 0.0328125 0.1171875
1 0.98515625 0.29453125 0.02890625 0.1046875
1 0.64296875 0.221875 0.07890625 0.0984375
1 0.71328125 0.18125 0.07421875 0.0890625
1 0.78671875 0.1328125 0.08046875 0.10859375
1 0.8625 0.1875 0.084375 0.1109375
1 0.9328125 0.24609375 0.0828125 0.096875
1 0.93828125 0.33046875 0.08046875 0.10078125
1 0.98515625 0.38828125 0.02890625 0.103125
1 0.7953125 0.2296875 0.07421875 0.0984375
1 0.8609375 0.2859375 0.0703125 0.096875
1 0.7921875 0.31640625 0.0890625 0.090625
1 0.71328125 0.2703125 0.07890625 0.09453125
1 0.64609375 0.31484375 0.07734375 0.090625
1 0.640625 0.5140625 0.07578125 0.09296875
1 0.7078125 0.459375 0.07421875 0.096875
1 0.64453125 0.415625 0.08046875 0.103125
1 0.71484375 0.36875 0.09453125 0.09296875
1 0.790625 0.5203125 0.0875 0.0984375
1 0.790625 0.4171875 0.0859375 0.103125
1 0.8625 0.3828125 0.07734375 0.10078125
1 0.94296875 0.4296875 0.07578125 0.10078125
1 0.98828125 0.4859375 0.0234375 0.10625
1 0.87109375 0.47578125 0.09453125 0.096875
1 0.93671875 0.53046875 0.07421875 0.096875
1 0.278125 0.66328125 0.07578125 0.0984375
1 0.275 0.7578125 0.07578125 0.10078125
1 0.2765625 0.85859375 0.07890625 0.11328125
1 0.2640625 0.95625 0.078125 0.0875
1 0.3453125 0.909375 0.08046875 0.08671875
1 0.41328125 0.96171875 0.084375 0.0765625
1 0.35234375 0.61328125 0.07890625 0.08671875
1 0.3484375 0.71796875 0.0890625 0.11875
1 0.346875 0.8125 0.084375 0.0890625
1 0.42578125 0.8546875 0.07421875 0.0984375
1 0.42265625 0.76015625 0.08046875 0.09453125
1 0.42421875 0.65546875 0.07890625 0.103125
1 0.49140625 0.603125 0.084375 0.10703125
1 0.565625 0.56640625 0.07578125 0.08671875
1 0.5703125 0.65703125 0.07734375 0.09453125
1 0.48984375 0.71171875 0.07890625 0.09296875
1 0.496875 0.80859375 0.0859375 0.096875
1 0.496875 0.9015625 0.07578125 0.10078125
1 0.4875 0.97421875 0.06875 0.0515625
1 0.56171875 0.95546875 0.06875 0.07890625
1 0.6375 0.9765625 0.0890625 0.04609375
1 0.565625 0.8609375 0.07734375 0.090625
1 0.56328125 0.7578125 0.0875 0.10078125
1 0.640625 0.6046875 0.0859375 0.103125
1 0.64609375 0.715625 0.084375 0.0890625
1 0.64609375 0.80234375 0.08046875 0.090625
1 0.64296875 0.9015625 0.1046875 0.10703125
1 0.71328125 0.56015625 0.07578125 0.0828125
1 0.71796875 0.67109375 0.071875 0.10078125
1 0.78203125 0.6328125 0.0828125 0.1046875
1 0.8640625 0.57265625 0.09296875 0.08671875
1 0.93671875 0.62734375 0.07890625 0.0984375
1 0.98203125 0.5734375 0.0359375 0.09453125
1 0.98359375 0.68125 0.0328125 0.10078125
1 0.71640625 0.7640625 0.0828125 0.096875
1 0.7078125 0.875 0.0859375 0.1109375
1 0.71328125 0.96640625 0.0828125 0.06640625
1 0.790625 0.721875 0.08046875 0.09296875
1 0.8609375 0.68125 0.0875 0.0984375
1 0.934375 0.721875 0.07890625 0.09296875
1 0.98359375 0.78203125 0.0328125 0.10078125
1 0.98203125 0.884375 0.0359375 0.11484375
1 0.978125 0.96484375 0.04375 0.0703125
1 0.77421875 0.990625 0.0671875 0.01796875
1 0.8546875 0.96484375 0.08046875 0.0703125
1 0.928125 0.990625 0.0890625 0.01796875
1 0.93125 0.93125 0.0890625 0.096875
1 0.93671875 0.8328125 0.07890625 0.11328125
1 0.78203125 0.92109375 0.0828125 0.10703125
1 0.78359375 0.82265625 0.07890625 0.090625
1 0.8625 0.771875 0.0875 0.08046875
1 0.8609375 0.87890625 0.0875 0.10078125