1 0.0765625 0.946875 0.153125 0.10625
1 0.09296875 0.78359375 0.15390625 0.17890625
1 0.09140625 0.5625 0.1828125 0.240625
1 0.08984375 0.32265625 0.1796875 0.19375
1 0.0828125 0.1015625 0.165625 0.196875
1 0.22734375 0.1953125 0.19375 0.2078125
1 0.24453125 0.440625 0.18515625 0.19140625
1 0.2484375 0.66640625 0.15 0.19375
1 0.253125 0.890625 0.1609375 0.1828125
1 0.4171875 0.946875 0.159375 0.10625
1 0.40390625 0.7796875 0.2046875 0.21015625
1 0.41796875 0.56171875 0.1640625 0.20390625
1 0.42109375 0.33515625 0.16953125 0.19375
1 0.41953125 0.12578125 0.19921875 0.228125
1 0.6046875 0.21796875 0.178125 0.17890625
1 0.59609375 0.440625 0.16953125 0.21640625
1 0.59609375 0.67265625 0.159375 0.21640625
1 0.58359375 0.903125 0.1609375 0.19375
1 0.74375 0.95078125 0.2046875 0.0984375
1 0.75859375 0.7859375 0.1640625 0.18125
1 0.7625 0.57578125 0.175 0.22421875
1 0.77109375 0.33515625 0.1890625 0.21640625
1 0.7765625 0.13203125 0.18359375 0.19375
1 0.925 0.21015625 0.15 0.19765625
1 0.915625 0.43671875 0.16875 0.2140625
1 0.91796875 0.66953125 0.1640625 0.2328125
1 0.91640625 0.88828125 0.1671875 0.2171875
1 0.9890625 0.9515625 0.021875 0.096875
1 0.6 0.04765625 0.175 0.09453125
1 0.2421875 0.0453125 0.19765625 0.090625
1 0.9265625 0.04765625 0.146875 0.09453125