1 0.99765625 0.85390625 0.0046875 0.1984375
1 0.93828125 0.0796875 0.1234375 0.159375
1 0.9171875 0.27265625 0.165625 0.21875
1 0.9234375 0.49296875 0.153125 0.2046875
1 0.92265625 0.7265625 0.1546875 0.24140625
1 0.921875 0.9171875 0.15625 0.165625
1 0.7484375 0.82265625 0.20234375 0.2234375
1 0.75 0.590625 0.17578125 0.19609375
1 0.75703125 0.38203125 0.18125 0.18828125
1 0.7609375 0.153125 0.17578125 0.19453125
1 0.7625 0.015625 0.2109375 0.03125
1 0.58046875 0.0796875 0.153125 0.159375
1 0.57734375 0.25234375 0.14765625 0.1984375
1 0.584375 0.46875 0.18671875 0.2109375
1 0.596875 0.70234375 0.18515625 0.25
1 0.575 0.921875 0.153125 0.15625
1 0.41953125 0.009375 0.18125 0.01875
1 0.4140625 0.13671875 0.19921875 0.2296875
1 0.42265625 0.3453125 0.1796875 0.2171875
1 0.41875 0.58046875 0.18515625 0.225
1 0.41015625 0.8015625 0.18984375 0.24140625
1 0.22734375 0.06328125 0.20390625 0.12578125
1 0.2484375 0.22734375 0.17578125 0.2109375
1 0.24140625 0.44609375 0.17109375 0.2234375
1 0.2359375 0.6984375 0.178125 0.2234375
1 0.23046875 0.90703125 0.17578125 0.1859375
1 0.41015625 0.9578125 0.1796875 0.084375
1 0.0796875 0.7984375 0.159375 0.24375
1 0.0796875 0.96171875 0.159375 0.0765625
1 0.0828125 0.5421875 0.165625 0.22109375
1 0.08046875 0.3265625 0.16015625 0.165625
1 0.084375 0.13203125 0.16875 0.20625
1 0.7515625 0.971875 0.1828125 0.05546875