1 0.94609375 0.93515625 0.1078125 0.1296875
1 0.95390625 0.74375 0.0921875 0.1453125
1 0.025 0.9890625 0.05 0.021875
1 0.02890625 0.76171875 0.05703125 0.19453125
1 0.02421875 0.9234375 0.04765625 0.140625
1 0.1015625 0.94375 0.1109375 0.1125
1 0.2203125 0.90859375 0.159375 0.1828125
1 0.22890625 0.73125 0.13984375 0.17109375
1 0.33984375 0.66484375 0.15703125 0.22109375
1 0.34375 0.96953125 0.153125 0.0609375
1 0.58828125 0.88125 0.15703125 0.2078125
1 0.46484375 0.7703125 0.14375 0.22734375
1 0.465625 0.94765625 0.121875 0.1046875
1 0.72734375 0.92265625 0.1046875 0.1546875
1 0.9609375 0.42734375 0.07734375 0.175
1 0.86015625 0.5171875 0.134375 0.21640625
1 0.7265625 0.590625 0.121875 0.18828125
1 0.60703125 0.5 0.16796875 0.1796875
1 0.6015625 0.67734375 0.12578125 0.1578125
1 0.459375 0.41953125 0.14609375 0.175
1 0.6125 0.3265625 0.153125 0.203125
1 0.47265625 0.22734375 0.15859375 0.196875
1 0.60859375 0.140625 0.13828125 0.175
1 0.61796875 0.03125 0.14375 0.0625
1 0.23046875 0.0953125 0.16953125 0.190625
1 0.3625 0.0484375 0.13125 0.096875
1 0.10078125 0.04140625 0.12734375 0.08203125
1 0.02890625 0.56796875 0.05703125 0.22265625
1 0.090625 0.5046875 0.134375 0.19453125
1 0.2140625 0.4328125 0.13671875 0.17109375
1 0.03203125 0.24296875 0.0640625 0.1921875
1 0.95078125 0.59921875 0.09765625 0.16015625
1 0.603125 0.98046875 0.16953125 0.0390625