1 0.984375 0.04375 0.03125 0.0640625
1 0.95625 0.06953125 0.05625 0.05703125
1 0.95625 0.021875 0.0421875 0.0421875
1 0.909375 0.04765625 0.0484375 0.053125
1 0.825 0.0625 0.0546875 0.06640625
1 0.8734375 0.021875 0.046875 0.0421875
1 0.7046875 0.0640625 0.04375 0.05859375
1 0.659375 0.053125 0.0453125 0.05703125
1 0.7484375 0.04375 0.04375 0.04765625
1 0.7 0.01796875 0.0640625 0.03515625
1 0.621875 0.021875 0.05 0.0421875
1 0.578125 0.053125 0.059375 0.0640625
1 0.528125 0.05703125 0.05 0.0609375
1 0.4515625 0.053125 0.046875 0.0546875
1 0.4953125 0.0328125 0.046875 0.0640625
1 0.5359375 0.01796875 0.04375 0.03515625
1 0.3671875 0.05859375 0.0390625 0.05859375
1 0.4109375 0.03125 0.04375 0.0625
1 0.321875 0.03125 0.0484375 0.0609375
1 0.28125 0.04921875 0.04375 0.05859375
1 0.2421875 0.02734375 0.0453125 0.0546875
1 0.196875 0.040625 0.0453125 0.05859375
1 0.9828125 0.16328125 0.034375 0.06953125
1 0.9109375 0.15625 0.04375 0.0546875
1 0.95625 0.13046875 0.053125 0.0546875
1 0.9515625 0.1890625 0.0484375 0.05703125
1 0.86875 0.18515625 0.053125 0.06796875
1 0.1078125 0.04375 0.0453125 0.0546875
1 0.153125 0.02734375 0.0453125 0.0546875
1 0.028125 0.04765625 0.040625 0.04921875
1 0.0703125 0.02578125 0.04375 0.0515625
1 0.1953125 0.10625 0.04375 0.0515625
1 0.1125 0.10625 0.0421875 0.04375
1 0.115625 0.16171875 0.05 0.04921875
1 0.06875 0.13359375 0.040625 0.05703125
1 0.0265625 0.103125 0.05 0.0515625
1 0.1109375 0.2203125 0.0515625 0.0609375
1 0.0296875 0.1578125 0.0453125 0.0609375
1 0.15625 0.13046875 0.04375 0.0546875
1 0.2828125 0.1140625 0.05 0.05703125
1 0.3265625 0.146875 0.04375 0.053125
1 0.240625 0.1359375 0.0515625 0.053125
1 0.284375 0.1671875 0.046875 0.0546875
1 0.2375 0.1984375 0.0578125 0.06640625
1 0.1953125 0.22421875 0.046875 0.053125
1 0.153125 0.190625 0.053125 0.05703125
1 0.1953125 0.1671875 0.0484375 0.05703125
1 0.1546875 0.2515625 0.0578125 0.05859375
1 0.321875 0.20390625 0.05 0.04921875
1 0.2828125 0.2296875 0.046875 0.053125
1 0.2359375 0.25703125 0.0484375 0.05703125
1 0.1953125 0.28828125 0.0390625 0.05859375
1 0.1109375 0.27734375 0.040625 0.04609375
1 0.028125 0.21484375 0.0453125 0.04921875
1 0.06875 0.24921875 0.0453125 0.05703125
1 0.2375 0.315625 0.040625 0.04375
1 0.321875 0.2625 0.04375 0.0640625
1 0.3625 0.29140625 0.0453125 0.0625
1 0.3640625 0.2296875 0.04375 0.0546875
1 0.4046875 0.1984375 0.0484375 0.0546875
1 0.2796875 0.2859375 0.040625 0.05703125
1 0.15 0.3140625 0.0453125 0.0640625
1 0.1125 0.33203125 0.04375 0.0609375
1 0.0640625 0.3046875 0.053125 0.053125
1 0.0234375 0.2734375 0.0453125 0.06953125
1 0.021875 0.33203125 0.0421875 0.04921875
1 0.0625 0.36171875 0.0453125 0.0609375
1 0.196875 0.39296875 0.040625 0.04921875
1 0.1546875 0.41796875 0.046875 0.0546875
1 0.1109375 0.390625 0.0484375 0.0640625
1 0.1078125 0.44921875 0.0421875 0.0515625
1 0.0640625 0.41640625 0.0453125 0.05703125
1 0.0625 0.47734375 0.040625 0.053125
1 0.196875 0.50625 0.0484375 0.0625
1 0.15 0.5375 0.0484375 0.053125
1 0.1515625 0.47734375 0.05 0.0546875
1 0.1078125 0.51171875 0.04375 0.06640625
1 0.15 0.59296875 0.046875 0.04921875
1 0.109375 0.61796875 0.0515625 0.06640625
1 0.234375 0.6015625 0.0515625 0.0546875
1 0.234375 0.6515625 0.053125 0.053125
1 0.1890625 0.66796875 0.0515625 0.0609375
1 0.1421875 0.696875 0.05625 0.05703125
1 0.0609375 0.70078125 0.0453125 0.04921875
1 0.025 0.6734375 0.0296875 0.0421875
1 0.0625 0.5875 0.0453125 0.0625
1 0.0234375 0.55625 0.0359375 0.04921875
1 0.065625 0.53203125 0.0453125 0.053125
1 0.025 0.49921875 0.0390625 0.04921875
1 0.025 0.44765625 0.034375 0.04375
1 0.0234375 0.3890625 0.0421875 0.05703125
1 0.059375 0.64609375 0.04375 0.04609375
1 0.0234375 0.61796875 0.040625 0.0546875
1 0.0984375 0.728125 0.04375 0.05859375
1 0.059375 0.80703125 0.04375 0.053125
1 0.0234375 0.83671875 0.0390625 0.04765625
1 0.1046875 0.8421875 0.0421875 0.0546875
1 0.059375 0.86640625 0.0421875 0.053125
1 0.0203125 0.89921875 0.040625 0.05703125
1 0.0609375 0.92265625 0.0421875 0.0515625
1 0.0609375 0.975 0.05 0.04921875
1 0.021875 0.99375 0.040625 0.0125
1 0.0234375 0.95625 0.04375 0.04921875
1 0.825 0.16171875 0.0453125 0.0421875
1 0.8265625 0.2125 0.0484375 0.0546875
1 0.78125 0.18359375 0.053125 0.0625
1 0.8234375 0.2734375 0.0546875 0.05859375
1 0.909375 0.2734375 0.053125 0.05703125
1 0.86875 0.24609375 0.046875 0.0625
1 0.98125 0.275 0.0375 0.0609375
1 0.95625 0.303125 0.053125 0.06796875
1 0.9546875 0.359375 0.05 0.05859375
1 0.909375 0.328125 0.053125 0.0609375
1 0.865625 0.35390625 0.05 0.0609375
1 0.9078125 0.3796875 0.04375 0.0515625
1 0.984375 0.38515625 0.0296875 0.053125
1 0.9796875 0.96484375 0.040625 0.04609375
1 0.98125 0.896875 0.0359375 0.04609375
1 0.98125 0.8421875 0.0359375 0.0515625
1 0.9828125 0.78203125 0.034375 0.05859375
1 0.98125 0.72265625 0.0359375 0.04609375
1 0.98125 0.671875 0.0375 0.053125
1 0.9796875 0.61484375 0.040625 0.0546875
1 0.9796875 0.55625 0.0390625 0.0546875
1 0.98125 0.50078125 0.0375 0.0515625
1 0.978125 0.44375 0.0421875 0.05859375
1 0.90625 0.44375 0.046875 0.05703125
1 0.95 0.41640625 0.0421875 0.05703125
1 0.9515625 0.47890625 0.0375 0.04375
1 0.946875 0.53046875 0.04375 0.04921875
1 0.9453125 0.58359375 0.046875 0.0515625
1 0.94375 0.63828125 0.040625 0.0546875
1 0.94375 0.696875 0.0515625 0.0640625
1 0.9421875 0.75625 0.05 0.0625
1 0.94375 0.86953125 0.0484375 0.0546875
1 0.9421875 0.928125 0.04375 0.04609375
1 0.94453125 0.97890625 0.0453125 0.0421875
1 0.89609375 0.98984375 0.0484375 0.0203125
1 0.896875 0.90078125 0.0453125 0.0546875
1 0.8984375 0.840625 0.0515625 0.0546875
1 0.896875 0.78515625 0.0515625 0.0515625
1 0.9015625 0.72265625 0.046875 0.0546875
1 0.9015625 0.66640625 0.0484375 0.0546875
1 0.9015625 0.6125 0.0453125 0.04921875
1 0.90625 0.55625 0.0453125 0.0546875
1 0.90625 0.49921875 0.046875 0.0546875
1 0.8625 0.41640625 0.05 0.0625
1 0.865625 0.475 0.034375 0.040625
1 0.8671875 0.5265625 0.0484375 0.06796875
1 0.8609375 0.58359375 0.05 0.0515625
1 0.8578125 0.63671875 0.0421875 0.04921875
1 0.8578125 0.6953125 0.0453125 0.05859375
1 0.85625 0.7484375 0.04375 0.0609375
1 0.8546875 0.80703125 0.053125 0.0609375
1 0.8546875 0.86953125 0.040625 0.0515625
1 0.859375 0.925 0.046875 0.0609375
1 0.85625 0.978125 0.0390625 0.04375
1 0.8140625 0.9875 0.046875 0.025
1 0.8171875 0.95234375 0.0453125 0.04375
1 0.8140625 0.89375 0.0375 0.0515625
1 0.815625 0.83515625 0.04375 0.05703125
1 0.8171875 0.778125 0.034375 0.04765625
1 0.8140625 0.7171875 0.040625 0.05703125
1 0.8171875 0.65859375 0.0375 0.0515625
1 0.8171875 0.5984375 0.0390625 0.0640625
1 0.81875 0.55625 0.04375 0.04765625
1 0.8234375 0.503125 0.0453125 0.05703125
1 0.8203125 0.44375 0.04375 0.05703125
1 0.821875 0.38515625 0.04375 0.053125
1 0.821875 0.33046875 0.0421875 0.0515625
1 0.7765625 0.296875 0.0390625 0.05859375
1 0.7796875 0.23828125 0.0421875 0.04765625
1 0.7828125 0.3484375 0.0296875 0.03515625
1 0.778125 0.40390625 0.0453125 0.05859375
1 0.784375 0.4609375 0.0421875 0.04609375
1 0.778125 0.525 0.046875 0.0625
1 0.7796875 0.578125 0.0375 0.04765625
1 0.778125 0.62578125 0.0484375 0.0546875
1 0.7765625 0.6859375 0.0453125 0.05703125
1 0.7765625 0.7453125 0.04375 0.0625
1 0.775 0.809375 0.0515625 0.05859375
1 0.775 0.91953125 0.0453125 0.053125
1 0.7453125 0.146875 0.0515625 0.0625
1 0.7046875 0.18203125 0.05625 0.0609375
1 0.7015625 0.23671875 0.05625 0.053125
1 0.7390625 0.2625 0.0484375 0.0609375
1 0.7015625 0.29140625 0.0484375 0.0609375
1 0.7359375 0.3796875 0.0484375 0.06640625
1 0.7 0.35234375 0.05 0.05703125
1 0.696875 0.4109375 0.0421875 0.053125
1 0.7359375 0.49140625 0.0515625 0.05859375
1 0.69375 0.4640625 0.053125 0.05703125
1 0.7359375 0.5453125 0.0515625 0.05703125
1 0.7359375 0.60546875 0.046875 0.0546875
1 0.734375 0.6609375 0.0421875 0.04765625
1 0.7359375 0.70859375 0.0421875 0.04375
1 0.7359375 0.78203125 0.0390625 0.0609375
1 0.7359375 0.83828125 0.040625 0.053125
1 0.734375 0.89375 0.046875 0.05703125
1 0.734375 0.9484375 0.0421875 0.0515625
1 0.73515625 0.9875 0.0453125 0.025
1 0.690625 0.52265625 0.0421875 0.053125
1 0.6890625 0.578125 0.0515625 0.053125
1 0.86875 0.075 0.0296875 0.03828125
1 0.7890625 0.021875 0.0375 0.0421875
1 0.534375 0.1171875 0.040625 0.0515625
1 0.6609375 0.146875 0.0390625 0.04609375
1 0.6171875 0.1703125 0.0515625 0.0546875
1 0.5734375 0.14296875 0.0453125 0.0515625
1 0.4875 0.1484375 0.0453125 0.0546875
1 0.453125 0.1171875 0.0375 0.04375
1 0.4046875 0.14296875 0.046875 0.0515625
1 0.3609375 0.17421875 0.0375 0.04375
1 0.659375 0.20703125 0.0453125 0.04609375
1 0.6171875 0.2296875 0.0484375 0.04921875
1 0.5734375 0.2015625 0.046875 0.053125
1 0.534375 0.18515625 0.040625 0.04921875
1 0.653125 0.2625 0.0453125 0.0546875
1 0.615625 0.28984375 0.0421875 0.04609375
1 0.65625 0.32265625 0.0484375 0.053125
1 0.6546875 0.378125 0.0453125 0.05703125
1 0.615625 0.35234375 0.0421875 0.053125
1 0.5734375 0.2625 0.0328125 0.03515625
1 0.56875 0.315625 0.040625 0.04765625
1 0.5328125 0.28828125 0.04375 0.04921875
1 0.4875 0.2546875 0.0421875 0.04921875
1 0.4484375 0.1703125 0.040625 0.05859375
1 0.45 0.22421875 0.0453125 0.04765625
1 0.4515625 0.28046875 0.0484375 0.0625
1 0.409375 0.25859375 0.0484375 0.0609375
1 0.4890625 0.3171875 0.040625 0.0515625
1 0.446875 0.3453125 0.040625 0.04921875
1 0.2765625 0.390625 0.0296875 0.03671875
1 0.5671875 0.3796875 0.0390625 0.05859375
1 0.4859375 0.37578125 0.0453125 0.05859375
1 0.4515625 0.4015625 0.0390625 0.04765625
1 0.3984375 0.42578125 0.0375 0.04765625
1 0.359375 0.44921875 0.0453125 0.0515625
1 0.315625 0.4296875 0.046875 0.053125
1 0.5296875 0.40546875 0.05 0.0546875
1 0.6515625 0.43125 0.0453125 0.05859375
1 0.6140625 0.4125 0.04375 0.04609375
1 0.6140625 0.46796875 0.0515625 0.0609375
1 0.6546875 0.503125 0.0390625 0.04921875
1 0.6125 0.5171875 0.046875 0.05859375
1 0.6484375 0.55234375 0.04375 0.04765625
1 0.4875 0.43125 0.0453125 0.0515625
1 0.4453125 0.45859375 0.0515625 0.0625
1 0.5625 0.44609375 0.040625 0.0515625
1 0.5234375 0.46640625 0.046875 0.0515625
1 0.4875 0.48984375 0.0359375 0.04375
1 0.6140625 0.5703125 0.0375 0.04375
1 0.6453125 0.60703125 0.04375 0.04375
1 0.6921875 0.63125 0.040625 0.04765625
1 0.5671875 0.49140625 0.0453125 0.04609375
1 0.5296875 0.52265625 0.034375 0.04921875
1 0.5640625 0.5484375 0.046875 0.0625
1 0.446875 0.51953125 0.04375 0.0515625
1 0.4 0.4828125 0.040625 0.0515625
1 0.359375 0.5171875 0.04375 0.0625
1 0.3125 0.48828125 0.046875 0.05703125
1 0.315625 0.5453125 0.0453125 0.053125
1 0.3140625 0.6015625 0.0375 0.05703125
1 0.4890625 0.55078125 0.0484375 0.05859375
1 0.4484375 0.57421875 0.04375 0.0546875
1 0.4015625 0.5375 0.040625 0.053125
1 0.4 0.60390625 0.028125 0.040625
1 0.3578125 0.621875 0.0453125 0.0609375
1 0.5609375 0.6109375 0.0421875 0.04765625
1 0.609375 0.6328125 0.0421875 0.04765625
1 0.69375 0.6828125 0.046875 0.04765625
1 0.69375 0.74140625 0.0453125 0.053125
1 0.6953125 0.79296875 0.040625 0.04921875
1 0.6515625 0.71953125 0.0359375 0.04765625
1 0.6125 0.68984375 0.0484375 0.053125
1 0.525 0.63671875 0.034375 0.04765625
1 0.5625 0.6609375 0.0453125 0.0609375
1 0.5640625 0.72109375 0.046875 0.04921875
1 0.5234375 0.69140625 0.0359375 0.040625
1 0.4828125 0.60390625 0.0359375 0.04921875
1 0.4453125 0.6296875 0.0421875 0.04921875
1 0.4828125 0.6625 0.04375 0.0515625
1 0.446875 0.6859375 0.0296875 0.03828125
1 0.4 0.6546875 0.0390625 0.04921875
1 0.19375 0.621875 0.034375 0.04375
1 0.3578125 0.68046875 0.040625 0.0515625
1 0.309375 0.7046875 0.04375 0.04765625
1 0.2765625 0.6828125 0.046875 0.0546875
1 0.234375 0.70078125 0.0421875 0.05703125
1 0.19375 0.71953125 0.04375 0.05703125
1 0.14375 0.75625 0.05 0.05703125
1 0.1421875 0.8125 0.0484375 0.05703125
1 0.14375 0.86953125 0.04375 0.0609375
1 0.6921875 0.8515625 0.0421875 0.05703125
1 0.653125 0.82734375 0.0421875 0.040625
1 0.609375 0.79609375 0.04375 0.04921875
1 0.5609375 0.77265625 0.05 0.053125
1 0.5203125 0.7453125 0.0421875 0.05703125
1 0.4828125 0.7140625 0.0453125 0.0546875
1 0.4421875 0.7390625 0.0421875 0.03671875
1 0.4 0.70859375 0.0375 0.0546875
1 0.3546875 0.7375 0.0484375 0.04375
1 0.3078125 0.76171875 0.034375 0.05859375
1 0.271875 0.73203125 0.04375 0.0515625
1 0.2734375 0.790625 0.0453125 0.05859375
1 0.2296875 0.7578125 0.0390625 0.053125
1 0.1921875 0.7796875 0.04375 0.04921875
1 0.23125 0.8125 0.0359375 0.04609375
1 0.190625 0.83515625 0.046875 0.06640625
1 0.140625 0.9265625 0.046875 0.05859375
1 0.103125 0.95390625 0.040625 0.04921875
1 0.140625 0.9765625 0.046875 0.046875
1 0.10625 0.99140625 0.046875 0.01640625
1 0.4828125 0.77265625 0.0390625 0.0515625
1 0.4 0.76484375 0.04375 0.05859375
1 0.359375 0.7890625 0.0390625 0.04609375
1 0.3109375 0.8203125 0.040625 0.04765625
1 0.2734375 0.84921875 0.05 0.04765625
1 0.2328125 0.8828125 0.0375 0.053125
1 0.19375 0.896875 0.053125 0.05859375
1 0.1890625 0.95625 0.046875 0.0609375
1 0.2265625 0.98125 0.040625 0.0375
1 0.2703125 0.96328125 0.0453125 0.0546875
1 0.2296875 0.93359375 0.04375 0.0515625
1 0.2703125 0.903125 0.05 0.0609375
1 0.4421875 0.7984375 0.040625 0.04921875
1 0.5234375 0.8015625 0.04375 0.04921875
1 0.48125 0.83125 0.04375 0.06640625
1 0.4015625 0.82578125 0.04375 0.05703125
1 0.35625 0.84609375 0.0453125 0.0625
1 0.3140625 0.87734375 0.0453125 0.0625
1 0.309375 0.9359375 0.04375 0.05859375
1 0.3546875 0.959375 0.0390625 0.053125
1 0.396875 0.87890625 0.0421875 0.04765625
1 0.565625 0.82578125 0.0421875 0.0546875
1 0.68984375 0.97109375 0.0421875 0.0578125
1 0.6484375 0.884375 0.046875 0.05703125
1 0.646875 0.94296875 0.0546875 0.0609375
1 0.65078125 0.9859375 0.0453125 0.02734375
1 0.6078125 0.8546875 0.05 0.04375
1 0.6046875 0.91015625 0.0484375 0.0609375
1 0.55625 0.87890625 0.04375 0.05703125
1 0.521875 0.8609375 0.0421875 0.05703125
1 0.4828125 0.884375 0.040625 0.04609375
1 0.4390625 0.9171875 0.046875 0.0546875
1 0.4453125 0.96484375 0.040625 0.04375
1 0.39921875 0.98046875 0.0390625 0.03828125
1 0.353125 0.99765625 0.04375 0.0046875
1 0.2671875 0.996875 0.0375 0.00546875
1 0.5203125 0.92109375 0.040625 0.04765625
1 0.559375 0.9390625 0.04375 0.053125
1 0.6046875 0.97265625 0.0390625 0.04609375
1 0.521875 0.97265625 0.040625 0.04609375
1 0.484375 0.990625 0.0453125 0.01796875
1 0.56484375 0.984375 0.0421875 0.03125
1 0.35625 0.90625 0.0421875 0.053125