1 0.68203125 0.56953125 0.2046875 0.2328125
1 0.8265625 0.29609375 0.24296875 0.28984375
1 0.65703125 0.06953125 0.203125 0.1390625
1 0.43046875 0.6140625 0.2484375 0.2875
1 0.38359375 0.2390625 0.2015625 0.2328125
1 0.44609375 0.01015625 0.19765625 0.0203125
1 0.2625 0.0453125 0.184375 0.090625
1 0.91640625 0.078125 0.1640625 0.15625
1 0.15625 0.940625 0.23984375 0.11875
1 0.0625 0.14375 0.125 0.234375
1 0.98359375 0.51875 0.0328125 0.22890625
1 0.978125 0.29765625 0.04375 0.2
1 0.15625 0.6265625 0.190625 0.1875
1 0.13359375 0.7921875 0.16171875 0.17578125
1 0.04921875 0.68359375 0.0984375 0.2640625
1 0.8109375 0.02890625 0.16328125 0.05703125
1 0.1390625 0.246875 0.18203125 0.2125
1 0.8125 0.9875 0.16328125 0.02421875
1 0.2515625 0.33671875 0.1734375 0.19765625
1 0.2828125 0.5078125 0.16875 0.2203125