1 0.0234375 0.95625 0.0453125 0.08046875
1 0.0171875 0.86796875 0.034375 0.06953125
1 0.075 0.9046875 0.0546875 0.0609375
1 0.1375 0.95625 0.065625 0.0828125
1 0.196875 0.9765625 0.065625 0.046875
1 0.1328125 0.86953125 0.06875 0.071875
1 0.2 0.90625 0.06875 0.0828125
1 0.1359375 0.7796875 0.0734375 0.08828125
1 0.203125 0.81640625 0.071875 0.0859375
1 0.2625 0.76875 0.0640625 0.0640625
1 0.328125 0.80703125 0.0703125 0.084375
1 0.2671875 0.85859375 0.0640625 0.075
1 0.3296875 0.8953125 0.06875 0.0734375
1 0.2640625 0.9453125 0.0765625 0.09140625
1 0.33515625 0.96953125 0.0796875 0.0609375
1 0.3921875 0.7671875 0.0546875 0.0609375
1 0.4546875 0.80546875 0.053125 0.0609375
1 0.4609375 0.896875 0.05 0.0625
1 0.45625 0.97578125 0.065625 0.04765625
1 0.515625 0.8515625 0.0625 0.06953125
1 0.521875 0.94140625 0.059375 0.07890625
1 0.584375 0.8 0.0640625 0.0515625
1 0.5890625 0.88046875 0.0765625 0.103125
1 0.5828125 0.965625 0.075 0.06875
1 0.6546875 0.76328125 0.0609375 0.0609375
1 0.65625 0.84609375 0.075 0.103125
1 0.6546875 0.9390625 0.0796875 0.103125
1 0.7140625 0.88046875 0.0625 0.06640625
1 0.72265625 0.9625 0.0796875 0.075
1 0.7828125 0.92109375 0.071875 0.0828125
1 0.7828125 0.840625 0.0578125 0.071875
1 0.8515625 0.9609375 0.084375 0.078125
1 0.8484375 0.87734375 0.0765625 0.084375
1 0.91875 0.92109375 0.065625 0.07734375
1 0.91875 0.98203125 0.0625 0.0359375
1 0.9703125 0.959375 0.059375 0.08046875
1 0.971875 0.87734375 0.05625 0.0828125
1 0.9140625 0.8421875 0.059375 0.07890625
1 0.715625 0.71171875 0.059375 0.08046875
1 0.78125 0.75078125 0.06875 0.07890625
1 0.846875 0.790625 0.075 0.08046875
1 0.915625 0.759375 0.065625 0.07734375
1 0.9734375 0.78359375 0.053125 0.09375
1 0.4515625 0.7140625 0.0703125 0.0734375
1 0.51875 0.6734375 0.0609375 0.06953125
1 0.7796875 0.6625 0.0609375 0.084375
1 0.85 0.703125 0.075 0.08828125
1 0.909375 0.65859375 0.065625 0.084375
1 0.96875 0.6953125 0.0609375 0.09140625
1 0.025 0.778125 0.05 0.09140625
1 0.075 0.728125 0.0625 0.0734375
1 0.021875 0.6828125 0.0421875 0.0859375
1 0.05625 0.0296875 0.075 0.05859375
1 0.0140625 0.0734375 0.028125 0.0609375
1 0.015625 0.16328125 0.0296875 0.06640625
1 0.0625 0.11015625 0.065625 0.07734375
1 0.059375 0.2 0.071875 0.07734375
1 0.01875 0.24921875 0.0375 0.0640625
1 0.1375 0.15625 0.06875 0.0734375
1 0.125 0.0734375 0.071875 0.07890625
1 0.1875 0.03125 0.075 0.0609375
1 0.2546875 0.0109375 0.0609375 0.0203125
1 0.190625 0.20703125 0.065625 0.05703125
1 0.2578125 0.15390625 0.071875 0.07734375
1 0.1921875 0.11171875 0.065625 0.08046875
1 0.2546875 0.06640625 0.084375 0.0953125
1 0.3140625 0.02734375 0.065625 0.0546875
1 0.3203125 0.10625 0.078125 0.09921875
1 0.3828125 0.00546875 0.078125 0.0109375
1 0.3859375 0.0609375 0.08125 0.0953125
1 0.3859375 0.146875 0.0625 0.07890625
1 0.4546875 0.02734375 0.08125 0.0546875
1 0.2515625 0.2421875 0.0703125 0.06640625
1 0.5203125 0.00546875 0.0671875 0.0109375
1 0.51875 0.0515625 0.0671875 0.07890625
1 0.5875 0.0296875 0.0765625 0.05859375
1 0.6453125 0.04609375 0.0671875 0.084375
1 0.7125 0.02421875 0.0609375 0.04609375
1 0.7796875 0.04609375 0.065625 0.06796875
1 0.9671875 0.17578125 0.059375 0.07734375
1 0.96875 0.09375 0.0625 0.0828125
1 0.96328125 0.01796875 0.0703125 0.0359375
1 0.9015625 0.0421875 0.06875 0.08046875
1 0.84375 0.08828125 0.06875 0.0625
1 0.9078125 0.1375 0.06875 0.0734375
1 0.7125 0.09140625 0.0734375 0.07734375
1 0.45625 0.1046875 0.078125 0.071875
1 0.521875 0.1375 0.08125 0.0828125
1 0.584375 0.10078125 0.0828125 0.0828125
1 0.6515625 0.1359375 0.0734375 0.0953125
1 0.7828125 0.14140625 0.08125 0.08828125
1 0.8484375 0.18203125 0.06875 0.06640625
1 0.90625 0.22421875 0.0640625 0.07734375
1 0.9109375 0.56875 0.071875 0.0828125
1 0.96875 0.60703125 0.0609375 0.084375
1 0.965625 0.528125 0.06875 0.09375
1 0.909375 0.49140625 0.0765625 0.08046875
1 0.9078125 0.4109375 0.0796875 0.08828125
1 0.9703125 0.440625 0.059375 0.0828125
1 0.9109375 0.31015625 0.078125 0.09140625
1 0.96875 0.35390625 0.0609375 0.075
1 0.13125 0.2546875 0.0625 0.07734375
1 0.4546875 0.19296875 0.08125 0.0953125
1 0.584375 0.1890625 0.0640625 0.0859375
1 0.7140625 0.18515625 0.06875 0.08828125
1 0.775 0.22734375 0.0703125 0.08828125
1 0.8390625 0.26796875 0.0765625 0.09921875
1 0.6484375 0.23125 0.0625 0.08984375
1 0.7140625 0.27734375 0.0765625 0.103125
1 0.7796875 0.32109375 0.071875 0.084375
1 0.8390625 0.35625 0.06875 0.084375
1 0.8359375 0.44921875 0.0703125 0.08828125
1 0.8484375 0.5390625 0.0671875 0.06796875
1 0.846875 0.61484375 0.0859375 0.08828125
1 0.778125 0.578125 0.0671875 0.084375
1 0.7796875 0.49375 0.0671875 0.07890625
1 0.775 0.40390625 0.0703125 0.09921875
1 0.5828125 0.61484375 0.053125 0.0625
1 0.6484375 0.578125 0.0703125 0.0828125
1 0.71875 0.62578125 0.0703125 0.08984375
1 0.715625 0.53203125 0.0609375 0.09921875
1 0.7125 0.44609375 0.065625 0.0953125
1 0.715625 0.3671875 0.0703125 0.08984375
1 0.3921875 0.23515625 0.0765625 0.09140625
1 0.45625 0.27890625 0.0765625 0.0828125
1 0.5234375 0.23671875 0.078125 0.096875
1 0.5875 0.275 0.0734375 0.09140625
1 0.6546875 0.32265625 0.071875 0.08984375
1 0.65 0.41796875 0.075 0.1046875
1 0.6515625 0.496875 0.0765625 0.08046875
1 0.325 0.27734375 0.071875 0.08984375
1 0.196875 0.29140625 0.0671875 0.0734375
1 0.259375 0.3265625 0.06875 0.084375
1 0.321875 0.3703125 0.075 0.09921875
1 0.3875 0.328125 0.0796875 0.08828125
1 0.4546875 0.36875 0.08125 0.09140625
1 0.5234375 0.3265625 0.0734375 0.0953125
1 0.590625 0.359375 0.075 0.08828125
1 0.5859375 0.453125 0.0703125 0.08828125
1 0.5890625 0.5375 0.0671875 0.08046875
1 0.5234375 0.5796875 0.0671875 0.08046875
1 0.5203125 0.4953125 0.075 0.0953125
1 0.5203125 0.4109375 0.0796875 0.09140625
1 0.3921875 0.41796875 0.078125 0.0953125
1 0.384375 0.5046875 0.071875 0.07734375
1 0.4484375 0.54140625 0.071875 0.07890625
1 0.4515625 0.621875 0.0640625 0.08046875
1 0.396875 0.6734375 0.065625 0.0859375
1 0.3859375 0.58515625 0.071875 0.084375
1 0.3296875 0.63515625 0.0609375 0.0828125
1 0.259375 0.684375 0.071875 0.07734375
1 0.1984375 0.725 0.0671875 0.0859375
1 0.01875 0.60546875 0.0375 0.09140625
1 0.0640625 0.63828125 0.071875 0.096875
1 0.134375 0.6859375 0.0796875 0.084375
1 0.1328125 0.59453125 0.0796875 0.09140625
1 0.0203125 0.51953125 0.040625 0.084375
1 0.06875 0.55625 0.078125 0.08046875
1 0.1390625 0.51015625 0.075 0.0828125
1 0.2 0.63515625 0.071875 0.0828125
1 0.021875 0.4296875 0.04375 0.096875
1 0.01875 0.3375 0.0375 0.09921875
1 0.065625 0.29921875 0.0671875 0.0734375
1 0.0671875 0.38515625 0.071875 0.08828125
1 0.0703125 0.475 0.0703125 0.0828125
1 0.134375 0.3390625 0.084375 0.0859375
1 0.134375 0.42578125 0.0703125 0.08046875
1 0.203125 0.378125 0.08125 0.0859375
1 0.2609375 0.421875 0.0734375 0.09140625
1 0.1953125 0.4609375 0.0640625 0.084375
1 0.271875 0.50859375 0.0703125 0.06796875
1 0.325 0.5453125 0.06875 0.096875
1 0.2640625 0.590625 0.078125 0.096875
1 0.1984375 0.5453125 0.0703125 0.09140625