1 0.0125 0.85859375 0.0234375 0.07890625
1 0.0171875 0.9453125 0.034375 0.0859375
1 0.121875 0.85703125 0.0921875 0.11015625
1 0.20390625 0.9640625 0.0984375 0.071875
1 0.059375 0.9640625 0.0875 0.071875
1 0.121875 0.98984375 0.071875 0.0203125
1 0.015625 0.48984375 0.0296875 0.115625
1 0.046875 0.621875 0.0921875 0.1046875
1 0.0625 0.73203125 0.0828125 0.1046875
1 0.1265625 0.58359375 0.0921875 0.0953125
1 0.1359375 0.6734375 0.0859375 0.10078125
1 0.1328125 0.7453125 0.0546875 0.0546875
1 0.2671875 0.840625 0.0765625 0.0828125
1 0.3484375 0.8 0.0765625 0.10078125
1 0.2 0.71953125 0.078125 0.09140625
1 0.1953125 0.61796875 0.075 0.08984375
1 0.403125 0.93203125 0.115625 0.11953125
1 0.40390625 0.9875 0.0953125 0.025
1 0.4796875 0.9640625 0.071875 0.071875
1 0.4734375 0.88046875 0.0796875 0.09140625
1 0.4625 0.79296875 0.0921875 0.07734375
1 0.453125 0.62421875 0.1046875 0.1140625
1 0.3796875 0.6625 0.0890625 0.09375
1 0.4453125 0.7265625 0.0890625 0.06640625
1 0.596875 0.72109375 0.103125 0.10859375
1 0.5921875 0.60703125 0.1078125 0.10625
1 0.5984375 0.87890625 0.096875 0.1046875
1 0.66875 0.83515625 0.10625 0.10078125
1 0.59453125 0.9625 0.0890625 0.075
1 0.66328125 0.98203125 0.0734375 0.0359375
1 0.7359375 0.96015625 0.071875 0.0796875
1 0.809375 0.984375 0.09375 0.03125
1 0.94375 0.984375 0.078125 0.03125
1 0.946875 0.92109375 0.0890625 0.08984375
1 0.940625 0.82734375 0.084375 0.07890625
1 0.875 0.87890625 0.0640625 0.096875
1 0.7359375 0.72265625 0.1109375 0.10078125
1 0.8609375 0.71015625 0.0875 0.096875
1 0.80625 0.83515625 0.090625 0.0953125
1 0.7453125 0.80390625 0.0578125 0.075
1 0.928125 0.66640625 0.0828125 0.096875
1 0.9359375 0.55625 0.096875 0.11171875
1 0.9359375 0.3703125 0.0703125 0.09140625
1 0.7296875 0.61640625 0.0828125 0.0859375
1 0.803125 0.57421875 0.08125 0.096875
1 0.51875 0.4734375 0.103125 0.1140625
1 0.1765625 0.44375 0.1109375 0.10078125
1 0.2671875 0.47890625 0.0796875 0.09140625
1 0.3359375 0.4328125 0.0875 0.09921875
1 0.253125 0.37421875 0.0984375 0.09140625
1 0.2703125 0.75625 0.090625 0.0859375
1 0.1234375 0.19609375 0.0828125 0.08984375
1 0.1890625 0.15234375 0.0921875 0.08828125
1 0.1828125 0.253125 0.0796875 0.09921875
1 0.3234375 0.240625 0.096875 0.10078125
1 0.3375 0.33046875 0.084375 0.08984375
1 0.4625 0.3375 0.103125 0.11171875
1 0.40625 0.4015625 0.0796875 0.103125
1 0.4453125 0.22578125 0.084375 0.0859375
1 0.6703125 0.28828125 0.08125 0.096875
1 0.5953125 0.221875 0.1 0.0828125
1 0.5921875 0.3359375 0.0875 0.11015625
1 0.5234375 0.2609375 0.0890625 0.084375
1 0.665625 0.390625 0.0828125 0.09375
1 0.7859375 0.3671875 0.0921875 0.096875
1 0.79375 0.18359375 0.0796875 0.0859375
1 0.665625 0.4828125 0.09375 0.10625
1 0.8015625 0.4609375 0.115625 0.0859375
1 0.728125 0.52265625 0.0734375 0.0953125
1 0.728125 0.13046875 0.08125 0.115625
1 0.5890625 0.0515625 0.1 0.10078125
1 0.665625 0.0953125 0.090625 0.0859375
1 0.3765625 0.10078125 0.0796875 0.10078125
1 0.31328125 0.04921875 0.1078125 0.0984375
1 0.45 0.0546875 0.0921875 0.10859375
1 0.2484375 0.02734375 0.084375 0.0546875
1 0.046875 0.01796875 0.090625 0.03515625
1 0.3828125 0.00703125 0.0875 0.0125
1 0.6734375 0.02578125 0.0828125 0.0515625
1 0.8703125 0.41484375 0.06875 0.1140625
1 0.8734375 0.51953125 0.05625 0.10625
1 0.0125 0.296875 0.0234375 0.06953125
1 0.7875 0.09140625 0.0765625 0.07734375