1 0.78984375 0.01484375 0.06484375 0.02890625
1 0.65390625 0.0140625 0.0828125 0.028125
1 0.50859375 0.01796875 0.0703125 0.0359375
1 0.03671875 0.0078125 0.0734375 0.015625
1 0.103125 0.02265625 0.0734375 0.04453125
1 0.98125 0.12734375 0.0375 0.0890625
1 0.93046875 0.08203125 0.08125 0.09140625
1 0.9265625 0.1671875 0.06953125 0.078125
1 0.8625 0.12421875 0.07109375 0.09765625
1 0.7890625 0.08203125 0.0765625 0.0953125
1 0.71953125 0.13203125 0.0734375 0.09765625
1 0.64609375 0.0859375 0.0796875 0.103125
1 0.578125 0.0703125 0.06953125 0.09375
1 0.97421875 0.22109375 0.0515625 0.10703125
1 0.9875 0.32109375 0.025 0.08203125
1 0.921875 0.2625 0.0796875 0.08984375
1 0.86015625 0.21953125 0.0765625 0.09921875
1 0.7875 0.27421875 0.06953125 0.0875
1 0.72734375 0.2234375 0.075 0.08203125
1 0.6609375 0.18515625 0.075 0.09765625
1 0.584375 0.14765625 0.0796875 0.0953125
1 0.51015625 0.0953125 0.0828125 0.0875
1 0.43671875 0.07578125 0.0828125 0.0953125
1 0.371875 0.09921875 0.053125 0.05625
1 0.98203125 0.490625 0.0359375 0.09375
1 0.9796875 0.40546875 0.03984375 0.08359375
1 0.93671875 0.3484375 0.0796875 0.08984375
1 0.8625 0.3109375 0.08125 0.09375
1 0.93203125 0.44765625 0.0765625 0.09140625
1 0.8625 0.4046875 0.084375 0.1109375
1 0.7921875 0.36171875 0.0796875 0.09140625
1 0.72109375 0.3171875 0.0828125 0.1046875
1 0.6578125 0.28046875 0.0796875 0.09375
1 0.59296875 0.24140625 0.07109375 0.08984375
1 0.51328125 0.1828125 0.0734375 0.07421875
1 0.43515625 0.15546875 0.06640625 0.08203125
1 0.43828125 0.24296875 0.075 0.0953125
1 0.51171875 0.2765625 0.0734375 0.09375
1 0.584375 0.3328125 0.06953125 0.0859375
1 0.65078125 0.37578125 0.075 0.09375
1 0.72109375 0.4140625 0.08671875 0.09140625
1 0.784375 0.45703125 0.084375 0.10078125
1 0.86875 0.5 0.08125 0.10078125
1 0.93515625 0.5546875 0.08984375 0.10078125
1 0.9828125 0.596875 0.034375 0.10625
1 0.97734375 0.67734375 0.04453125 0.09375
1 0.93671875 0.73359375 0.0765625 0.08984375
1 0.93046875 0.65 0.08125 0.09140625
1 0.8703125 0.5953125 0.0765625 0.08984375
1 0.79375 0.5546875 0.0828125 0.09140625
1 0.72734375 0.50546875 0.08828125 0.09765625
1 0.64921875 0.453125 0.08671875 0.0875
1 0.58125 0.4125 0.08671875 0.09375
1 0.51484375 0.37578125 0.0765625 0.09375
1 0.446875 0.41640625 0.0578125 0.06796875
1 0.43515625 0.334375 0.0796875 0.09140625
1 0.50859375 0.4671875 0.06796875 0.08203125
1 0.4453125 0.5171875 0.0734375 0.10078125
1 0.5765625 0.5078125 0.075 0.103125
1 0.64765625 0.55078125 0.0828125 0.1046875
1 0.59140625 0.59921875 0.06640625 0.0640625
1 0.72578125 0.60078125 0.078125 0.0953125
1 0.79375 0.6515625 0.0734375 0.103125
1 0.865625 0.6828125 0.08671875 0.10078125
1 0.984375 0.9578125 0.03125 0.08359375
1 0.9828125 0.87421875 0.034375 0.1078125
1 0.98203125 0.775 0.0359375 0.09375
1 0.93359375 0.825 0.09140625 0.1125
1 0.865625 0.78203125 0.08671875 0.09921875
1 0.94375 0.9203125 0.0796875 0.0859375
1 0.9453125 0.98046875 0.0765625 0.0390625
1 0.87578125 0.97109375 0.0765625 0.0578125
1 0.8671875 0.89140625 0.09296875 0.1046875
1 0.7953125 0.7390625 0.09140625 0.1109375
1 0.79375 0.83046875 0.08671875 0.09765625
1 0.79765625 0.92578125 0.08671875 0.103125
1 0.8015625 0.984375 0.08125 0.03125
1 0.09453125 0.103125 0.0828125 0.09921875
1 0.03359375 0.1515625 0.06484375 0.1125
1 0.371875 0.196875 0.075 0.0875
1 0.30859375 0.14765625 0.0796875 0.08984375
1 0.2375 0.1046875 0.0765625 0.07578125
1 0.16796875 0.1578125 0.0765625 0.08359375
1 0.09765625 0.2078125 0.078125 0.09765625
1 0.03671875 0.253125 0.0734375 0.10859375
1 0.03515625 0.3484375 0.06953125 0.09765625
1 0.37890625 0.28046875 0.0734375 0.09140625
1 0.3125 0.24296875 0.06953125 0.08359375
1 0.2421875 0.196875 0.0765625 0.10078125
1 0.17265625 0.246875 0.0796875 0.1046875
1 0.10625 0.3015625 0.0765625 0.09140625
1 0.1 0.38125 0.0765625 0.0953125
1 0.03515625 0.4359375 0.06953125 0.09765625
1 0.2359375 0.28828125 0.06953125 0.09375
1 0.17421875 0.340625 0.06640625 0.09140625
1 0.2390625 0.36953125 0.0828125 0.0859375
1 0.3125 0.3265625 0.0734375 0.0875
1 0.37578125 0.36796875 0.0734375 0.0859375
1 0.38046875 0.55625 0.07109375 0.0875
1 0.3171875 0.50390625 0.06953125 0.09140625
1 0.37734375 0.46328125 0.0765625 0.09765625
1 0.3109375 0.41796875 0.08984375 0.0875
1 0.2390625 0.56015625 0.0828125 0.09140625
1 0.2390625 0.46484375 0.08125 0.09765625
1 0.17265625 0.4296875 0.0734375 0.0953125
1 0.09609375 0.475 0.07109375 0.0953125
1 0.03203125 0.5296875 0.0640625 0.1
1 0.1625 0.5171875 0.08984375 0.09140625
1 0.1015625 0.5703125 0.06953125 0.09140625
1 0.72265625 0.696875 0.07109375 0.09140625
1 0.72578125 0.784375 0.06953125 0.09375
1 0.72421875 0.8796875 0.075 0.1046875
1 0.734375 0.96484375 0.0734375 0.0703125
1 0.659375 0.92578125 0.0765625 0.08203125
1 0.59453125 0.97109375 0.0796875 0.0578125
1 0.65078125 0.64765625 0.075 0.08203125
1 0.6546875 0.7453125 0.0828125 0.1109375
1 0.65625 0.834375 0.0796875 0.08359375
1 0.5828125 0.8734375 0.06953125 0.09375
1 0.58671875 0.78828125 0.075 0.08984375
1 0.584375 0.6890625 0.075 0.0953125
1 0.5203125 0.63828125 0.0796875 0.10078125
1 0.4515625 0.603125 0.07109375 0.08203125
1 0.446875 0.6890625 0.0734375 0.0875
1 0.521875 0.7390625 0.075 0.0875
1 0.51640625 0.83046875 0.08125 0.09140625
1 0.51640625 0.91796875 0.07109375 0.0953125
1 0.52578125 0.98359375 0.06484375 0.0328125
1 0.45703125 0.9671875 0.0640625 0.065625
1 0.384375 0.984375 0.084375 0.03125
1 0.4515625 0.88125 0.0734375 0.0859375
1 0.453125 0.784375 0.08125 0.09375
1 0.38046875 0.63984375 0.08125 0.09765625
1 0.37578125 0.74296875 0.0796875 0.08203125
1 0.37578125 0.825 0.0765625 0.0859375
1 0.37890625 0.91796875 0.1 0.10078125
1 0.3125 0.59921875 0.07109375 0.078125
1 0.30703125 0.70234375 0.06796875 0.0953125
1 0.24765625 0.6671875 0.078125 0.09921875
1 0.17109375 0.60859375 0.08671875 0.08203125
1 0.103125 0.66171875 0.075 0.09140625
1 0.03828125 0.6140625 0.0765625 0.0875
1 0.03671875 0.71171875 0.0734375 0.09375
1 0.30859375 0.78984375 0.078125 0.08984375
1 0.3171875 0.89296875 0.08125 0.1046875
1 0.3140625 0.975 0.078125 0.05
1 0.2390625 0.75078125 0.0765625 0.0875
1 0.17265625 0.71171875 0.0828125 0.09140625
1 0.1046875 0.74921875 0.075 0.0875
1 0.03671875 0.80703125 0.0734375 0.09375
1 0.03828125 0.90234375 0.0765625 0.10859375
1 0.04140625 0.9734375 0.0828125 0.05234375
1 0.178125 0.97265625 0.0765625 0.0546875
1 0.10625 0.94765625 0.084375 0.09140625
1 0.1015625 0.85390625 0.0734375 0.1046875
1 0.24765625 0.9375 0.078125 0.09921875
1 0.24609375 0.84453125 0.075 0.0859375
1 0.17109375 0.79765625 0.0828125 0.07578125
1 0.17265625 0.89921875 0.0828125 0.0953125