1 0.8828125 0.03359375 0.159375 0.06640625
1 0.94140625 0.26640625 0.1171875 0.13359375
1 0.94296875 0.3875 0.11328125 0.15
1 0.946875 0.546875 0.10625 0.14765625
1 0.87265625 0.4625 0.11875 0.14140625
1 0.7734375 0.27734375 0.11171875 0.10859375
1 0.60625 0.26875 0.1203125 0.15859375
1 0.68828125 0.021875 0.1421875 0.04375
1 0.67578125 0.1 0.13671875 0.15625
1 0.59375 0.04375 0.1203125 0.0875
1 0.49140625 0.075 0.12265625 0.13515625
1 0.40078125 0.14140625 0.11015625 0.14609375
1 0.40625 0.2625 0.12265625 0.13125
1 0.30703125 0.19140625 0.13984375 0.15859375
1 0.2453125 0.04765625 0.13125 0.0953125
1 0.1453125 0.01953125 0.175 0.0390625
1 0.1453125 0.08984375 0.10625 0.14609375
1 0.13125 0.20625 0.115625 0.12109375
1 0.21484375 0.37265625 0.11875 0.13984375
1 0.12265625 0.31640625 0.103125 0.11484375
1 0.115625 0.45390625 0.09765625 0.12109375
1 0.2125 0.51875 0.12734375 0.14375
1 0.0078125 0.08046875 0.015625 0.16015625
1 0.00625 0.29765625 0.0125 0.12109375
1 0.775 0.4 0.09609375 0.1125
1 0.684375 0.4625 0.11875 0.14609375
1 0.59765625 0.51640625 0.08671875 0.11640625
1 0.484375 0.44609375 0.13125 0.14609375
1 0.4875 0.575 0.1296875 0.1375
1 0.94609375 0.79296875 0.1078125 0.15625
1 0.86171875 0.73359375 0.1328125 0.16015625
1 0.9453125 0.928125 0.109375 0.140625
1 0.85078125 0.88515625 0.13125 0.14609375
1 0.5921875 0.79609375 0.11875 0.1375
1 0.6046875 0.93125 0.12734375 0.13515625
1 0.40390625 0.7875 0.09609375 0.1375
1 0.3015625 0.71640625 0.1296875 0.15
1 0.090625 0.70859375 0.1046875 0.13359375
1 0.03984375 0.66875 0.0796875 0.13359375
1 0.30703125 0.96015625 0.13125 0.07890625
1 0.1140625 0.9546875 0.1125 0.090625
1 0.75625 0.98515625 0.1328125 0.02890625
1 0.58671875 0.12265625 0.07421875 0.08359375