1 0.3890625 0.5703125 0.21484375 0.2453125
1 0.2390625 0.28515625 0.25390625 0.303125
1 0.4171875 0.059375 0.21328125 0.11875
1 0.6515625 0.61640625 0.259375 0.3015625
1 0.703125 0.22265625 0.21015625 0.2453125
1 0.828125 0.034375 0.19296875 0.06796875
1 0.121875 0.0671875 0.21640625 0.134375
1 0.90703125 0.9484375 0.1859375 0.10234375
1 0.98671875 0.12421875 0.0265625 0.2453125
1 0.04609375 0.5171875 0.0921875 0.2390625
1 0.05 0.28515625 0.1 0.2109375
1 0.02578125 0.10625 0.0515625 0.19296875
1 0.91953125 0.63046875 0.16015625 0.196875
1 0.9390625 0.803125 0.12109375 0.184375
1 0.25625 0.0171875 0.1703125 0.034375
1 0.93046875 0.23125 0.1390625 0.221875
1 0.84140625 0.32734375 0.18125 0.20703125
1 0.80859375 0.50625 0.17578125 0.23125