1 0.05078125 0.84765625 0.1015625 0.1609375
1 0.05234375 0.66796875 0.1046875 0.1984375
1 0.0578125 0.4828125 0.115625 0.18125
1 0.05703125 0.30625 0.1140625 0.18046875
1 0.05546875 0.13125 0.1109375 0.17578125
1 0.0578125 0.02265625 0.115625 0.0421875
1 0.175 0.05078125 0.13203125 0.10078125
1 0.16796875 0.19921875 0.13359375 0.21171875
1 0.16796875 0.396875 0.11796875 0.18515625
1 0.1640625 0.5765625 0.11953125 0.16328125
1 0.28046875 0.665625 0.13203125 0.20703125
1 0.28203125 0.47578125 0.11796875 0.1703125
1 0.29296875 0.2953125 0.1265625 0.2015625
1 0.30546875 0.125 0.1515625 0.1703125
1 0.2953125 0.02890625 0.1265625 0.0578125
1 0.41640625 0.06484375 0.13203125 0.1296875
1 0.4125 0.2140625 0.11796875 0.16328125
1 0.40546875 0.39453125 0.12109375 0.196875
1 0.40390625 0.5796875 0.11796875 0.1734375
1 0.39609375 0.7546875 0.125 0.1875
1 0.53046875 0.0265625 0.12109375 0.053125
1 0.52109375 0.13203125 0.1484375 0.178125
1 0.52109375 0.31015625 0.13046875 0.18515625
1 0.52109375 0.48828125 0.13046875 0.1828125
1 0.50703125 0.6703125 0.12109375 0.17578125
1 0.5125 0.8578125 0.1234375 0.2015625
1 0.65390625 0.075 0.1359375 0.15
1 0.65703125 0.21875 0.13359375 0.18046875
1 0.65 0.40390625 0.12890625 0.18046875
1 0.64453125 0.58203125 0.13046875 0.18515625
1 0.6390625 0.77890625 0.13359375 0.20703125
1 0.28046875 0.8578125 0.1140625 0.16796875
1 0.1578125 0.91484375 0.13359375 0.1703125
1 0.77265625 0.028125 0.1234375 0.05625
1 0.89296875 0.07734375 0.1390625 0.1546875
1 0.975 0.0359375 0.05 0.071875
1 0.97109375 0.15859375 0.05703125 0.1875
1 0.7734375 0.15859375 0.1359375 0.196875
1 0.76953125 0.3265625 0.13046875 0.17578125
1 0.89140625 0.24296875 0.12109375 0.18515625
1 0.97109375 0.34609375 0.05703125 0.1921875
1 0.8875 0.42578125 0.1234375 0.18046875
1 0.76640625 0.5046875 0.1359375 0.17578125
1 0.97109375 0.5296875 0.05703125 0.1703125
1 0.89140625 0.60078125 0.11953125 0.16796875
1 0.76640625 0.678125 0.14140625 0.17578125
1 0.96953125 0.70546875 0.0609375 0.1703125
1 0.8890625 0.77890625 0.1109375 0.17578125
1 0.76640625 0.86328125 0.13359375 0.1875
1 0.96796875 0.8796875 0.0640625 0.1734375
1 0.8859375 0.9375 0.12109375 0.125
1 0.63671875 0.93984375 0.13359375 0.1203125
1 0.05390625 0.9703125 0.1078125 0.059375
1 0.403125 0.9234375 0.128125 0.153125
1 0.27421875 0.96484375 0.14140625 0.06953125
1 0.5140625 0.9734375 0.12109375 0.053125
1 0.75703125 0.984375 0.13203125 0.03125