1 0.86171875 0.990625 0.20546875 0.01875
1 0.59375 0.98046875 0.221875 0.0390625
1 0.15390625 0.63515625 0.20390625 0.24765625
1 0.7046875 0.10234375 0.2109375 0.20390625
1 0.45 0.45859375 0.22890625 0.22265625
1 0.61015625 0.72734375 0.225 0.21015625
1 0.953125 0.65078125 0.09375 0.22734375
1 0.9546875 0.94765625 0.090625 0.10390625
1 0.725 0.44609375 0.171875 0.21484375
1 0.33515625 0.74609375 0.1828125 0.24140625
1 0.44765625 0.09296875 0.2078125 0.18515625
1 0.17734375 0.275 0.2125 0.24375
1 0.43359375 0.96015625 0.17578125 0.07890625
1 0.9546875 0.834375 0.090625 0.16484375
1 0.59609375 0.35234375 0.1421875 0.19140625
1 0.45234375 0.26875 0.171875 0.18125
1 0.3140625 0.16015625 0.12734375 0.17265625
1 0.70546875 0.27109375 0.09765625 0.12890625
1 0.06640625 0.053125 0.1328125 0.10625
1 0.3078125 0.93359375 0.13125 0.1328125
1 0.7515625 0.65625 0.11875 0.1375
1 0.5796875 0.909375 0.20546875 0.18125
1 0.4484375 0.8375 0.1578125 0.17890625