1 0.96953125 0.94375 0.0609375 0.1125
1 0.96796875 0.7703125 0.06328125 0.2234375
1 0.97265625 0.52578125 0.0546875 0.2125
1 0.9703125 0.29609375 0.059375 0.2515625
1 0.959375 0.08359375 0.08125 0.1671875
1 0.85078125 0.03046875 0.2109375 0.0609375
1 0.85703125 0.1984375 0.1671875 0.21875
1 0.8609375 0.4234375 0.19375 0.2046875
1 0.86796875 0.65703125 0.165625 0.20078125
1 0.8671875 0.8953125 0.18515625 0.20859375
1 0.69453125 0.94921875 0.17109375 0.1015625
1 0.6828125 0.7828125 0.1828125 0.22109375
1 0.68671875 0.55390625 0.18671875 0.20625
1 0.6796875 0.32421875 0.1546875 0.1984375
1 0.66953125 0.10078125 0.1953125 0.2015625
1 0.515625 0.9015625 0.16171875 0.19609375
1 0.5265625 0.6921875 0.16875 0.1984375
1 0.52109375 0.42734375 0.17421875 0.2375
1 0.51796875 0.1921875 0.18125 0.21875
1 0.5078125 0.0390625 0.18125 0.078125
1 0.359375 0.959375 0.1828125 0.08046875
1 0.35390625 0.8078125 0.20625 0.23359375
1 0.3484375 0.5765625 0.2078125 0.2375
1 0.35546875 0.3390625 0.18671875 0.21484375
1 0.33828125 0.1046875 0.2109375 0.20859375
1 0.16640625 0.05078125 0.15703125 0.1015625
1 0.1671875 0.23359375 0.16875 0.21484375
1 0.1640625 0.4484375 0.16171875 0.18828125
1 0.15859375 0.6859375 0.16015625 0.20078125
1 0.18125 0.9046875 0.14453125 0.18984375
1 0.04453125 0.79296875 0.0890625 0.1953125
1 0.04609375 0.5703125 0.09140625 0.18984375
1 0.0421875 0.3359375 0.084375 0.1796875
1 0.0421875 0.11171875 0.084375 0.21875
1 0.0515625 0.96015625 0.103125 0.0796875