1 0.0921875 0.01953125 0.06171875 0.0390625
1 0.22890625 0.01953125 0.05 0.0390625
1 0.27890625 0.0125 0.05 0.025
1 0.36953125 0.01328125 0.0671875 0.0265625
1 0.425 0.015625 0.05625 0.03125
1 0.509375 0.0109375 0.0515625 0.02109375
1 0.6046875 0.015625 0.04296875 0.03125
1 0.69921875 0.009375 0.0484375 0.01875
1 0.01171875 0.10625 0.0234375 0.06015625
1 0.046875 0.13828125 0.06015625 0.07578125
1 0.9796875 0.00703125 0.03984375 0.01328125
1 0.79765625 0.05234375 0.05 0.05625
1 0.8890625 0.05234375 0.046875 0.05078125
1 0.88515625 0.1125 0.05625 0.05625
1 0.93671875 0.08203125 0.04453125 0.0640625
1 0.978125 0.04609375 0.04296875 0.05625
1 0.890625 0.17890625 0.0578125 0.06796875
1 0.9765625 0.10859375 0.046875 0.06640625
1 0.840625 0.078125 0.0484375 0.06015625
1 0.69921875 0.06015625 0.05625 0.0625
1 0.64921875 0.09765625 0.0484375 0.05859375
1 0.74609375 0.0859375 0.0578125 0.06015625
1 0.69609375 0.1203125 0.0515625 0.06015625
1 0.74921875 0.15390625 0.06484375 0.07421875
1 0.79765625 0.18125 0.0515625 0.06015625
1 0.84375 0.14375 0.06015625 0.0640625
1 0.7953125 0.11875 0.0546875 0.0640625
1 0.8421875 0.21171875 0.06484375 0.06640625
1 0.6546875 0.16171875 0.05625 0.05625
1 0.69921875 0.18671875 0.0515625 0.05859375
1 0.75078125 0.21953125 0.053125 0.0640625
1 0.7953125 0.2546875 0.04453125 0.0640625
1 0.890625 0.24140625 0.046875 0.05234375
1 0.978125 0.17109375 0.04296875 0.0546875
1 0.93828125 0.21015625 0.05 0.0625
1 0.74921875 0.284375 0.04453125 0.0484375
1 0.6546875 0.22578125 0.0484375 0.071875
1 0.609375 0.25703125 0.0515625 0.0703125
1 0.609375 0.18671875 0.0484375 0.06015625
1 0.56171875 0.15390625 0.053125 0.06015625
1 0.70234375 0.25078125 0.046875 0.0640625
1 0.846875 0.28203125 0.05 0.0703125
1 0.8890625 0.3015625 0.05 0.06640625
1 0.9421875 0.2703125 0.06015625 0.05859375
1 0.98125 0.2375 0.0375 0.078125
1 0.9828125 0.30234375 0.034375 0.0546875
1 0.94375 0.334375 0.0515625 0.06640625
1 0.79375 0.371875 0.04453125 0.05625
1 0.8421875 0.39921875 0.053125 0.0625
1 0.890625 0.36796875 0.0546875 0.071875
1 0.89375 0.43203125 0.0484375 0.05859375
1 0.94375 0.396875 0.05 0.0625
1 0.94375 0.46328125 0.046875 0.06015625
1 0.7953125 0.49609375 0.0546875 0.06796875
1 0.846875 0.53125 0.0546875 0.05859375
1 0.8453125 0.46328125 0.05625 0.06015625
1 0.89375 0.5015625 0.05 0.07421875
1 0.846875 0.59140625 0.0515625 0.0546875
1 0.8921875 0.6203125 0.05625 0.071875
1 0.75234375 0.60078125 0.05625 0.06015625
1 0.75234375 0.6578125 0.06015625 0.06015625
1 0.80234375 0.675 0.0578125 0.06640625
1 0.85546875 0.71015625 0.06171875 0.0640625
1 0.946875 0.7140625 0.0515625 0.05625
1 0.984375 0.6828125 0.03125 0.046875
1 0.94375 0.5859375 0.05 0.0703125
1 0.9828125 0.55234375 0.034375 0.0546875
1 0.9421875 0.5234375 0.0515625 0.05859375
1 0.98125 0.48828125 0.0375 0.0546875
1 0.9828125 0.42890625 0.034375 0.0484375
1 0.98125 0.36484375 0.0375 0.0640625
1 0.946875 0.6515625 0.0484375 0.05078125
1 0.98125 0.6203125 0.0375 0.0625
1 0.90390625 0.74296875 0.05 0.06640625
1 0.946875 0.83046875 0.05 0.06015625
1 0.9828125 0.86328125 0.034375 0.0546875
1 0.8984375 0.86953125 0.046875 0.0625
1 0.946875 0.8953125 0.046875 0.05859375
1 0.9828125 0.93125 0.034375 0.0625
1 0.9453125 0.959375 0.0484375 0.05859375
1 0.9453125 0.9953125 0.05625 0.009375
1 0.98125 0.98359375 0.0375 0.0328125
1 0.09453125 0.1125 0.05 0.046875
1 0.09296875 0.16953125 0.053125 0.06015625
1 0.14453125 0.1359375 0.0578125 0.0703125
1 0.09609375 0.2375 0.06015625 0.0640625
1 0.01484375 0.2375 0.0296875 0.0625
1 0.046875 0.20625 0.0515625 0.06796875
1 0.0140625 0.2984375 0.028125 0.06796875
1 0.05 0.3265625 0.05625 0.06640625
1 0.01328125 0.35625 0.0265625 0.05859375
1 0.0140625 0.428125 0.028125 0.0625
1 0.01875 0.9328125 0.0375 0.0625
1 0.0203125 0.86875 0.03984375 0.06015625
1 0.02109375 0.80546875 0.04140625 0.05859375
1 0.01796875 0.7375 0.0359375 0.0625
1 0.01796875 0.6734375 0.0359375 0.0625
1 0.01640625 0.61484375 0.0328125 0.0546875
1 0.0140625 0.55234375 0.028125 0.0625
1 0.0140625 0.4875 0.028125 0.06015625
1 0.0515625 0.396875 0.05625 0.0703125
1 0.05 0.4609375 0.03828125 0.04453125
1 0.0484375 0.51953125 0.053125 0.07578125
1 0.0546875 0.58359375 0.0546875 0.05859375
1 0.0578125 0.63984375 0.0484375 0.0546875
1 0.0578125 0.70625 0.05 0.0640625
1 0.06015625 0.76640625 0.05 0.06640625
1 0.06171875 0.8328125 0.06015625 0.06640625
1 0.06171875 0.90078125 0.046875 0.05859375
1 0.05625 0.9609375 0.0515625 0.06796875
1 0.05859375 0.996875 0.04453125 0.00546875
1 0.10234375 0.98359375 0.0515625 0.0328125
1 0.1078125 0.928125 0.04140625 0.05625
1 0.1046875 0.86171875 0.0484375 0.0625
1 0.103125 0.79765625 0.03828125 0.05234375
1 0.10625 0.73125 0.04453125 0.0640625
1 0.103125 0.6671875 0.04140625 0.05859375
1 0.103125 0.59765625 0.04296875 0.0703125
1 0.1015625 0.55078125 0.05 0.0546875
1 0.09609375 0.4921875 0.0515625 0.0625
1 0.1 0.428125 0.05 0.0640625
1 0.09765625 0.36015625 0.0484375 0.06015625
1 0.09609375 0.3 0.046875 0.05859375
1 0.14765625 0.2625 0.04296875 0.06640625
1 0.14609375 0.1984375 0.046875 0.0546875
1 0.14140625 0.32109375 0.03359375 0.0390625
1 0.14609375 0.38125 0.05 0.0640625
1 0.13984375 0.4453125 0.046875 0.05078125
1 0.14609375 0.5171875 0.053125 0.06796875
1 0.14453125 0.57578125 0.04140625 0.05234375
1 0.14609375 0.63046875 0.053125 0.06015625
1 0.14765625 0.696875 0.05 0.0625
1 0.14765625 0.7609375 0.0484375 0.0703125
1 0.14921875 0.8328125 0.0578125 0.06640625
1 0.14921875 0.95546875 0.0515625 0.06015625
1 0.1828125 0.09765625 0.0578125 0.06796875
1 0.22890625 0.134375 0.06328125 0.06796875
1 0.2328125 0.196875 0.06171875 0.05859375
1 0.19140625 0.22578125 0.0546875 0.06640625
1 0.2328125 0.25703125 0.053125 0.06796875
1 0.19296875 0.35625 0.0546875 0.071875
1 0.234375 0.325 0.05625 0.0640625
1 0.2375 0.3890625 0.046875 0.05859375
1 0.19453125 0.48046875 0.0578125 0.06640625
1 0.240625 0.44921875 0.0578125 0.0625
1 0.19296875 0.5390625 0.05625 0.0640625
1 0.19296875 0.6046875 0.0515625 0.06015625
1 0.19609375 0.66953125 0.046875 0.0546875
1 0.19296875 0.721875 0.046875 0.0484375
1 0.19296875 0.8015625 0.04296875 0.06796875
1 0.19296875 0.865625 0.046875 0.06015625
1 0.19609375 0.928125 0.0515625 0.0640625
1 0.19609375 0.9796875 0.046875 0.040625
1 0.24453125 0.515625 0.0484375 0.06015625
1 0.24609375 0.57578125 0.05625 0.06015625
1 0.04453125 0.01875 0.03359375 0.03671875
1 0.41875 0.0640625 0.04453125 0.05859375
1 0.27734375 0.09765625 0.04296875 0.05078125
1 0.32578125 0.12421875 0.0578125 0.0625
1 0.37578125 0.09140625 0.05 0.05859375
1 0.4703125 0.09921875 0.0515625 0.06015625
1 0.51015625 0.0640625 0.04140625 0.05078125
1 0.56171875 0.09140625 0.0515625 0.05625
1 0.6109375 0.1265625 0.04140625 0.05078125
1 0.27890625 0.165625 0.05 0.05234375
1 0.32578125 0.1890625 0.053125 0.0546875
1 0.37578125 0.1578125 0.0515625 0.05859375
1 0.41875 0.13984375 0.04453125 0.05625
1 0.2859375 0.22578125 0.05 0.06015625
1 0.32890625 0.25703125 0.0484375 0.05078125
1 0.28203125 0.2921875 0.053125 0.05859375
1 0.284375 0.35390625 0.0515625 0.0625
1 0.32734375 0.325 0.046875 0.05859375
1 0.37578125 0.22578125 0.03671875 0.0390625
1 0.38046875 0.284375 0.04453125 0.05234375
1 0.4203125 0.253125 0.0484375 0.05625
1 0.4703125 0.215625 0.046875 0.0546875
1 0.51328125 0.12265625 0.04453125 0.06640625
1 0.51328125 0.18125 0.05 0.05234375
1 0.51015625 0.2453125 0.053125 0.06796875
1 0.5578125 0.221875 0.0546875 0.06640625
1 0.4703125 0.28828125 0.04453125 0.05625
1 0.51484375 0.3171875 0.04453125 0.0546875
1 0.70625 0.36953125 0.03125 0.040625
1 0.38203125 0.35625 0.04453125 0.06640625
1 0.471875 0.35 0.0515625 0.0640625
1 0.51015625 0.3796875 0.04296875 0.05234375
1 0.56953125 0.40625 0.04140625 0.05234375
1 0.61328125 0.43359375 0.0515625 0.05859375
1 0.6609375 0.41015625 0.0515625 0.06015625
1 0.4234375 0.38515625 0.0546875 0.06015625
1 0.2875 0.4125 0.0515625 0.06640625
1 0.32890625 0.39140625 0.0484375 0.05234375
1 0.32890625 0.453125 0.0578125 0.06640625
1 0.284375 0.4921875 0.04453125 0.05625
1 0.33046875 0.509375 0.0515625 0.06640625
1 0.290625 0.546875 0.0484375 0.05234375
1 0.471875 0.4125 0.05 0.05625
1 0.51796875 0.44375 0.0578125 0.0703125
1 0.38671875 0.4296875 0.04453125 0.05625
1 0.43046875 0.453125 0.053125 0.05625
1 0.471875 0.47890625 0.03984375 0.0484375
1 0.33046875 0.56796875 0.04296875 0.05078125
1 0.29375 0.60859375 0.05 0.0484375
1 0.2421875 0.6359375 0.04453125 0.05234375
1 0.38203125 0.48046875 0.0515625 0.05234375
1 0.4234375 0.51328125 0.03828125 0.0546875
1 0.38515625 0.54296875 0.0515625 0.0703125
1 0.51640625 0.509375 0.0484375 0.05859375
1 0.56796875 0.46875 0.04453125 0.05859375
1 0.61328125 0.5078125 0.0484375 0.0703125
1 0.66640625 0.4765625 0.0515625 0.0625
1 0.6625 0.5390625 0.0515625 0.06015625
1 0.6640625 0.603125 0.04140625 0.0640625
1 0.46875 0.54453125 0.053125 0.06640625
1 0.51328125 0.571875 0.0484375 0.06015625
1 0.56640625 0.53125 0.04453125 0.05859375
1 0.56796875 0.6046875 0.03125 0.04453125
1 0.61640625 0.6265625 0.0515625 0.06796875
1 0.3890625 0.6125 0.0484375 0.05234375
1 0.33359375 0.63828125 0.046875 0.05234375
1 0.240625 0.69296875 0.0515625 0.0546875
1 0.2390625 0.75703125 0.05 0.05859375
1 0.2390625 0.81484375 0.046875 0.0546875
1 0.2890625 0.73125 0.03984375 0.05234375
1 0.33203125 0.7 0.0546875 0.05859375
1 0.42890625 0.63984375 0.03828125 0.05234375
1 0.38671875 0.6671875 0.05 0.06796875
1 0.38515625 0.73515625 0.053125 0.0546875
1 0.43046875 0.70234375 0.03984375 0.04453125
1 0.475 0.6046875 0.04140625 0.0546875
1 0.51796875 0.63203125 0.0484375 0.05625
1 0.475 0.67109375 0.05 0.05625
1 0.51640625 0.696875 0.03359375 0.04296875
1 0.56796875 0.66171875 0.04453125 0.0546875
1 0.79765625 0.62421875 0.03828125 0.0484375
1 0.61640625 0.6890625 0.046875 0.05625
1 0.66796875 0.71796875 0.0484375 0.05234375
1 0.70625 0.69296875 0.0515625 0.06015625
1 0.75390625 0.7140625 0.046875 0.0625
1 0.79765625 0.73359375 0.05 0.0640625
1 0.85390625 0.77421875 0.05625 0.0640625
1 0.85546875 0.83671875 0.053125 0.0640625
1 0.85390625 0.90078125 0.0484375 0.06796875
1 0.2421875 0.8796875 0.046875 0.0640625
1 0.2859375 0.85390625 0.046875 0.046875
1 0.3359375 0.8171875 0.05 0.0546875
1 0.3890625 0.7921875 0.05625 0.06015625
1 0.43359375 0.7609375 0.046875 0.0625
1 0.475 0.72734375 0.0515625 0.06015625
1 0.521875 0.7546875 0.046875 0.040625
1 0.56796875 0.721875 0.04296875 0.06015625
1 0.61953125 0.7546875 0.0546875 0.0484375
1 0.67109375 0.78046875 0.03828125 0.0640625
1 0.7109375 0.746875 0.0484375 0.05625
1 0.7078125 0.8109375 0.0515625 0.06640625
1 0.7578125 0.7765625 0.04453125 0.06015625
1 0.80078125 0.8 0.0484375 0.0546875
1 0.7578125 0.83671875 0.03984375 0.05078125
1 0.80078125 0.86171875 0.053125 0.07421875
1 0.85703125 0.96484375 0.0515625 0.0640625
1 0.89765625 0.98359375 0.04453125 0.0328125
1 0.85703125 0.996875 0.053125 0.00546875
1 0.4765625 0.7921875 0.04296875 0.05625
1 0.56796875 0.784375 0.0484375 0.0640625
1 0.61484375 0.8109375 0.04296875 0.05078125
1 0.66796875 0.84453125 0.04453125 0.05234375
1 0.709375 0.87734375 0.05625 0.05234375
1 0.75390625 0.9140625 0.04140625 0.06015625
1 0.79765625 0.93203125 0.06015625 0.06640625
1 0.8015625 0.98125 0.0515625 0.03671875
1 0.71171875 0.9875 0.0515625 0.025
1 0.75859375 0.971875 0.0484375 0.05625
1 0.7125 0.9359375 0.05625 0.06796875
1 0.521875 0.82109375 0.04453125 0.05625
1 0.43046875 0.825 0.0484375 0.0546875
1 0.478125 0.8578125 0.05 0.07421875
1 0.56640625 0.85234375 0.05 0.0625
1 0.61640625 0.87578125 0.0515625 0.06796875
1 0.6640625 0.90859375 0.05 0.0703125
1 0.66796875 0.9703125 0.0484375 0.059375
1 0.61953125 0.98515625 0.04296875 0.02890625
1 0.57109375 0.91015625 0.046875 0.05234375
1 0.38359375 0.85234375 0.0484375 0.0625
1 0.24609375 0.99140625 0.046875 0.0171875
1 0.290625 0.91640625 0.053125 0.0625
1 0.29140625 0.9734375 0.06171875 0.05234375
1 0.3359375 0.88515625 0.05625 0.0484375
1 0.340625 0.9453125 0.0546875 0.06796875
1 0.39375 0.91015625 0.05 0.0640625
1 0.43203125 0.89140625 0.0484375 0.0625
1 0.4765625 0.91640625 0.046875 0.05234375
1 0.525 0.953125 0.0515625 0.0625
1 0.5171875 0.99140625 0.04453125 0.0171875
1 0.43359375 0.95703125 0.046875 0.0546875
1 0.38984375 0.97421875 0.0484375 0.0515625
1 0.33828125 0.99296875 0.04453125 0.01328125
1 0.43125 0.9953125 0.04453125 0.009375
1 0.61640625 0.94140625 0.046875 0.06015625