1 0.040625 0.040625 0.08125 0.08046875
1 0.0421875 0.1375 0.084375 0.14140625
1 0.1921875 0.040625 0.109375 0.08046875
1 0.4234375 0.01484375 0.096875 0.0296875
1 0.43125 0.06953125 0.103125 0.1046875
1 0.1953125 0.1453125 0.11875 0.12109375
1 0.284375 0.16328125 0.109375 0.1390625
1 0.353125 0.128125 0.078125 0.115625
1 0.0375 0.328125 0.0734375 0.10625
1 0.1078125 0.284375 0.109375 0.1171875
1 0.0421875 0.44609375 0.0828125 0.12109375
1 0.1953125 0.24921875 0.0953125 0.10859375
1 0.278125 0.275 0.1015625 0.12109375
1 0.3578125 0.2328125 0.0734375 0.0859375
1 0.4484375 0.27890625 0.1140625 0.10859375
1 0.3671875 0.328125 0.0921875 0.1171875
1 0.44375 0.3890625 0.109375 0.12109375
1 0.590625 0.29140625 0.0796875 0.08828125
1 0.6734375 0.2421875 0.103125 0.1140625
1 0.7640625 0.28046875 0.1015625 0.10078125
1 0.671875 0.1390625 0.1265625 0.1265625
1 0.765625 0.178125 0.115625 0.13203125
1 0.6765625 0.040625 0.1265625 0.08046875
1 0.775 0.05859375 0.1109375 0.11171875
1 0.8421875 0.03671875 0.0953125 0.0734375
1 0.9359375 0.2609375 0.0953125 0.11015625
1 0.9328125 0.3671875 0.0953125 0.11015625
1 0.853125 0.4328125 0.1 0.10078125
1 0.93125 0.4828125 0.0953125 0.1375
1 0.8578125 0.5453125 0.096875 0.125
1 0.8671875 0.66796875 0.115625 0.128125
1 0.9859375 0.78359375 0.028125 0.1140625
1 0.928125 0.8421875 0.1203125 0.13203125
1 0.9359375 0.9453125 0.109375 0.109375
1 0.69375 0.91171875 0.084375 0.09375
1 0.60625 0.4953125 0.0875 0.10859375
1 0.690625 0.5453125 0.109375 0.13046875
1 0.69375 0.67890625 0.11875 0.12265625
1 0.7875 0.72265625 0.10625 0.1484375
1 0.690625 0.79609375 0.1109375 0.125
1 0.4484375 0.50625 0.1015625 0.11171875
1 0.5203125 0.5375 0.08125 0.12109375
1 0.203125 0.4546875 0.090625 0.1171875
1 0.284375 0.51015625 0.1046875 0.13203125
1 0.115625 0.48984375 0.0953125 0.10078125
1 0.1140625 0.60390625 0.1234375 0.1390625
1 0.003125 0.6546875 0.0046875 0.1171875
1 0.046875 0.696875 0.0875 0.1359375
1 0.040625 0.821875 0.0796875 0.11953125
1 0.359375 0.675 0.109375 0.13203125
1 0.453125 0.746875 0.109375 0.11953125
1 0.5453125 0.79453125 0.10625 0.14296875
1 0.2953125 0.8546875 0.109375 0.1359375
1 0.365625 0.9390625 0.0953125 0.10859375
1 0.446875 0.86796875 0.1140625 0.1484375
1 0.54375 0.91953125 0.084375 0.11953125
1 0.5375 0.984375 0.103125 0.03125
1 0.37109375 0.996875 0.0921875 0.00546875
1 0.0375 0.93046875 0.075 0.096875
1 0.12265625 0.94921875 0.1203125 0.10078125
1 0.04140625 0.9875 0.0828125 0.025