1 0.21484375 0.98515625 0.0671875 0.0296875
1 0.35625 0.9859375 0.0875 0.028125
1 0.43359375 0.99765625 0.08984375 0.00390625
1 0.50859375 0.98203125 0.07421875 0.0359375
1 0.72109375 0.99765625 0.0671875 0.00390625
1 0.98046875 0.9921875 0.0390625 0.015625
1 0.928125 0.97734375 0.07578125 0.0453125
1 0.01640625 0.8703125 0.03203125 0.09296875
1 0.065625 0.91484375 0.0859375 0.096875
1 0.06953125 0.82734375 0.07265625 0.08125
1 0.13671875 0.87109375 0.07421875 0.1015625
1 0.21484375 0.91640625 0.0796875 0.09921875
1 0.2875 0.86328125 0.07578125 0.1015625
1 0.36171875 0.9109375 0.0828125 0.10703125
1 0.434375 0.92890625 0.07265625 0.096875
1 0.02265625 0.76953125 0.0453125 0.1109375
1 0.01015625 0.665625 0.0203125 0.08515625
1 0.07578125 0.7265625 0.0828125 0.09296875
1 0.13828125 0.76953125 0.0796875 0.103125
1 0.21484375 0.7140625 0.07265625 0.09296875
1 0.27734375 0.76796875 0.07734375 0.0875
1 0.34609375 0.8078125 0.07734375 0.1015625
1 0.42734375 0.846875 0.0828125 0.09921875
1 0.5046875 0.90078125 0.0875 0.09140625
1 0.58125 0.92265625 0.0859375 0.09921875
1 0.6484375 0.8984375 0.05546875 0.0578125
1 0.01484375 0.4890625 0.0296875 0.096875
1 0.0171875 0.57734375 0.03359375 0.0875
1 0.0609375 0.63671875 0.0828125 0.0953125
1 0.13671875 0.6765625 0.0859375 0.096875
1 0.065625 0.53359375 0.0796875 0.0953125
1 0.13671875 0.57734375 0.0875 0.1171875
1 0.209375 0.62265625 0.0828125 0.096875
1 0.28515625 0.6703125 0.0859375 0.1109375
1 0.3515625 0.70625 0.0828125 0.09921875
1 0.41875 0.75 0.07421875 0.09296875
1 0.5015625 0.809375 0.07578125 0.07734375
1 0.5828125 0.8390625 0.06953125 0.08515625
1 0.5796875 0.74609375 0.07734375 0.09921875
1 0.503125 0.7125 0.07578125 0.09921875
1 0.42734375 0.653125 0.07265625 0.0890625
1 0.3578125 0.60703125 0.07734375 0.096875
1 0.28515625 0.5671875 0.09140625 0.0953125
1 0.21796875 0.521875 0.08984375 0.10703125
1 0.13203125 0.478125 0.0859375 0.10546875
1 0.0625 0.42265625 0.09296875 0.10703125
1 0.0140625 0.38046875 0.028125 0.1140625
1 0.02109375 0.29296875 0.0421875 0.096875
1 0.059375 0.23203125 0.0796875 0.09296875
1 0.065625 0.32109375 0.084375 0.0953125
1 0.128125 0.37734375 0.0796875 0.09296875
1 0.2078125 0.42265625 0.0875 0.0953125
1 0.27890625 0.471875 0.09140625 0.103125
1 0.36015625 0.528125 0.08984375 0.09140625
1 0.43046875 0.56953125 0.08984375 0.09921875
1 0.4984375 0.609375 0.0796875 0.096875
1 0.57109375 0.565625 0.0609375 0.07109375
1 0.5828125 0.65078125 0.0828125 0.096875
1 0.50703125 0.51171875 0.07109375 0.0875
1 0.57265625 0.46015625 0.07578125 0.10703125
1 0.4359375 0.46796875 0.07734375 0.10703125
1 0.36171875 0.4265625 0.0875 0.109375
1 0.4203125 0.375 0.06953125 0.0671875
1 0.28046875 0.37265625 0.08125 0.1015625
1 0.209375 0.31953125 0.07578125 0.10703125
1 0.13515625 0.2859375 0.08984375 0.10546875
1 0.01484375 0.08671875 0.0296875 0.1140625
1 0.01640625 0.19140625 0.03203125 0.096875
1 0.0625 0.13671875 0.09609375 0.1171875
1 0.13359375 0.184375 0.08984375 0.10546875
1 0.05078125 0.0421875 0.0828125 0.084375
1 0.13359375 0.06953125 0.09609375 0.1109375
1 0.2078125 0.228125 0.09609375 0.1171875
1 0.2078125 0.13125 0.08984375 0.103125
1 0.2046875 0.04375 0.09140625 0.0875
1 0.9390625 0.89296875 0.0859375 0.10546875
1 0.98359375 0.84296875 0.03203125 0.11875
1 0.6484375 0.7953125 0.0796875 0.09140625
1 0.71484375 0.846875 0.0828125 0.09296875
1 0.7890625 0.890625 0.0796875 0.0796875
1 0.86328125 0.8375 0.0796875 0.0875
1 0.9359375 0.78359375 0.08125 0.1015625
1 0.98046875 0.73828125 0.0390625 0.11484375
1 0.98203125 0.63671875 0.03515625 0.103125
1 0.6421875 0.70859375 0.07734375 0.096875
1 0.7109375 0.74765625 0.07265625 0.0875
1 0.78359375 0.7953125 0.0796875 0.10703125
1 0.8578125 0.7421875 0.0828125 0.109375
1 0.92734375 0.684375 0.08125 0.0953125
1 0.9328125 0.6015625 0.0796875 0.09921875
1 0.98203125 0.54453125 0.03515625 0.1015625
1 0.7921875 0.70078125 0.07265625 0.096875
1 0.85625 0.64453125 0.06953125 0.0953125
1 0.7890625 0.61484375 0.0875 0.0890625
1 0.7109375 0.6609375 0.07734375 0.09296875
1 0.6453125 0.6171875 0.07578125 0.0890625
1 0.63984375 0.4203125 0.07421875 0.09140625
1 0.70625 0.47421875 0.07265625 0.0953125
1 0.64375 0.51796875 0.0796875 0.1015625
1 0.7125 0.56328125 0.09296875 0.09140625
1 0.7875 0.41484375 0.0859375 0.096875
1 0.7875 0.515625 0.084375 0.1015625
1 0.8578125 0.54921875 0.07578125 0.09921875
1 0.9375 0.50390625 0.07421875 0.09921875
1 0.98515625 0.4484375 0.0296875 0.10625
1 0.86640625 0.45859375 0.09296875 0.0953125
1 0.93046875 0.4046875 0.07265625 0.0953125
1 0.28359375 0.2734375 0.07421875 0.096875
1 0.28046875 0.18046875 0.07421875 0.09921875
1 0.28203125 0.08125 0.07734375 0.1109375
1 0.2703125 0.0140625 0.07734375 0.028125
1 0.34765625 0.03828125 0.0796875 0.0765625
1 0.41640625 0.009375 0.0828125 0.01875
1 0.35625 0.3234375 0.07734375 0.08515625
1 0.353125 0.2203125 0.0875 0.1171875
1 0.3515625 0.12734375 0.0828125 0.0875
1 0.42890625 0.08515625 0.07265625 0.096875
1 0.42578125 0.17890625 0.0796875 0.09296875
1 0.42734375 0.28203125 0.07734375 0.1015625
1 0.49296875 0.33359375 0.0828125 0.10546875
1 0.565625 0.36875 0.07421875 0.08515625
1 0.57109375 0.2796875 0.07578125 0.09296875
1 0.49140625 0.2265625 0.07734375 0.09140625
1 0.4984375 0.13125 0.084375 0.0953125
1 0.4984375 0.04453125 0.07421875 0.0890625
1 0.5625 0.01328125 0.0671875 0.02578125
1 0.565625 0.0796875 0.07578125 0.0890625
1 0.5640625 0.18046875 0.0859375 0.09921875
1 0.63984375 0.33125 0.084375 0.1015625
1 0.6453125 0.221875 0.0828125 0.0875
1 0.6453125 0.13671875 0.0796875 0.0890625
1 0.64140625 0.046875 0.103125 0.09296875
1 0.7109375 0.375 0.07421875 0.08125
1 0.71640625 0.265625 0.07109375 0.09921875
1 0.77890625 0.30390625 0.08125 0.103125
1 0.86015625 0.36328125 0.09140625 0.08515625
1 0.93046875 0.309375 0.07734375 0.096875
1 0.97890625 0.36171875 0.0421875 0.09296875
1 0.98046875 0.25625 0.0390625 0.09921875
1 0.71484375 0.17421875 0.08125 0.0953125
1 0.70625 0.065625 0.084375 0.109375
1 0.7875 0.21640625 0.0796875 0.09140625
1 0.85625 0.25625 0.0859375 0.096875
1 0.92890625 0.21640625 0.07734375 0.09140625
1 0.98046875 0.15703125 0.0390625 0.09921875
1 0.97890625 0.05703125 0.0421875 0.1140625
1 0.92578125 0.02890625 0.0875 0.0578125
1 0.93046875 0.10703125 0.07734375 0.1109375
1 0.77890625 0.03671875 0.08125 0.0734375
1 0.78046875 0.1171875 0.07734375 0.0890625
1 0.8578125 0.16640625 0.0859375 0.0796875
1 0.85625 0.06171875 0.0859375 0.09921875