1 0.1203125 0.6609375 0.19609375 0.21953125
1 0.1390625 0.02421875 0.1921875 0.0484375
1 0.38828125 0.30234375 0.16171875 0.18515625
1 0.49140625 0.56875 0.1859375 0.19765625
1 0.04453125 0.89921875 0.0890625 0.2015625
1 0.39375 0.834375 0.14921875 0.16953125
1 0.3859375 0.02421875 0.2078125 0.0484375
1 0.7625 0.603125 0.17890625 0.1953125
1 0.9 0.1171875 0.19921875 0.2015625
1 0.66484375 0.48203125 0.1921875 0.20546875
1 0.87109375 0.33046875 0.1546875 0.18125
1 0.89375 0.4859375 0.1546875 0.16953125
1 0.51796875 0.90546875 0.1953125 0.1890625
1 0.7609375 0.38515625 0.12578125 0.20390625
1 0.95859375 0.6046875 0.0828125 0.153125
1 0.97265625 0.775 0.0546875 0.159375
1 0.3484375 0.95234375 0.14453125 0.09453125
1 0.02890625 0.0484375 0.0578125 0.09375
1 0.9671875 0.3953125 0.065625 0.18125
1 0.121875 0.959375 0.1546875 0.08046875