1 0.89609375 0.98359375 0.059375 0.0328125
1 0.98671875 0.95546875 0.02578125 0.05
1 0.89609375 0.93046875 0.0578125 0.07890625
1 0.89609375 0.8734375 0.06328125 0.06953125
1 0.98828125 0.8109375 0.0234375 0.04375
1 0.89765625 0.73828125 0.06171875 0.06796875
1 0.984375 0.67265625 0.03125 0.0609375
1 0.984375 0.53046875 0.03125 0.065625
1 0.984375 0.38671875 0.03125 0.07890625
1 0.984375 0.3046875 0.03125 0.09375
1 0.9890625 0.190625 0.021875 0.078125
1 0.98828125 0.1234375 0.0234375 0.075
1 0.98984375 0.05 0.0203125 0.07890625
1 0.959375 0.02734375 0.05546875 0.0546875
1 0.91484375 0.04765625 0.0671875 0.06953125
1 0.86796875 0.34296875 0.05546875 0.0609375
1 0.89765625 0.3015625 0.0484375 0.065625
1 0.9515625 0.28828125 0.059375 0.071875
1 0.9125 0.253125 0.06875 0.08046875
1 0.959375 0.22734375 0.05390625 0.071875
1 0.9203125 0.1875 0.05546875 0.06796875
1 0.8640625 0.159375 0.06328125 0.0828125
1 0.9125 0.115625 0.05390625 0.06953125
1 0.85859375 0.0828125 0.0703125 0.0875
1 0.45703125 0.7578125 0.05546875 0.071875
1 0.4984375 0.725 0.0703125 0.07890625
1 0.5015625 0.653125 0.059375 0.06328125
1 0.5015625 0.58515625 0.0671875 0.07421875
1 0.5578125 0.55703125 0.07265625 0.0828125
1 0.1625 0.9890625 0.06875 0.021875
1 0.12109375 0.96484375 0.06484375 0.06953125
1 0.06875 0.94765625 0.05234375 0.06328125
1 0.21015625 0.9828125 0.0578125 0.034375
1 0.196875 0.934375 0.0703125 0.06796875
1 0.10625 0.86015625 0.059375 0.07421875
1 0.1484375 0.89765625 0.059375 0.07890625
1 0.2546875 0.96484375 0.05234375 0.05859375
1 0.303125 0.984375 0.05234375 0.03046875
1 0.353125 0.9625 0.05546875 0.05703125
1 0.40234375 0.9828125 0.0578125 0.034375
1 0.45390625 0.96484375 0.05390625 0.0546875
1 0.45703125 0.90625 0.05546875 0.065625
1 0.5015625 0.928125 0.0484375 0.0546875
1 0.55 0.9625 0.059375 0.07421875
1 0.60234375 0.98359375 0.05546875 0.0328125
1 0.6515625 0.96953125 0.0578125 0.0609375
1 0.70078125 0.94140625 0.05390625 0.0609375
1 0.746875 0.90390625 0.05546875 0.071875
1 0.79921875 0.94296875 0.06171875 0.065625
1 0.803125 0.87578125 0.06484375 0.08046875
1 0.2546875 0.89921875 0.05390625 0.05
1 0.21171875 0.86015625 0.06875 0.07421875
1 0.3046875 0.86484375 0.05546875 0.0609375
1 0.26015625 0.82734375 0.0578125 0.07421875
1 0.1578125 0.82734375 0.06875 0.06796875
1 0.2078125 0.79453125 0.06328125 0.06953125
1 0.26015625 0.76171875 0.0578125 0.06796875
1 0.15625 0.7578125 0.05390625 0.0609375
1 0.2078125 0.72890625 0.059375 0.0609375
1 0.2546875 0.68984375 0.0578125 0.06796875
1 0.30703125 0.72265625 0.05234375 0.06328125
1 0.35703125 0.7640625 0.05 0.05859375
1 0.4109375 0.73125 0.05390625 0.06796875
1 0.3609375 0.6921875 0.06484375 0.08046875
1 0.30859375 0.6546875 0.06171875 0.08046875
1 0.06328125 0.7578125 0.05 0.05703125
1 0.10625 0.71640625 0.0578125 0.05859375
1 0.1578125 0.68359375 0.0671875 0.0609375
1 0.1578125 0.615625 0.05234375 0.06796875
1 0.2140625 0.6546875 0.06171875 0.06796875
1 0.25859375 0.61796875 0.0484375 0.06328125
1 0.20625 0.58515625 0.05390625 0.06796875
1 0.30859375 0.5828125 0.059375 0.065625
1 0.35859375 0.615625 0.0484375 0.06796875
1 0.4109375 0.58515625 0.06171875 0.07890625
1 0.10625 0.5765625 0.04609375 0.0390625
1 0.059375 0.5375 0.05 0.05234375
1 0.109375 0.50859375 0.05234375 0.0765625
1 0.16015625 0.4734375 0.05234375 0.05234375
1 0.1484375 0.40625 0.040625 0.05234375
1 0.2078125 0.5109375 0.0703125 0.08046875
1 0.26015625 0.54765625 0.0578125 0.07421875
1 0.31015625 0.521875 0.06484375 0.07421875
1 0.3625 0.55 0.06328125 0.07421875
1 0.265625 0.47578125 0.059375 0.06796875
1 0.2140625 0.4453125 0.06328125 0.06953125
1 0.3640625 0.48046875 0.06171875 0.06953125
1 0.3140625 0.45 0.059375 0.065625
1 0.3625 0.4125 0.06328125 0.07421875
1 0.559375 0.76640625 0.0578125 0.071875
1 0.60390625 0.73359375 0.0484375 0.0609375
1 0.60234375 0.6640625 0.05 0.07421875
1 0.65078125 0.70078125 0.059375 0.06796875
1 0.65625 0.62890625 0.06328125 0.06328125
1 0.70625 0.665625 0.0578125 0.08046875
1 0.2640625 0.40625 0.05234375 0.05859375
1 0.80078125 0.803125 0.06328125 0.06953125
1 0.65078125 0.90390625 0.059375 0.06953125
1 0.70078125 0.8734375 0.0578125 0.08515625
1 0.6484375 0.834375 0.06484375 0.06953125
1 0.6484375 0.7640625 0.05546875 0.07890625
1 0.7046875 0.79453125 0.0484375 0.0765625
1 0.7546875 0.76640625 0.05234375 0.07890625
1 0.803125 0.73125 0.0484375 0.05234375
1 0.803125 0.6640625 0.04296875 0.0546875
1 0.9 0.5984375 0.0375 0.04375
1 0.80859375 0.60234375 0.05 0.0609375
1 0.85703125 0.5609375 0.0484375 0.071875
1 0.9015625 0.521875 0.05390625 0.071875
1 0.7546875 0.565625 0.0703125 0.07890625
1 0.80859375 0.5265625 0.0671875 0.07890625
1 0.70234375 0.5265625 0.0578125 0.06796875
1 0.7546875 0.49375 0.06875 0.08046875
1 0.80859375 0.45234375 0.0484375 0.0609375
1 0.8546875 0.428125 0.0578125 0.08046875
1 0.70234375 0.45 0.06875 0.0828125
1 0.76015625 0.41484375 0.0671875 0.0875
1 0.80703125 0.38203125 0.05546875 0.08515625
1 0.6078125 0.44765625 0.04453125 0.05
1 0.65390625 0.4171875 0.06484375 0.0828125
1 0.7078125 0.38671875 0.059375 0.071875
1 0.65390625 0.346875 0.0578125 0.07421875
1 0.71171875 0.31015625 0.07265625 0.09375
1 0.55234375 0.4171875 0.05234375 0.06796875
1 0.60234375 0.38828125 0.05546875 0.0765625
1 0.5578125 0.340625 0.06875 0.06328125
1 0.5578125 0.27734375 0.0578125 0.05859375
1 0.61171875 0.31015625 0.059375 0.07890625
1 0.6484375 0.275 0.06875 0.071875
1 0.65234375 0.21640625 0.06171875 0.0609375
1 0.56484375 0.2203125 0.059375 0.06953125
1 0.4125 0.3796875 0.040625 0.04765625
1 0.4625 0.34296875 0.06171875 0.065625
1 0.50390625 0.3125 0.0484375 0.0609375
1 0.765625 0.28359375 0.04453125 0.05703125
1 0.81015625 0.3015625 0.04453125 0.065625
1 0.81015625 0.25546875 0.05546875 0.05234375
1 0.76015625 0.22265625 0.06875 0.065625
1 0.75859375 0.15703125 0.059375 0.06953125
1 0.80703125 0.1203125 0.0578125 0.07890625
1 0.75625 0.0875 0.059375 0.08046875
1 0.65234375 0.15078125 0.0671875 0.06796875
1 0.71015625 0.11328125 0.059375 0.071875
1 0.6078125 0.115625 0.06484375 0.065625
1 0.615625 0.04375 0.05546875 0.06328125
1 0.66171875 0.02421875 0.05546875 0.04765625
1 0.56875 0.021875 0.05546875 0.04375
1 0.475 0.025 0.07265625 0.05
1 0.46484375 0.06953125 0.06875 0.06328125
1 0.46640625 0.12890625 0.0484375 0.05703125
1 0.51640625 0.18359375 0.0578125 0.05703125
1 0.4625 0.2796875 0.0578125 0.06796875
1 0.4625 0.21171875 0.0671875 0.06328125
1 0.41484375 0.31015625 0.05546875 0.071875
1 0.41484375 0.23984375 0.06328125 0.07421875
1 0.3640625 0.3453125 0.06328125 0.06953125
1 0.3609375 0.2796875 0.05546875 0.05859375
1 0.3125 0.246875 0.0390625 0.05234375
1 0.3609375 0.209375 0.06875 0.07890625
1 0.3640625 0.13984375 0.0578125 0.05234375
1 0.40859375 0.115625 0.0484375 0.0609375
1 0.3140625 0.10703125 0.059375 0.06796875
1 0.36953125 0.07421875 0.0671875 0.07421875
1 0.3640625 0.01875 0.0703125 0.0375
1 0.26875 0.02109375 0.0578125 0.04140625
1 0.30859375 0.3734375 0.05546875 0.0828125
1 0.21015625 0.37109375 0.06484375 0.05859375
1 0.2640625 0.340625 0.0578125 0.07890625
1 0.06484375 0.3359375 0.06328125 0.06328125
1 0.11328125 0.30546875 0.05390625 0.04609375
1 0.165625 0.32734375 0.05546875 0.06328125
1 0.2171875 0.3015625 0.059375 0.071875
1 0.16171875 0.27265625 0.06328125 0.0546875
1 0.2140625 0.23359375 0.05390625 0.0609375
1 0.26171875 0.22265625 0.059375 0.05703125
1 0.1671875 0.21171875 0.05390625 0.0546875
1 0.2171875 0.17890625 0.05390625 0.0609375
1 0.215625 0.10703125 0.06484375 0.0765625
1 0.06875 0.1421875 0.06171875 0.0609375
1 0.06875 0.06796875 0.06484375 0.07421875
1 0.071875 0.0109375 0.04609375 0.021875
1 0.12109375 0.11328125 0.04609375 0.0546875
1 0.1234375 0.034375 0.05625 0.06875
1 0.1703125 0.0109375 0.0578125 0.021875
1 0.165625 0.06796875 0.05546875 0.08984375