1 0.4 0.3359375 0.153125 0.1796875
1 0.1953125 0.31953125 0.10625 0.1484375
1 0.0734375 0.421875 0.1359375 0.18203125
1 0.08125 0.115625 0.1109375 0.15390625
1 0.2890625 0.1171875 0.128125 0.1671875
1 0.4984375 0.240625 0.1046875 0.14296875
1 0.6078125 0.3484375 0.10625 0.16328125
1 0.7234375 0.41640625 0.13125 0.17265625
1 0.8328125 0.63125 0.1171875 0.1703125
1 0.503125 0.72109375 0.1171875 0.16171875
1 0.3140625 0.715625 0.1390625 0.16484375
1 0.009375 0.6296875 0.0171875 0.15078125
1 0.62421875 0.9203125 0.1328125 0.159375
1 0.078125 0.71171875 0.1296875 0.16875
1 0.2046875 0.79296875 0.1265625 0.17578125
1 0.321875 0.8828125 0.125 0.15390625
1 0.20859375 0.934375 0.1203125 0.13125
1 0.09375 0.8859375 0.121875 0.15625
1 0.990625 0.62578125 0.01875 0.16328125
1 0.934375 0.4109375 0.128125 0.15234375
1 0.9921875 0.4546875 0.0140625 0.16328125
1 0.9375 0.24609375 0.1203125 0.15390625
1 0.8265625 0.18515625 0.115625 0.1703125
1 0.7140625 0.115625 0.1203125 0.16171875
1 0.5953125 0.06640625 0.1328125 0.13046875
1 0.9328125 0.9546875 0.134375 0.08984375
1 0.02109375 0.93828125 0.0421875 0.12265625
1 0.50234375 0.9640625 0.1296875 0.071875
1 0.503125 0.4203125 0.1046875 0.13203125
1 0.409375 0.4953125 0.109375 0.1171875
1 0.015625 0.17578125 0.0296875 0.159375
1 0.8234375 0.0515625 0.1328125 0.10078125
1 0.9921875 0.040625 0.0140625 0.08046875