1 0.9921875 0.0875 0.01484375 0.084375
1 0.98671875 0.02109375 0.0265625 0.0421875
1 0.8796875 0.08828125 0.0984375 0.11796875
1 0.9890625 0.48125 0.021875 0.1234375
1 0.95546875 0.33984375 0.08828125 0.11171875
1 0.94296875 0.221875 0.08828125 0.11171875
1 0.875 0.38046875 0.0984375 0.10234375
1 0.86484375 0.284375 0.09140625 0.1078125
1 0.86796875 0.2078125 0.05859375 0.05859375
1 0.725 0.10625 0.08203125 0.08828125
1 0.63828125 0.14921875 0.08203125 0.1078125
1 0.796875 0.23515625 0.08359375 0.09765625
1 0.8015625 0.34296875 0.0796875 0.09609375
1 0.58046875 0.03671875 0.1234375 0.0734375
1 0.5046875 0.0625 0.08515625 0.09765625
1 0.51640625 0.15703125 0.0984375 0.08203125
1 0.5265625 0.3375 0.11171875 0.121875
1 0.6046875 0.29609375 0.0953125 0.1
1 0.53515625 0.22734375 0.0953125 0.0703125
1 0.3734375 0.23359375 0.11015625 0.115625
1 0.378125 0.3546875 0.11484375 0.1140625
1 0.371875 0.06484375 0.103125 0.11171875
1 0.296875 0.11171875 0.11328125 0.1078125
1 0.225 0.01015625 0.0765625 0.01953125
1 0.02421875 0.034375 0.0484375 0.06875
1 0.02578125 0.1203125 0.0515625 0.084375
1 0.0765625 0.06484375 0.06796875 0.10390625
1 0.225 0.23125 0.11796875 0.1078125
1 0.09140625 0.2453125 0.09296875 0.10390625
1 0.15 0.11171875 0.096875 0.10234375
1 0.21484375 0.1453125 0.06171875 0.08046875
1 0.0328125 0.29296875 0.06484375 0.10390625
1 0.03203125 0.4109375 0.06328125 0.11953125
1 0.025 0.6078125 0.05 0.09765625
1 0.23203125 0.3453125 0.08828125 0.0921875
1 0.153125 0.38984375 0.08671875 0.10390625
1 0.45703125 0.49765625 0.11015625 0.121875
1 0.821875 0.5296875 0.11796875 0.1078125
1 0.725 0.4921875 0.08515625 0.09765625
1 0.6515625 0.54140625 0.09296875 0.10625
1 0.73984375 0.60390625 0.1046875 0.09765625
1 0.721875 0.19609375 0.096875 0.0921875
1 0.878125 0.79375 0.08828125 0.09609375
1 0.80859375 0.84140625 0.0984375 0.09375
1 0.81484375 0.73359375 0.08515625 0.10625
1 0.66484375 0.746875 0.103125 0.1078125
1 0.65 0.65078125 0.08984375 0.09609375
1 0.51640625 0.64296875 0.11015625 0.11953125
1 0.5765625 0.57421875 0.08515625 0.11015625
1 0.53515625 0.7625 0.08984375 0.0921875
1 0.2953125 0.69609375 0.08671875 0.10390625
1 0.375 0.76640625 0.10703125 0.08828125
1 0.378125 0.6453125 0.09296875 0.11796875
1 0.4515625 0.72578125 0.0953125 0.08984375
1 0.3 0.5859375 0.08828125 0.1
1 0.171875 0.61171875 0.0984375 0.10390625
1 0.16328125 0.8078125 0.08515625 0.0921875
1 0.3 0.48828125 0.1 0.1140625
1 0.1546875 0.51171875 0.1234375 0.0921875
1 0.23359375 0.4453125 0.078125 0.10234375
1 0.23359375 0.86484375 0.08671875 0.1234375
1 0.38203125 0.94765625 0.10703125 0.10390625
1 0.3 0.90234375 0.096875 0.0921875
1 0.60859375 0.89609375 0.08515625 0.1078125
1 0.6765625 0.94921875 0.115625 0.1015625
1 0.53046875 0.94375 0.0984375 0.11171875
1 0.7453125 0.97265625 0.08984375 0.0546875
1 0.95625 0.98359375 0.0875 0.0328125
1 0.60234375 0.9953125 0.0921875 0.009375
1 0.2921875 0.97421875 0.08828125 0.05078125
1 0.08203125 0.5609375 0.0734375 0.121875
1 0.078125 0.44921875 0.06015625 0.1140625
1 0.9921875 0.6859375 0.01484375 0.07421875
1 0.1703125 0.90625 0.08203125 0.08203125