1 0.6 0.159375 0.0734375 0.0953125
1 0.596875 0.06796875 0.0703125 0.096875
1 0.5921875 0.009375 0.0796875 0.01796875
1 0.465625 0.0125 0.0953125 0.02421875
1 0.340625 0.0109375 0.075 0.0203125
1 0.4046875 0.0296875 0.078125 0.05703125
1 0.40625 0.103125 0.0703125 0.084375
1 0.07109375 0.00703125 0.0859375 0.0140625
1 0.146875 0.03125 0.078125 0.0625
1 0.075 0.0546875 0.075 0.084375
1 0.01875 0.10625 0.0375 0.08046875
1 0.084375 0.1578125 0.06875 0.08828125
1 0.146875 0.103125 0.0765625 0.096875
1 0.209375 0.15078125 0.08125 0.103125
1 0.2734375 0.18515625 0.0765625 0.0953125
1 0.34375 0.146875 0.06875 0.09375
1 0.40625 0.20703125 0.08125 0.08828125
1 0.4703125 0.24765625 0.071875 0.08828125
1 0.0296875 0.19453125 0.059375 0.103125
1 0.0390625 0.284375 0.0765625 0.09921875
1 0.0359375 0.3875 0.071875 0.115625
1 0.0859375 0.24609375 0.075 0.0953125
1 0.0921875 0.3359375 0.078125 0.103125
1 0.146875 0.28828125 0.075 0.096875
1 0.153125 0.1984375 0.0796875 0.0953125
1 0.2140625 0.24921875 0.0765625 0.07890625
1 0.215625 0.3359375 0.0765625 0.0859375
1 0.2859375 0.2828125 0.06875 0.0953125
1 0.34375 0.2515625 0.078125 0.084375
1 0.34375 0.328125 0.071875 0.0828125
1 0.4109375 0.28984375 0.0640625 0.0828125
1 0.4703125 0.33203125 0.0640625 0.0828125
1 0.4125 0.3796875 0.0828125 0.08984375
1 0.4765625 0.42421875 0.06875 0.08828125
1 0.5484375 0.36875 0.059375 0.0828125
1 0.5421875 0.46640625 0.0703125 0.0859375
1 0.60625 0.4203125 0.0546875 0.06640625
1 0.1484375 0.3875 0.084375 0.084375
1 0.0875 0.42734375 0.0671875 0.075
1 0.1546875 0.475 0.0953125 0.09921875
1 0.2171875 0.42578125 0.090625 0.09921875
1 0.2796875 0.378125 0.0796875 0.09375
1 0.3390625 0.42734375 0.0890625 0.08984375
1 0.409375 0.46953125 0.0859375 0.09921875
1 0.3390625 0.51171875 0.075 0.08046875
1 0.0875 0.50078125 0.0734375 0.07890625
1 0.0265625 0.56328125 0.053125 0.1375
1 0.0875 0.5890625 0.08125 0.10859375
1 0.1625 0.55234375 0.090625 0.08828125
1 0.159375 0.64609375 0.0828125 0.10625
1 0.228125 0.5890625 0.084375 0.1046875
1 0.2921875 0.56171875 0.06875 0.07734375
1 0.3609375 0.58203125 0.084375 0.0953125
1 0.409375 0.64765625 0.075 0.0859375
1 0.484375 0.68828125 0.071875 0.084375
1 0.6109375 0.76484375 0.0640625 0.075
1 0.29375 0.63671875 0.08125 0.07734375
1 0.2265625 0.68046875 0.08125 0.08828125
1 0.1671875 0.73203125 0.071875 0.075
1 0.2953125 0.73046875 0.0703125 0.084375
1 0.346875 0.67890625 0.06875 0.0859375
1 0.35 0.76875 0.0828125 0.09140625
1 0.23125 0.778125 0.0859375 0.09921875
1 0.1625 0.8203125 0.0953125 0.09921875
1 0.234375 0.86953125 0.0828125 0.08828125
1 0.1828125 0.896875 0.06875 0.06953125
1 0.159375 0.928125 0.065625 0.084375
1 0.165625 0.98203125 0.078125 0.0359375
1 0.478125 0.78515625 0.0703125 0.0859375
1 0.546875 0.821875 0.0828125 0.09375
1 0.60625 0.86796875 0.05 0.06796875
1 0.61171875 0.953125 0.0734375 0.09375
1 0.4140625 0.82578125 0.0765625 0.0859375
1 0.2859375 0.81796875 0.0828125 0.10078125
1 0.359375 0.8625 0.0828125 0.0953125
1 0.4109375 0.91171875 0.0859375 0.08984375
1 0.3546875 0.953125 0.109375 0.09375
1 0.4765625 0.86640625 0.0765625 0.09375
1 0.48125 0.9546875 0.09375 0.08984375
1 0.5515625 0.93046875 0.0609375 0.06953125
1 0.54765625 0.975 0.0734375 0.04921875
1 0.0328125 0.7265625 0.0640625 0.1046875
1 0.034375 0.82578125 0.06875 0.09921875
1 0.0390625 0.915625 0.0765625 0.096875
1 0.0421875 0.9796875 0.084375 0.03828125
1 0.1 0.95 0.0875 0.1
1 0.8015625 0.90625 0.0625 0.0515625
1 0.8828125 0.96484375 0.0625 0.0625
1 0.93671875 0.97890625 0.0734375 0.0421875
1 0.9375 0.915625 0.046875 0.05703125
1 0.984375 0.95625 0.0296875 0.08046875
1 0.9796875 0.86796875 0.040625 0.06953125
1 0.7953125 0.6546875 0.0640625 0.0734375
1 0.8015625 0.74296875 0.04375 0.04609375
1 0.871875 0.778125 0.0640625 0.0953125
1 0.934375 0.82421875 0.0765625 0.0953125
1 0.865625 0.6953125 0.0734375 0.08046875
1 0.940625 0.73203125 0.08125 0.0953125
1 0.984375 0.778125 0.03125 0.09140625
1 0.9859375 0.6828125 0.0265625 0.0859375
1 0.9328125 0.64765625 0.078125 0.08046875
1 0.8625 0.6015625 0.0734375 0.08046875
1 0.790625 0.03671875 0.05625 0.05703125
1 0.9828125 0.0734375 0.0328125 0.0609375
1 0.8703125 0.08046875 0.059375 0.0734375
1 0.928125 0.12109375 0.0703125 0.0734375
1 0.865625 0.1703125 0.06875 0.07890625
1 0.9296875 0.20703125 0.0671875 0.0734375
1 0.8015625 0.209375 0.065625 0.07890625
1 0.7921875 0.30078125 0.0625 0.06953125
1 0.790625 0.38515625 0.0671875 0.0859375
1 0.8 0.47734375 0.078125 0.0859375
1 0.871875 0.528125 0.0625 0.06953125
1 0.9359375 0.5578125 0.071875 0.084375
1 0.8671875 0.2609375 0.071875 0.084375
1 0.93125 0.29140625 0.0765625 0.09140625
1 0.865625 0.35078125 0.075 0.08984375
1 0.9375 0.38203125 0.078125 0.08046875
1 0.865625 0.43828125 0.0703125 0.0859375
1 0.9296875 0.4734375 0.06875 0.08984375
1 0.984375 0.16328125 0.03125 0.06640625
1 0.984375 0.24921875 0.03125 0.0640625
1 0.9796875 0.60546875 0.0390625 0.09140625
1 0.9796875 0.51953125 0.040625 0.084375
1 0.9796875 0.4296875 0.040625 0.096875
1 0.9828125 0.3375 0.034375 0.09921875