1 0.63828125 0.01171875 0.0421875 0.02265625
1 0.603125 0.021875 0.0421875 0.04375
1 0.56328125 0.00859375 0.0375 0.01640625
1 0.53359375 0.021875 0.0421875 0.04375
1 0.57109375 0.04609375 0.04453125 0.05390625
1 0.53203125 0.06484375 0.040625 0.05234375
1 0.5015625 0.03984375 0.03359375 0.05
1 0.47890625 0.0625 0.0375 0.04609375
1 0.475 0.1 0.03203125 0.05
1 0.50390625 0.08515625 0.03515625 0.05234375
1 0.4984375 0.12734375 0.04453125 0.04765625
1 0.475 0.1875 0.03359375 0.05234375
1 0.5015625 0.1625 0.0390625 0.0625
1 0.53515625 0.14375 0.04609375 0.05859375
1 0.57109375 0.0875 0.04765625 0.04765625
1 0.56953125 0.125 0.040625 0.04765625
1 0.56171875 0.16484375 0.0375 0.05859375
1 0.59765625 0.19375 0.040625 0.04609375
1 0.59375 0.14609375 0.0390625 0.04375
1 0.6328125 0.04765625 0.0515625 0.06015625
1 0.62734375 0.08984375 0.04765625 0.05234375
1 0.59921875 0.1125 0.040625 0.05390625
1 0.66484375 0.05234375 0.0421875 0.0625
1 0.69140625 0.125 0.05 0.05
1 0.73046875 0.025 0.040625 0.04765625
1 0.696875 0.0375 0.0421875 0.04765625
1 0.6984375 0.07890625 0.0390625 0.05234375
1 0.73203125 0.06640625 0.0515625 0.04765625
1 0.72890625 0.10390625 0.04765625 0.05390625
1 0.72890625 0.14765625 0.0515625 0.04765625
1 0.7609375 0.125 0.04609375 0.05625
1 0.75546875 0.08359375 0.0390625 0.04140625
1 0.8296875 0.04140625 0.03046875 0.03515625
1 0.7921875 0.06484375 0.0421875 0.04609375
1 0.7890625 0.10625 0.0390625 0.04609375
1 0.82265625 0.1375 0.0421875 0.04609375
1 0.82265625 0.08984375 0.04609375 0.04765625
1 0.94765625 0.015625 0.04765625 0.03125
1 0.8578125 0.06875 0.0421875 0.05625
1 0.88828125 0.08359375 0.05859375 0.05859375
1 0.98359375 0.02421875 0.0328125 0.0453125
1 0.9828125 0.06953125 0.03359375 0.05234375
1 0.946875 0.05234375 0.04765625 0.04765625
1 0.95234375 0.0875 0.0421875 0.04375
1 0.98359375 0.10625 0.0328125 0.03125
1 0.9828125 0.14765625 0.03359375 0.04609375
1 0.95234375 0.12265625 0.0421875 0.0375
1 0.88828125 0.13125 0.04609375 0.04140625
1 0.91640625 0.10859375 0.0375 0.03984375
1 0.91875 0.14609375 0.0390625 0.05234375
1 0.8828125 0.17109375 0.0390625 0.04765625
1 0.8828125 0.21640625 0.0375 0.04609375
1 0.9953125 0.27109375 0.00859375 0.05859375
1 0.98046875 0.24140625 0.0390625 0.05859375
1 0.9796875 0.19140625 0.040625 0.05390625
1 0.9484375 0.17109375 0.0421875 0.05234375
1 0.91640625 0.20234375 0.04453125 0.0625
1 0.95234375 0.21875 0.0421875 0.04609375
1 0.44296875 0.009375 0.04609375 0.01875
1 0.44140625 0.04140625 0.0375 0.04765625
1 0.4453125 0.08515625 0.0421875 0.05
1 0.40625 0.06015625 0.0375 0.04140625
1 0.409375 0.10234375 0.0390625 0.05
1 0.3125 0.00390625 0.0375 0.0078125
1 0.3390625 0.01640625 0.04375 0.0328125
1 0.31171875 0.03125 0.03359375 0.04609375
1 0.27734375 0.015625 0.0375 0.03125
1 0.31015625 0.075 0.0390625 0.04609375
1 0.28203125 0.1 0.040625 0.04609375
1 0.2765625 0.05625 0.0421875 0.05390625
1 0.2484375 0.00625 0.04609375 0.0125
1 0.21953125 0.05 0.0375 0.04375
1 0.1828125 0.0375 0.0375 0.03984375
1 0.18359375 0.00625 0.040625 0.0125
1 0.11875 0.00546875 0.0421875 0.01015625
1 0.05703125 0.00703125 0.0421875 0.0140625
1 0.08828125 0.01796875 0.04609375 0.03515625
1 0.115625 0.03984375 0.04765625 0.04609375
1 0.05703125 0.02890625 0.0421875 0.05234375
1 0.0546875 0.07734375 0.0390625 0.04765625
1 0.18046875 0.11875 0.0375 0.04609375
1 0.115625 0.11875 0.03515625 0.03359375
1 0.0546875 0.1625 0.03046875 0.04140625
1 0.15078125 0.13515625 0.0390625 0.04765625
1 0.3421875 0.14140625 0.040625 0.04375
1 0.40234375 0.1875 0.0390625 0.03984375
1 0.34375 0.18984375 0.04765625 0.04765625
1 0.43828125 0.21015625 0.04609375 0.05
1 0.40390625 0.23125 0.0421875 0.03515625
1 0.37265625 0.2125 0.040625 0.05
1 0.36875 0.25859375 0.040625 0.05234375
1 0.36875 0.3 0.04765625 0.05390625
1 0.43828125 0.25625 0.04765625 0.05
1 0.40390625 0.275 0.0421875 0.05234375
1 0.146875 0.18515625 0.0390625 0.04765625
1 0.14921875 0.225 0.0375 0.04140625
1 0.2734375 0.23125 0.0421875 0.04609375
1 0.2109375 0.22734375 0.0375 0.04375
1 0.3046875 0.25234375 0.04765625 0.05
1 0.27109375 0.275 0.04609375 0.05234375
1 0.24453125 0.25 0.04453125 0.04140625
1 0.24453125 0.29375 0.0375 0.04375
1 0.21484375 0.275 0.0421875 0.05
1 0.18046875 0.25234375 0.03515625 0.04609375
1 0.053125 0.24609375 0.028125 0.03515625
1 0.02109375 0.26875 0.03515625 0.0375
1 0.08359375 0.27109375 0.0375 0.04140625
1 0.053125 0.29375 0.0390625 0.04765625
1 0.025 0.32109375 0.0390625 0.04140625
1 0.21484375 0.31640625 0.0390625 0.04140625
1 0.146875 0.31640625 0.03515625 0.0375
1 0.115625 0.29375 0.03359375 0.03984375
1 0.08359375 0.31640625 0.0421875 0.05
1 0.115625 0.3375 0.040625 0.04609375
1 0.0515625 0.3875 0.0421875 0.05390625
1 0.53046875 0.26640625 0.04609375 0.04765625
1 0.42890625 0.97109375 0.040625 0.04140625
1 0.3953125 0.98125 0.0421875 0.0375
1 0.365625 0.97265625 0.0390625 0.05
1 0.37421875 0.92734375 0.0265625 0.02890625
1 0.32890625 0.9859375 0.0421875 0.028125
1 0.23515625 0.99453125 0.040625 0.01015625
1 0.49609375 0.8375 0.0375 0.0375
1 0.49453125 0.87890625 0.03515625 0.04375
1 0.5 0.92734375 0.040625 0.04765625
1 0.5265625 0.95234375 0.0390625 0.04375
1 0.5546875 0.93125 0.040625 0.05390625
1 0.58828125 0.9859375 0.0421875 0.028125
1 0.590625 0.86640625 0.04765625 0.04375
1 0.590625 0.90859375 0.04765625 0.05234375
1 0.62265625 0.93359375 0.04765625 0.05625
1 0.590625 0.95625 0.0390625 0.04375
1 0.78125 0.9890625 0.0375 0.021875
1 0.778125 0.96015625 0.0375 0.04375
1 0.71484375 0.91015625 0.0375 0.04140625
1 0.68046875 0.93359375 0.03515625 0.04609375
1 0.65625 0.95859375 0.03359375 0.04375
1 0.74609375 0.93359375 0.0390625 0.04375
1 0.71640625 0.95390625 0.04453125 0.05
1 0.7421875 0.9796875 0.046875 0.040625
1 0.6828125 0.98125 0.0421875 0.0375
1 0.99375 0.98125 0.0125 0.0375
1 0.9953125 0.94296875 0.00859375 0.04375
1 0.975 0.9625 0.040625 0.04765625
1 0.9890625 0.91328125 0.02109375 0.04375
1 0.9734375 0.90625 0.040625 0.05625
1 0.99296875 0.84921875 0.0140625 0.04765625
1 0.9734375 0.87265625 0.03515625 0.0375
1 0.98359375 0.78984375 0.0328125 0.0390625
1 0.96953125 0.82734375 0.03515625 0.04375
1 0.93828125 0.84765625 0.0375 0.05
1 0.9453125 0.81015625 0.03046875 0.03125
1 0.909375 0.86640625 0.0390625 0.03984375
1 0.91171875 0.82734375 0.0375 0.04609375
1 0.909375 0.78515625 0.03515625 0.05234375
1 0.8796875 0.79609375 0.0421875 0.05234375
1 0.84921875 0.82109375 0.040625 0.04375
1 0.87734375 0.84375 0.03515625 0.04375
1 0.909375 0.90859375 0.03359375 0.04140625
1 0.93046875 0.92890625 0.015625 0.01640625
1 0.84921875 0.90625 0.015625 0.02109375
1 0.8796875 0.89140625 0.03046875 0.03125
1 0.91328125 0.9625 0.0390625 0.05
1 0.87734375 0.98125 0.0390625 0.0375
1 0.87578125 0.9375 0.0515625 0.04765625
1 0.99453125 0.53671875 0.0109375 0.05234375
1 0.9953125 0.35703125 0.00859375 0.04765625
1 0.98203125 0.37734375 0.028125 0.04765625
1 0.9484375 0.36015625 0.0375 0.04140625
1 0.91875 0.33515625 0.03203125 0.02890625
1 0.91484375 0.37890625 0.03359375 0.04375
1 0.8828125 0.35390625 0.03515625 0.04140625
1 0.88125 0.39609375 0.0421875 0.05
1 0.91640625 0.46484375 0.03515625 0.03984375
1 0.91484375 0.5125 0.0375 0.0375
1 0.884375 0.53125 0.0375 0.04140625
1 0.85078125 0.5125 0.03359375 0.03984375
1 0.81953125 0.525 0.03515625 0.04765625
1 0.8828125 0.57109375 0.040625 0.04375
1 0.909375 0.59375 0.03203125 0.04375
1 0.946875 0.66875 0.03515625 0.03984375
1 0.93984375 0.70859375 0.0421875 0.04765625
1 0.946875 0.75 0.03359375 0.05234375
1 0.91484375 0.67890625 0.03515625 0.04375
1 0.88125 0.66015625 0.03515625 0.04609375
1 0.88125 0.61640625 0.0375 0.04765625
1 0.91171875 0.73125 0.03359375 0.05234375
1 0.88125 0.71015625 0.0390625 0.04765625
1 0.85078125 0.73359375 0.040625 0.05390625
1 0.84921875 0.59375 0.03515625 0.04375
1 0.8171875 0.57265625 0.03359375 0.04375
1 0.81953125 0.61015625 0.028125 0.04765625
1 0.81171875 0.65859375 0.0390625 0.04140625
1 0.78515625 0.64140625 0.03515625 0.04375
1 0.78515625 0.67890625 0.03046875 0.04609375
1 0.815625 0.70625 0.040625 0.04765625
1 0.78046875 0.725 0.03359375 0.04140625
1 0.8171875 0.75234375 0.0375 0.04609375
1 0.78203125 0.77890625 0.0421875 0.06015625
1 0.815625 0.79765625 0.0375 0.05234375
1 0.78515625 0.82265625 0.03359375 0.04140625
1 0.74609375 0.74765625 0.0375 0.04140625
1 0.74453125 0.79609375 0.0390625 0.05390625
1 0.7484375 0.84375 0.0421875 0.04609375
1 0.78515625 0.8625 0.0375 0.04375
1 0.71484375 0.86015625 0.0390625 0.05234375
1 0.68828125 0.84375 0.03515625 0.04609375
1 0.7265625 0.68515625 0.0390625 0.04375
1 0.725 0.59375 0.040625 0.04375
1 0.68828125 0.66484375 0.03046875 0.0375
1 0.6578125 0.67890625 0.04453125 0.04375
1 0.7109375 0.77265625 0.04453125 0.05390625
1 0.68984375 0.75234375 0.040625 0.05390625
1 0.6578125 0.73359375 0.0390625 0.04765625
1 0.6578125 0.81875 0.04453125 0.04609375
1 0.6578125 0.86640625 0.04453125 0.05859375
1 0.62421875 0.8 0.040625 0.05625
1 0.590625 0.82734375 0.0515625 0.05
1 0.6203125 0.75625 0.03359375 0.04140625
1 0.58828125 0.775 0.04453125 0.04375
1 0.5546875 0.79765625 0.03359375 0.05625
1 0.525 0.77734375 0.03515625 0.04765625
1 0.49453125 0.74765625 0.0375 0.04140625
1 0.55859375 0.75234375 0.03359375 0.03515625
1 0.5921875 0.72890625 0.040625 0.0375
1 0.62421875 0.66015625 0.03203125 0.0375
1 0.59375 0.68125 0.04609375 0.05
1 0.53203125 0.68984375 0.0421875 0.05
1 0.49453125 0.70625 0.028125 0.0375
1 0.84921875 0.28984375 0.040625 0.04765625
1 0.85078125 0.33515625 0.0546875 0.05625
1 0.85078125 0.38515625 0.0375 0.05234375
1 0.82109375 0.21484375 0.040625 0.06484375
1 0.7890625 0.19765625 0.04609375 0.05625
1 0.75703125 0.21640625 0.0421875 0.05390625
1 0.725 0.19609375 0.04609375 0.04765625
1 0.72890625 0.23515625 0.0421875 0.04609375
1 0.66484375 0.2375 0.04453125 0.04765625
1 0.59609375 0.23125 0.05 0.04375
1 0.62734375 0.25859375 0.04453125 0.05625
1 0.590625 0.28359375 0.0421875 0.05
1 0.68984375 0.26640625 0.0390625 0.04609375
1 0.66171875 0.28359375 0.0390625 0.04609375
1 0.82109375 0.26640625 0.0421875 0.04765625
1 0.82109375 0.39609375 0.0375 0.05234375
1 0.81953125 0.31640625 0.028125 0.05
1 0.79453125 0.28515625 0.040625 0.04765625
1 0.75703125 0.2625 0.03515625 0.04140625
1 0.7234375 0.28125 0.0390625 0.05234375
1 0.43828125 0.3 0.04453125 0.04765625
1 0.75703125 0.30625 0.040625 0.04375
1 0.7921875 0.32890625 0.0421875 0.05
1 0.790625 0.375 0.0515625 0.05234375
1 0.7890625 0.51015625 0.0390625 0.04609375
1 0.7921875 0.42265625 0.0390625 0.04765625
1 0.790625 0.46640625 0.04609375 0.0375
1 0.7515625 0.35 0.03515625 0.04140625
1 0.7265625 0.37265625 0.028125 0.0375
1 0.69296875 0.35390625 0.040625 0.05390625
1 0.66328125 0.33359375 0.0421875 0.05625
1 0.59609375 0.33359375 0.04453125 0.05234375
1 0.72890625 0.40859375 0.03515625 0.03984375
1 0.75 0.44765625 0.0390625 0.05234375
1 0.725 0.46015625 0.03515625 0.04609375
1 0.7484375 0.525 0.03515625 0.05234375
1 0.721875 0.5125 0.040625 0.05
1 0.68828125 0.44375 0.0390625 0.04140625
1 0.6859375 0.4875 0.040625 0.04609375
1 0.69140625 0.53125 0.03515625 0.04609375
1 0.68984375 0.57734375 0.04765625 0.05390625
1 0.6578125 0.59375 0.03359375 0.0375
1 0.65625 0.55390625 0.0375 0.04140625
1 0.6578125 0.50859375 0.040625 0.05
1 0.63671875 0.47734375 0.05 0.05390625
1 0.62578125 0.52890625 0.04765625 0.05
1 0.62578125 0.57265625 0.040625 0.04765625
1 0.62734375 0.61640625 0.0390625 0.04765625
1 0.53046875 0.32734375 0.03359375 0.04609375
1 0.56171875 0.35390625 0.0375 0.04765625
1 0.4984375 0.35 0.028125 0.04140625
1 0.53359375 0.36875 0.0390625 0.04375
1 0.565625 0.39765625 0.040625 0.04375
1 0.4984375 0.39375 0.0375 0.05
1 0.53359375 0.4125 0.0390625 0.04765625
1 0.59375 0.41875 0.03359375 0.03984375
1 0.59609375 0.4625 0.040625 0.04765625
1 0.5640625 0.44140625 0.0390625 0.05625
1 0.53359375 0.4625 0.0421875 0.05
1 0.4984375 0.44140625 0.040625 0.04765625
1 0.5921875 0.51015625 0.040625 0.04765625
1 0.56171875 0.52890625 0.04609375 0.04765625
1 0.57265625 0.56484375 0.03359375 0.03515625
1 0.5 0.48515625 0.0390625 0.04609375
1 0.4984375 0.53125 0.0421875 0.04765625
1 0.53046875 0.55234375 0.03515625 0.04765625
1 0.59375 0.59375 0.0375 0.05390625
1 0.59609375 0.63515625 0.0390625 0.04609375
1 0.5640625 0.6125 0.040625 0.05859375
1 0.528125 0.64140625 0.04609375 0.05
1 0.49453125 0.6625 0.040625 0.04765625
1 0.53046875 0.59140625 0.0375 0.05625
1 0.4984375 0.57109375 0.04765625 0.04765625
1 0.5 0.61015625 0.04609375 0.05
1 0.4359375 0.34765625 0.03359375 0.05
1 0.40234375 0.36875 0.0421875 0.05
1 0.4359375 0.39140625 0.04765625 0.04765625
1 0.434375 0.43515625 0.0421875 0.04765625
1 0.36875 0.39140625 0.0421875 0.04765625
1 0.33671875 0.3625 0.0390625 0.05
1 0.36875 0.4375 0.040625 0.04765625
1 0.40234375 0.45859375 0.0390625 0.04609375
1 0.24609375 0.33984375 0.0421875 0.04765625
1 0.27109375 0.37109375 0.0421875 0.04140625
1 0.17890625 0.34140625 0.0390625 0.04765625
1 0.2765625 0.40625 0.0421875 0.04140625
1 0.33125 0.46015625 0.0375 0.04609375
1 0.30703125 0.43984375 0.03515625 0.03984375
1 0.275 0.45234375 0.0375 0.04765625
1 0.3046875 0.48359375 0.0390625 0.04375
1 0.33359375 0.50390625 0.040625 0.04765625
1 0.3671875 0.53359375 0.04453125 0.05625
1 0.33515625 0.54609375 0.0390625 0.04609375
1 0.3921875 0.56015625 0.0375 0.04765625
1 0.42734375 0.57734375 0.03359375 0.0375
1 0.4328125 0.52109375 0.04453125 0.05234375
1 0.42890625 0.6125 0.028125 0.04375
1 0.18046875 0.38359375 0.0390625 0.04375
1 0.14375 0.3625 0.0375 0.05234375
1 0.2359375 0.44140625 0.040625 0.03984375
1 0.2109375 0.4125 0.04453125 0.05390625
1 0.2390625 0.47890625 0.0421875 0.05234375
1 0.209375 0.44765625 0.0421875 0.04765625
1 0.17734375 0.43359375 0.0375 0.04765625
1 0.1453125 0.4125 0.0421875 0.05625
1 0.2078125 0.5 0.0375 0.05234375
1 0.18046875 0.48359375 0.0390625 0.04765625
1 0.146875 0.49765625 0.0375 0.04609375
1 0.303125 0.56484375 0.0421875 0.04375
1 0.275 0.54609375 0.040625 0.04765625
1 0.24140625 0.56015625 0.03515625 0.04375
1 0.209375 0.54609375 0.0375 0.04609375
1 0.17734375 0.56484375 0.03203125 0.03515625
1 0.17578125 0.60390625 0.0375 0.04140625
1 0.1453125 0.58359375 0.03359375 0.0375
1 0.11171875 0.56484375 0.03515625 0.04140625
1 0.340625 0.58515625 0.0390625 0.04140625
1 0.396875 0.59140625 0.03359375 0.03515625
1 0.3671875 0.60625 0.0375 0.04609375
1 0.3046875 0.60625 0.03359375 0.03984375
1 0.275 0.62890625 0.03359375 0.04140625
1 0.40078125 0.63359375 0.0390625 0.04765625
1 0.36875 0.65234375 0.0375 0.04140625
1 0.33359375 0.63359375 0.03515625 0.03984375
1 0.3015625 0.65390625 0.0390625 0.04375
1 0.33828125 0.675 0.03515625 0.0375
1 0.43046875 0.69609375 0.03515625 0.04140625
1 0.42890625 0.8375 0.028125 0.03359375
1 0.39921875 0.81484375 0.028125 0.02890625
1 0.39921875 0.85859375 0.03515625 0.05234375
1 0.3671875 0.88515625 0.03359375 0.03515625
1 0.39921875 0.72890625 0.03515625 0.04765625
1 0.3671875 0.75 0.03515625 0.04140625
1 0.36875 0.79375 0.0375 0.05234375
1 0.36875 0.69609375 0.03359375 0.04609375
1 0.33515625 0.72109375 0.0421875 0.04609375
1 0.33359375 0.76640625 0.03515625 0.04375
1 0.33359375 0.8125 0.03359375 0.04375
1 0.33359375 0.86015625 0.0390625 0.05390625
1 0.3015625 0.69765625 0.0375 0.04140625
1 0.3015625 0.74140625 0.0390625 0.04609375
1 0.3015625 0.7875 0.03515625 0.04765625
1 0.3015625 0.83125 0.03359375 0.04375
1 0.29765625 0.87734375 0.0390625 0.05
1 0.3296875 0.90234375 0.040625 0.04140625
1 0.3296875 0.94765625 0.040625 0.04140625
1 0.29609375 0.97265625 0.03515625 0.04375
1 0.29765625 0.92734375 0.03203125 0.04375
1 0.26953125 0.94609375 0.03359375 0.05234375
1 0.2375 0.96875 0.0390625 0.04375
1 0.11015625 0.39140625 0.040625 0.05390625
1 0.11171875 0.43359375 0.040625 0.05234375
1 0.11015625 0.47890625 0.0375 0.04609375
1 0.11171875 0.52265625 0.0421875 0.04765625
1 0.0796875 0.49609375 0.03515625 0.05625
1 0.04765625 0.47890625 0.04453125 0.05625
1 0.0796875 0.54609375 0.0375 0.04375
1 0.04765625 0.56015625 0.03515625 0.04375
1 0.01796875 0.58125 0.03515625 0.03359375
1 0.05 0.60390625 0.03515625 0.05
1 0.0171875 0.62109375 0.03359375 0.05
1 0.04765625 0.65390625 0.0390625 0.05
1 0.01796875 0.675 0.03515625 0.05390625
1 0.24140625 0.69765625 0.04453125 0.04140625
1 0.26953125 0.72109375 0.03203125 0.0375
1 0.20234375 0.71640625 0.0375 0.04609375
1 0.17578125 0.69375 0.03203125 0.03515625
1 0.14375 0.72109375 0.040625 0.05234375
1 0.11015625 0.69375 0.03515625 0.04375
1 0.0796875 0.7125 0.03359375 0.05
1 0.05 0.69140625 0.03359375 0.04375
1 0.04609375 0.7375 0.04609375 0.05234375
1 0.08125 0.76015625 0.0375 0.04765625
1 0.04765625 0.78515625 0.0390625 0.04375
1 0.015625 0.759375 0.03125 0.05625
1 0.14375 0.76640625 0.0390625 0.04140625
1 0.14375 0.80859375 0.0375 0.04375
1 0.11015625 0.82890625 0.0421875 0.05234375
1 0.015625 0.84609375 0.03125 0.0484375
1 0.20390625 0.80859375 0.0375 0.05
1 0.234375 0.925 0.03515625 0.04375
1 0.2375 0.74140625 0.04765625 0.05625
1 0.26953125 0.76484375 0.03515625 0.04609375
1 0.26953125 0.80859375 0.0375 0.04375
1 0.26796875 0.85 0.040625 0.04765625
1 0.26796875 0.9 0.03515625 0.04375
1 0.2359375 0.88359375 0.0421875 0.04140625
1 0.23203125 0.83125 0.040625 0.05625
1 0.2359375 0.7875 0.03515625 0.04140625
1 0.20390625 0.94375 0.0234375 0.02734375
1 0.19765625 0.98203125 0.0375 0.03515625
1 0.16640625 0.96875 0.0390625 0.05234375
1 0.1671875 0.99453125 0.04453125 0.01015625
1 0.1390625 0.984375 0.03046875 0.03125
1 0.109375 0.99453125 0.03359375 0.01015625
1 0.1078125 0.97109375 0.0390625 0.04140625
1 0.11171875 0.92265625 0.03515625 0.04375
1 0.0796875 0.89765625 0.025 0.025
1 0.078125 0.94140625 0.03515625 0.04765625
1 0.04609375 0.91875 0.040625 0.05390625
1 0.01796875 0.89609375 0.03515625 0.05
1 0.01328125 0.940625 0.0265625 0.04375
1 0.0765625 0.98203125 0.03515625 0.03515625
1 0.04765625 0.96640625 0.0421875 0.04375
1 0.04453125 0.99453125 0.0421875 0.01015625
1 0.01484375 0.98125 0.0296875 0.034375