1 0.36875 0.02734375 0.14375 0.0546875
1 0.246875 0.05859375 0.115625 0.1171875
1 0.1453125 0.09921875 0.140625 0.19453125
1 0.046875 0.0546875 0.09375 0.109375
1 0.803125 0.00703125 0.1015625 0.0125
1 0.978125 0.07890625 0.04375 0.1578125
1 0.7109375 0.15234375 0.1203125 0.1890625
1 0.809375 0.0859375 0.121875 0.125
1 0.8140625 0.22421875 0.11875 0.15234375
1 0.978125 0.23515625 0.04375 0.16328125
1 0.909375 0.16875 0.09375 0.1390625
1 0.26875 0.32109375 0.128125 0.1671875
1 0.0078125 0.23671875 0.015625 0.190625
1 0.0109375 0.5578125 0.021875 0.16875
1 0.05625 0.325 0.1109375 0.16328125
1 0.0578125 0.471875 0.1140625 0.178125
1 0.1671875 0.3875 0.1078125 0.1703125
1 0.278125 0.4625 0.109375 0.14140625
1 0.1703125 0.55234375 0.128125 0.15078125
1 0.5875 0.4015625 0.1359375 0.18515625
1 0.8171875 0.37578125 0.1296875 0.15625
1 0.7078125 0.44921875 0.1046875 0.146875
1 0.6015625 0.53203125 0.146875 0.19296875
1 0.709375 0.609375 0.1328125 0.1875
1 0.825 0.53203125 0.1171875 0.16171875
1 0.915625 0.60703125 0.1203125 0.209375
1 0.9875 0.5265625 0.0234375 0.15390625
1 0.9859375 0.675 0.028125 0.17265625
1 0.715625 0.78203125 0.103125 0.16171875
1 0.5890625 0.70625 0.125 0.146875
1 0.175 0.70859375 0.121875 0.1359375
1 0.071875 0.76171875 0.14375 0.178125
1 0.0078125 0.84375 0.015625 0.17421875
1 0.0625 0.91015625 0.1015625 0.17265625
1 0.1796875 0.8640625 0.1109375 0.15625
1 0.178125 0.9625 0.128125 0.075
1 0.28671875 0.9203125 0.0921875 0.159375
1 0.36875 0.88828125 0.1046875 0.1359375
1 0.38984375 0.9515625 0.1265625 0.096875
1 0.484375 0.81484375 0.096875 0.1359375
1 0.52109375 0.92578125 0.1265625 0.1484375
1 0.61015625 0.9625 0.1203125 0.075
1 0.7125 0.91953125 0.1140625 0.13203125
1 0.8328125 0.95859375 0.125 0.0828125
1 0.815625 0.83671875 0.1 0.16484375
1 0.9265625 0.92265625 0.1046875 0.15078125
1 0.9890625 0.84765625 0.021875 0.16484375
1 0.9734375 0.39296875 0.0515625 0.13203125
1 0.5921875 0.871875 0.1109375 0.13359375