1 0.70625 0.0015625 0.115625 0.0015625
1 0.9890625 0.0546875 0.0203125 0.10859375
1 0.065625 0.0640625 0.1109375 0.12265625
1 0.15 0.03515625 0.1203125 0.06796875
1 0.134375 0.11015625 0.1171875 0.1375
1 0.1421875 0.24375 0.125 0.13046875
1 0.078125 0.40546875 0.0984375 0.1265625
1 0.309375 0.45703125 0.109375 0.13359375
1 0.2984375 0.22578125 0.103125 0.1390625
1 0.221875 0.06953125 0.103125 0.1375
1 0.3109375 0.03671875 0.1171875 0.0734375
1 0.2890625 0.11953125 0.1296875 0.12265625
1 0.403125 0.071875 0.125 0.14140625
1 0.4703125 0.1171875 0.1015625 0.13203125
1 0.475 0.2421875 0.1296875 0.1375
1 0.5453125 0.0859375 0.11875 0.15078125
1 0.6484375 0.125 0.1125 0.128125
1 0.56875 0.159375 0.0875 0.10859375
1 0.634375 0.221875 0.0921875 0.12265625
1 0.6359375 0.3375 0.1125 0.11171875
1 0.71875 0.3890625 0.078125 0.10078125
1 0.721875 0.275 0.096875 0.12265625
1 0.725 0.16484375 0.0921875 0.096875
1 0.803125 0.09921875 0.09375 0.11171875
1 0.8125 0.221875 0.1 0.128125
1 0.9515625 0.21484375 0.0953125 0.115625
1 0.884375 0.38203125 0.0921875 0.1140625
1 0.953125 0.54296875 0.0921875 0.13046875
1 0.9515625 0.42734375 0.096875 0.1140625
1 0.9515625 0.328125 0.0953125 0.1265625
1 0.996875 0.3875 0.0046875 0.11171875
1 0.55 0.4859375 0.1 0.103125
1 0.065625 0.6109375 0.103125 0.09921875
1 0.3125 0.6625 0.1046875 0.1140625
1 0.06875 0.72109375 0.1015625 0.12109375
1 0.153125 0.77578125 0.103125 0.11171875
1 0.06796875 0.953125 0.0890625 0.09375
1 0.1390625 0.90078125 0.0953125 0.128125
1 0.22734375 0.9421875 0.1015625 0.115625
1 0.2265625 0.83125 0.10625 0.128125
1 0.3125 0.77265625 0.0859375 0.11015625
1 0.3109375 0.88984375 0.1125 0.1359375
1 0.396875 0.83125 0.096875 0.13046875
1 0.40390625 0.94921875 0.0984375 0.10078125
1 0.5625 0.60703125 0.10625 0.125
1 0.4765625 0.66640625 0.0890625 0.0953125
1 0.478125 0.77421875 0.0875 0.1140625
1 0.571875 0.94296875 0.0921875 0.10078125
1 0.64375 0.77578125 0.09375 0.11953125
1 0.653125 0.6609375 0.0921875 0.1140625
1 0.8015625 0.64765625 0.103125 0.13203125
1 0.72109375 0.93984375 0.0859375 0.1203125
1 0.796875 0.9765625 0.06875 0.046875
1 0.8046875 0.88046875 0.1 0.1171875
1 0.884375 0.946875 0.09375 0.10625
1 0.96015625 0.9734375 0.0765625 0.053125
1 0.8921875 0.7140625 0.1 0.1453125
1 0.9625 0.7671875 0.0734375 0.13203125