1 0.0171875 0.04453125 0.034375 0.0859375
1 0.01171875 0.13828125 0.0234375 0.07421875
1 0.06640625 0.09921875 0.0578125 0.0640625
1 0.1328125 0.04453125 0.06953125 0.0875
1 0.19609375 0.0234375 0.06953125 0.046875
1 0.128125 0.1359375 0.0734375 0.07578125
1 0.19921875 0.09765625 0.0734375 0.0875
1 0.13125 0.23125 0.078125 0.09375
1 0.20234375 0.19296875 0.0765625 0.09140625
1 0.265625 0.24296875 0.06796875 0.06796875
1 0.3359375 0.20234375 0.075 0.08984375
1 0.27109375 0.14765625 0.06796875 0.0796875
1 0.3375 0.10859375 0.0734375 0.078125
1 0.2671875 0.05625 0.08125 0.09765625
1 0.34296875 0.03125 0.084375 0.0625
1 0.40390625 0.2453125 0.0578125 0.0640625
1 0.4703125 0.20390625 0.05625 0.0640625
1 0.4765625 0.10703125 0.053125 0.06640625
1 0.471875 0.02421875 0.06953125 0.0484375
1 0.53515625 0.15546875 0.06640625 0.07421875
1 0.54140625 0.06015625 0.06328125 0.08359375
1 0.6078125 0.21015625 0.06796875 0.0546875
1 0.61328125 0.12421875 0.08125 0.10859375
1 0.60625 0.03515625 0.0796875 0.0703125
1 0.6828125 0.24921875 0.06484375 0.0640625
1 0.684375 0.16171875 0.0796875 0.10859375
1 0.6828125 0.0625 0.084375 0.10859375
1 0.74609375 0.12421875 0.06640625 0.0703125
1 0.7546875 0.0390625 0.084375 0.078125
1 0.81875 0.08203125 0.0765625 0.0875
1 0.81875 0.1671875 0.06171875 0.07578125
1 0.8921875 0.03984375 0.08984375 0.0796875
1 0.8890625 0.128125 0.08125 0.08984375
1 0.96328125 0.08203125 0.06953125 0.08203125
1 0.9625 0.01796875 0.065625 0.0359375
1 0.99296875 0.0421875 0.01328125 0.08359375
1 0.95859375 0.165625 0.06328125 0.08359375
1 0.74765625 0.303125 0.06328125 0.0859375
1 0.8171875 0.2625 0.0734375 0.08359375
1 0.88671875 0.21953125 0.0796875 0.0859375
1 0.96015625 0.253125 0.06953125 0.08203125
1 0.46640625 0.3015625 0.075 0.078125
1 0.53828125 0.34453125 0.06484375 0.07421875
1 0.815625 0.35625 0.06484375 0.08984375
1 0.890625 0.31328125 0.0796875 0.09375
1 0.953125 0.36015625 0.06953125 0.08984375
1 0.99140625 0.32109375 0.01640625 0.09765625
1 0.0203125 0.23359375 0.03984375 0.09765625
1 0.06640625 0.2859375 0.06640625 0.078125
1 0.015625 0.3359375 0.03125 0.09140625
1 0.0078125 0.975 0.015625 0.05
1 0.009375 0.88515625 0.01796875 0.0703125
1 0.053125 0.94140625 0.06953125 0.08203125
1 0.05 0.84609375 0.0765625 0.08203125
1 0.01328125 0.79453125 0.0265625 0.06796875
1 0.1328125 0.89296875 0.0734375 0.078125
1 0.11953125 0.96953125 0.0765625 0.06015625
1 0.1890625 0.83828125 0.06953125 0.06015625
1 0.2609375 0.8953125 0.0765625 0.08203125
1 0.19140625 0.93984375 0.06953125 0.0859375
1 0.2578125 0.96875 0.08984375 0.0625
1 0.32734375 0.9453125 0.0828125 0.1046875
1 0.396875 0.971875 0.08671875 0.05625
1 0.396875 0.90234375 0.06640625 0.08359375
1 0.25390625 0.8015625 0.075 0.0703125
1 0.5375 0.98125 0.07109375 0.03671875
1 0.67109375 0.9828125 0.0703125 0.034375
1 0.815625 0.9875 0.06953125 0.025
1 0.99140625 0.871875 0.01640625 0.08203125
1 0.99140625 0.9578125 0.01640625 0.08359375
1 0.9453125 0.98515625 0.0734375 0.02890625
1 0.88359375 0.96484375 0.0734375 0.06640625
1 0.9515625 0.9125 0.0734375 0.078125
1 0.74296875 0.96015625 0.078125 0.0796875
1 0.471875 0.94765625 0.0828125 0.07578125
1 0.54140625 0.9125 0.08671875 0.0875
1 0.6078125 0.9515625 0.08828125 0.0875
1 0.6796875 0.9140625 0.078125 0.10078125
1 0.81875 0.90859375 0.08671875 0.09375
1 0.8890625 0.865625 0.0734375 0.0703125
1 0.95 0.82109375 0.06796875 0.08203125
1 0.95546875 0.45546875 0.0765625 0.0875
1 0.99140625 0.4140625 0.01640625 0.08984375
1 0.98828125 0.49921875 0.0234375 0.09921875
1 0.953125 0.53671875 0.08125 0.0859375
1 0.9515625 0.62265625 0.084375 0.09375
1 0.99296875 0.5921875 0.01328125 0.0875
1 0.95546875 0.7296875 0.0828125 0.09765625
1 0.99140625 0.68359375 0.01640625 0.0796875
1 0.1265625 0.78828125 0.06640625 0.08203125
1 0.4703125 0.85390625 0.08671875 0.10078125
1 0.6078125 0.8578125 0.06796875 0.09140625
1 0.74609375 0.86171875 0.0734375 0.09375
1 0.8109375 0.8171875 0.075 0.09375
1 0.87890625 0.77421875 0.08125 0.1046875
1 0.67578125 0.81328125 0.06640625 0.0953125
1 0.74609375 0.76484375 0.08125 0.10859375
1 0.815625 0.71796875 0.0765625 0.08984375
1 0.87890625 0.68125 0.0734375 0.08984375
1 0.87578125 0.58203125 0.075 0.09375
1 0.8890625 0.48671875 0.07109375 0.071875
1 0.88671875 0.40625 0.09140625 0.09375
1 0.8140625 0.4453125 0.07109375 0.08984375
1 0.815625 0.53515625 0.07109375 0.08359375
1 0.8109375 0.63046875 0.075 0.1046875
1 0.60625 0.40625 0.05625 0.06640625
1 0.67578125 0.4453125 0.075 0.0875
1 0.75078125 0.3953125 0.075 0.0953125
1 0.74765625 0.49453125 0.06484375 0.1046875
1 0.74453125 0.5859375 0.06953125 0.10078125
1 0.74765625 0.66953125 0.075 0.0953125
1 0.40390625 0.809375 0.08125 0.09765625
1 0.471875 0.7625 0.08125 0.0875
1 0.54296875 0.80703125 0.0828125 0.103125
1 0.6109375 0.76640625 0.078125 0.09765625
1 0.6828125 0.715625 0.0765625 0.0953125
1 0.678125 0.61484375 0.0796875 0.1109375
1 0.6796875 0.53125 0.08125 0.0859375
1 0.33203125 0.76484375 0.0765625 0.0953125
1 0.19609375 0.74921875 0.07109375 0.078125
1 0.2625 0.71171875 0.0734375 0.08984375
1 0.32890625 0.665625 0.0796875 0.1046875
1 0.3984375 0.71015625 0.084375 0.09375
1 0.4703125 0.6671875 0.08671875 0.09765625
1 0.54296875 0.71171875 0.078125 0.10078125
1 0.61484375 0.67734375 0.0796875 0.09375
1 0.609375 0.578125 0.075 0.09375
1 0.61328125 0.48828125 0.07109375 0.0859375
1 0.54296875 0.44375 0.07109375 0.0859375
1 0.53984375 0.5328125 0.0796875 0.10078125
1 0.53984375 0.62265625 0.084375 0.09765625
1 0.40390625 0.61484375 0.0828125 0.10078125
1 0.3953125 0.5234375 0.0765625 0.08203125
1 0.46328125 0.484375 0.0765625 0.08359375
1 0.46640625 0.39921875 0.06796875 0.0859375
1 0.40859375 0.34453125 0.06953125 0.09140625
1 0.396875 0.4375 0.0765625 0.08984375
1 0.3375 0.38515625 0.06484375 0.0875
1 0.2625 0.3328125 0.0765625 0.08203125
1 0.19765625 0.28984375 0.07109375 0.09140625
1 0.01328125 0.41640625 0.0265625 0.09765625
1 0.0546875 0.38125 0.0765625 0.103125
1 0.1296875 0.33046875 0.084375 0.08984375
1 0.128125 0.428125 0.084375 0.09765625
1 0.01484375 0.5078125 0.0296875 0.08984375
1 0.06015625 0.46875 0.0828125 0.0859375
1 0.134375 0.5171875 0.0796875 0.0875
1 0.19921875 0.38515625 0.0765625 0.0875
1 0.01640625 0.6046875 0.0328125 0.103125
1 0.01328125 0.7 0.0265625 0.1046875
1 0.05625 0.74140625 0.07109375 0.078125
1 0.0578125 0.65 0.0765625 0.09375
1 0.06171875 0.5546875 0.075 0.0875
1 0.1296875 0.6984375 0.08984375 0.09140625
1 0.1296875 0.60703125 0.075 0.0859375
1 0.20234375 0.6578125 0.08671875 0.09140625
1 0.2640625 0.6109375 0.078125 0.09765625
1 0.19453125 0.5703125 0.06796875 0.08984375
1 0.27578125 0.51953125 0.075 0.071875
1 0.33203125 0.48046875 0.0734375 0.103125
1 0.2671875 0.43203125 0.0828125 0.103125
1 0.19765625 0.48046875 0.075 0.09765625