1 0.01953125 0.959375 0.02890625 0.03828125
1 0.0265625 0.99140625 0.01640625 0.0171875
1 0.0484375 0.98046875 0.03046875 0.034375
1 0.01796875 0.92109375 0.02890625 0.03203125
1 0.05078125 0.940625 0.02734375 0.03203125
1 0.0828125 0.9921875 0.01796875 0.01484375
1 0.14140625 0.99375 0.02734375 0.0125
1 0.1984375 0.9921875 0.0328125 0.01484375
1 0.22421875 0.990625 0.0296875 0.01875
1 0.209375 0.965625 0.034375 0.0421875
1 0.25625 0.990625 0.03125 0.01875
1 0.23671875 0.94921875 0.02890625 0.03828125
1 0.265625 0.9640625 0.0328125 0.03828125
1 0.2671875 0.9296875 0.0328125 0.040625
1 0.23828125 0.9125 0.03046875 0.04453125
1 0.2078125 0.9234375 0.02890625 0.0359375
1 0.14453125 0.96171875 0.03046875 0.0359375
1 0.10859375 0.98046875 0.034375 0.03828125
1 0.08125 0.96171875 0.0359375 0.0359375
1 0.11015625 0.93828125 0.02890625 0.040625
1 0.0828125 0.91953125 0.034375 0.040625
1 0.05234375 0.90234375 0.03984375 0.034375
1 0.11171875 0.9 0.02734375 0.02578125
1 0.14296875 0.9234375 0.0359375 0.03828125
1 0.175 0.9421875 0.0359375 0.0359375
1 0.1734375 0.90390625 0.0328125 0.03828125
1 0.20546875 0.8875 0.0328125 0.034375
1 0.14296875 0.88515625 0.034375 0.0359375
1 0.08125 0.8828125 0.025 0.0296875
1 0.290625 0.98515625 0.0359375 0.0296875
1 0.3234375 0.9640625 0.0359375 0.034375
1 0.35703125 0.98046875 0.03984375 0.0359375
1 0.359375 0.946875 0.04140625 0.040625
1 0.3 0.94921875 0.03984375 0.04453125
1 0.32890625 0.9234375 0.034375 0.04453125
1 0.29609375 0.90859375 0.0359375 0.040625
1 0.3609375 0.9109375 0.0328125 0.0421875
1 0.40078125 0.959375 0.0328125 0.03828125
1 0.39375 0.8828125 0.03046875 0.0359375
1 0.33203125 0.88515625 0.0328125 0.03828125
1 0.2671875 0.88515625 0.0328125 0.04453125
1 0.29765625 0.865625 0.0328125 0.0359375
1 0.33046875 0.8421875 0.0328125 0.0359375
1 0.3609375 0.86796875 0.03828125 0.04453125
1 0.40078125 0.84453125 0.0328125 0.03828125
1 0.36484375 0.82578125 0.0359375 0.040625
1 0.40234375 0.80859375 0.03828125 0.03828125
1 0.2671875 0.8421875 0.02890625 0.0359375
1 0.29765625 0.8234375 0.034375 0.040625
1 0.33359375 0.80625 0.034375 0.04453125
1 0.36640625 0.78515625 0.034375 0.0421875
1 0.3953125 0.759375 0.03046875 0.0359375
1 0.55 0.990625 0.034375 0.01875
1 0.6109375 0.98828125 0.034375 0.0234375
1 0.51953125 0.9765625 0.04140625 0.04453125
1 0.58125 0.97890625 0.03046875 0.0359375
1 0.640625 0.9796875 0.0328125 0.040625
1 0.703125 0.98203125 0.03828125 0.0359375
1 0.6734375 0.959375 0.034375 0.046875
1 0.98359375 0.9921875 0.02890625 0.01484375
1 0.9546875 0.984375 0.03125 0.03125
1 0.92265625 0.9921875 0.03984375 0.01484375
1 0.88984375 0.9828125 0.0359375 0.034375
1 0.859375 0.9640625 0.0453125 0.046875
1 0.88984375 0.946875 0.0328125 0.040625
1 0.765625 0.98203125 0.0328125 0.0359375
1 0.73828125 0.965625 0.0328125 0.0421875
1 0.79609375 0.96796875 0.03046875 0.04453125
1 0.82890625 0.940625 0.0328125 0.040625
1 0.9203125 0.96171875 0.0359375 0.04453125
1 0.9203125 0.9234375 0.03046875 0.0359375
1 0.89140625 0.90234375 0.0328125 0.053125
1 0.9546875 0.95078125 0.0359375 0.0421875
1 0.984375 0.96953125 0.03046875 0.0359375
1 0.4421875 0.990625 0.040625 0.01875
1 0.4734375 0.9921875 0.03828125 0.01484375
1 0.453125 0.96796875 0.034375 0.034375
1 0.4859375 0.959375 0.04296875 0.046875
1 0.4515625 0.92734375 0.03984375 0.053125
1 0.48359375 0.91953125 0.04140625 0.046875
1 0.01875 0.88046875 0.0375 0.0359375
1 0.0234375 0.8421875 0.04140625 0.0421875
1 0.02265625 0.80078125 0.0453125 0.04921875
1 0.0234375 0.75078125 0.04140625 0.05078125
1 0.05390625 0.73828125 0.0328125 0.03203125
1 0.05625 0.77265625 0.0328125 0.04453125
1 0.08515625 0.75078125 0.0359375 0.040625
1 0.115625 0.7359375 0.0328125 0.04921875
1 0.05234375 0.8578125 0.0359375 0.040625
1 0.0828125 0.83828125 0.03828125 0.04921875
1 0.08671875 0.79609375 0.03984375 0.046875
1 0.1140625 0.77890625 0.03046875 0.040625
1 0.115625 0.81953125 0.034375 0.040625
1 0.11015625 0.859375 0.0328125 0.03828125
1 0.14296875 0.846875 0.0453125 0.0421875
1 0.1765625 0.8703125 0.034375 0.04453125
1 0.14453125 0.79765625 0.0359375 0.03828125
1 0.14609375 0.75078125 0.03828125 0.046875
1 0.18046875 0.73203125 0.0328125 0.0421875
1 0.2109375 0.71484375 0.03828125 0.040625
1 0.18046875 0.7765625 0.034375 0.0421875
1 0.175 0.81953125 0.034375 0.03828125
1 0.2078125 0.840625 0.03828125 0.0421875
1 0.23671875 0.8640625 0.03828125 0.040625
1 0.23828125 0.82109375 0.0328125 0.03828125
1 0.209375 0.8 0.03984375 0.040625
1 0.209375 0.759375 0.0359375 0.05078125
1 0.23828125 0.7828125 0.0359375 0.04453125
1 0.23828125 0.7359375 0.0328125 0.04453125
1 0.26875 0.80234375 0.0328125 0.040625
1 0.26875 0.75546875 0.04140625 0.04921875
1 0.27109375 0.7125 0.03828125 0.046875
1 0.303125 0.69375 0.0328125 0.040625
1 0.303125 0.7359375 0.034375 0.03828125
1 0.3 0.7828125 0.0359375 0.04921875
1 0.33359375 0.76171875 0.034375 0.040625
1 0.36484375 0.7359375 0.0359375 0.034375
1 0.39921875 0.71484375 0.04140625 0.0421875
1 0.3359375 0.71484375 0.04140625 0.0421875
1 0.36796875 0.69609375 0.03046875 0.034375
1 0.39375 0.67890625 0.03828125 0.04921875
1 0.3359375 0.67265625 0.034375 0.03828125
1 0.36484375 0.653125 0.0359375 0.05078125
1 0.396875 0.634375 0.034375 0.04453125
1 0.43125 0.6296875 0.03984375 0.03828125
1 0.43671875 0.59609375 0.02890625 0.034375
1 0.4640625 0.634375 0.02890625 0.040625
1 0.46171875 0.59609375 0.02890625 0.046875
1 0.490625 0.57421875 0.03984375 0.0421875
1 0.45703125 0.67265625 0.0359375 0.0421875
1 0.490625 0.65078125 0.03984375 0.04921875
1 0.4546875 0.71484375 0.0453125 0.046875
1 0.4546875 0.76171875 0.04140625 0.0421875
1 0.4890625 0.7765625 0.0234375 0.0296875
1 0.4890625 0.734375 0.02734375 0.0359375
1 0.4890625 0.69765625 0.0328125 0.040625
1 0.4546875 0.80234375 0.03984375 0.04453125
1 0.453125 0.840625 0.03984375 0.03828125
1 0.453125 0.87890625 0.0359375 0.0359375
1 0.4890625 0.87421875 0.03828125 0.0421875
1 0.4875 0.82109375 0.034375 0.0421875
1 0.5234375 0.93203125 0.0359375 0.04453125
1 0.55078125 0.959375 0.034375 0.03828125
1 0.58125 0.934375 0.034375 0.0421875
1 0.61015625 0.9578125 0.034375 0.0421875
1 0.64296875 0.93828125 0.0359375 0.04921875
1 0.55078125 0.90859375 0.03828125 0.04453125
1 0.51953125 0.8421875 0.034375 0.03203125
1 0.546875 0.86171875 0.034375 0.034375
1 0.58125 0.88515625 0.0359375 0.046875
1 0.5796875 0.84921875 0.02890625 0.02734375
1 0.5484375 0.82734375 0.025 0.0296875
1 0.61015625 0.9125 0.03828125 0.040625
1 0.68046875 0.91484375 0.03828125 0.046875
1 0.70546875 0.93828125 0.04140625 0.05078125
1 0.7671875 0.9421875 0.03828125 0.046875
1 0.73671875 0.92109375 0.03984375 0.04921875
1 0.79453125 0.9234375 0.034375 0.0421875
1 0.64296875 0.8828125 0.0453125 0.040625
1 0.61015625 0.865625 0.04140625 0.046875
1 0.521875 0.80390625 0.03046875 0.03203125
1 0.58125 0.80859375 0.02890625 0.03203125
1 0.60625 0.82578125 0.03046875 0.0359375
1 0.64453125 0.846875 0.04140625 0.040625
1 0.67109375 0.87421875 0.034375 0.03828125
1 0.70546875 0.9 0.0328125 0.04453125
1 0.7328125 0.87890625 0.03984375 0.040625
1 0.70390625 0.85546875 0.04140625 0.04921875
1 0.66796875 0.83203125 0.04140625 0.046875
1 0.77109375 0.89609375 0.04140625 0.046875
1 0.8015625 0.8828125 0.0328125 0.04453125
1 0.82890625 0.90234375 0.0359375 0.0421875
1 0.85703125 0.8828125 0.0359375 0.0359375
1 0.83046875 0.86171875 0.0359375 0.046875
1 0.7328125 0.840625 0.0359375 0.0421875
1 0.51953125 0.76171875 0.04140625 0.0421875
1 0.51796875 0.72109375 0.0328125 0.04921875
1 0.51796875 0.6765625 0.03828125 0.03828125
1 0.521875 0.6359375 0.03828125 0.034375
1 0.521875 0.59375 0.034375 0.04921875
1 0.55234375 0.5828125 0.0328125 0.04453125
1 0.55390625 0.61953125 0.03984375 0.046875
1 0.55234375 0.659375 0.034375 0.040625
1 0.55234375 0.69609375 0.0328125 0.0421875
1 0.55234375 0.734375 0.0359375 0.040625
1 0.55390625 0.7765625 0.0328125 0.0421875
1 0.58125 0.76171875 0.034375 0.0421875
1 0.58125 0.72109375 0.034375 0.0421875
1 0.5796875 0.68046875 0.0359375 0.040625
1 0.5828125 0.63828125 0.034375 0.040625
1 0.5828125 0.59765625 0.03984375 0.0421875
1 0.5828125 0.55546875 0.0359375 0.0421875
1 0.61015625 0.78515625 0.0359375 0.04921875
1 0.640625 0.80234375 0.0328125 0.0421875
1 0.66953125 0.78515625 0.0359375 0.040625
1 0.640625 0.765625 0.03046875 0.03828125
1 0.6140625 0.740625 0.0328125 0.0421875
1 0.61171875 0.70234375 0.03984375 0.03828125
1 0.6140625 0.6578125 0.0359375 0.03203125
1 0.6140625 0.6234375 0.0359375 0.04453125
1 0.615625 0.58046875 0.03984375 0.04921875
1 0.615625 0.5359375 0.03984375 0.04453125
1 0.6390625 0.72578125 0.034375 0.04453125
1 0.64453125 0.68046875 0.034375 0.03828125
1 0.64609375 0.63828125 0.03828125 0.04453125
1 0.64765625 0.6 0.03984375 0.040625
1 0.65 0.559375 0.03828125 0.0421875
1 0.675 0.746875 0.04140625 0.04453125
1 0.675 0.70234375 0.0359375 0.04921875
1 0.675 0.6578125 0.04296875 0.0421875
1 0.6765625 0.6171875 0.0359375 0.03828125
1 0.6765625 0.57890625 0.0359375 0.0421875
1 0.67890625 0.5359375 0.0359375 0.0359375
1 0.7109375 0.5640625 0.0328125 0.04453125
1 0.7109375 0.6 0.0328125 0.0359375
1 0.7109375 0.6359375 0.034375 0.03828125
1 0.7109375 0.68515625 0.0359375 0.053125
1 0.709375 0.7296875 0.0359375 0.03828125
1 0.734375 0.79375 0.03984375 0.04921875
1 0.73984375 0.75078125 0.034375 0.03828125
1 0.74375 0.7109375 0.0328125 0.040625
1 0.77109375 0.7234375 0.03046875 0.0421875
1 0.76875 0.81953125 0.034375 0.04453125
1 0.8 0.83828125 0.046875 0.04921875
1 0.83046875 0.81484375 0.02890625 0.03828125
1 0.8609375 0.8359375 0.034375 0.03828125
1 0.859375 0.79609375 0.0328125 0.0359375
1 0.8 0.79375 0.0359375 0.0421875
1 0.83203125 0.77421875 0.034375 0.0421875
1 0.76875 0.7703125 0.03046875 0.0421875
1 0.8 0.75078125 0.0359375 0.04453125
1 0.83046875 0.734375 0.03828125 0.04453125
1 0.8609375 0.753125 0.034375 0.04453125
1 0.83359375 0.68515625 0.0359375 0.04921875
1 0.77109375 0.6890625 0.02890625 0.03203125
1 0.8 0.6703125 0.0359375 0.046875
1 0.7421875 0.665625 0.0328125 0.0421875
1 0.77265625 0.646875 0.034375 0.046875
1 0.73828125 0.6234375 0.0328125 0.0421875
1 0.73828125 0.5875 0.034375 0.0421875
1 0.77265625 0.60390625 0.034375 0.03828125
1 0.8015625 0.62734375 0.03046875 0.0421875
1 0.83203125 0.646875 0.0359375 0.03203125
1 0.83359375 0.60859375 0.03984375 0.04921875
1 0.86484375 0.6234375 0.0328125 0.04921875
1 0.89375 0.6890625 0.03046875 0.0421875
1 0.89375 0.72734375 0.0359375 0.0421875
1 0.88984375 0.64921875 0.034375 0.046875
1 0.89140625 0.77265625 0.0359375 0.046875
1 0.88984375 0.8171875 0.034375 0.046875
1 0.9203125 0.8421875 0.03046875 0.03828125
1 0.92265625 0.80234375 0.0359375 0.046875
1 0.92578125 0.753125 0.03828125 0.0421875
1 0.92265625 0.7109375 0.034375 0.040625
1 0.92265625 0.66796875 0.03828125 0.0421875
1 0.92265625 0.62734375 0.0359375 0.03828125
1 0.8953125 0.60625 0.0359375 0.040625
1 0.55390625 0.534375 0.03046875 0.0359375
1 0.52890625 0.55078125 0.0140625 0.0171875
1 0.58515625 0.5125 0.0359375 0.0421875
1 0.615625 0.49375 0.034375 0.0359375
1 0.65 0.5171875 0.03828125 0.0359375
1 0.65 0.47421875 0.0359375 0.0421875
1 0.6515625 0.434375 0.0328125 0.040625
1 0.68046875 0.4125 0.0328125 0.03828125
1 0.68203125 0.45078125 0.0328125 0.03828125
1 0.68046875 0.49609375 0.0359375 0.04921875
1 0.709375 0.48046875 0.034375 0.046875
1 0.709375 0.52109375 0.03828125 0.03828125
1 0.709375 0.43203125 0.034375 0.04453125
1 0.73984375 0.540625 0.0359375 0.0359375
1 0.76875 0.5640625 0.04140625 0.04453125
1 0.7421875 0.50234375 0.03828125 0.040625
1 0.73828125 0.4578125 0.0359375 0.04453125
1 0.73984375 0.4125 0.03828125 0.0421875
1 0.73828125 0.37265625 0.04296875 0.0421875
1 0.77265625 0.34921875 0.034375 0.046875
1 0.77109375 0.3890625 0.0359375 0.0421875
1 0.77265625 0.434375 0.04140625 0.04921875
1 0.77265625 0.47890625 0.03828125 0.0421875
1 0.77109375 0.51953125 0.03828125 0.04453125
1 0.8 0.5875 0.034375 0.040625
1 0.8015625 0.5421875 0.03828125 0.04453125
1 0.8015625 0.5 0.03828125 0.04453125
1 0.8 0.41953125 0.0328125 0.0421875
1 0.803125 0.37421875 0.0359375 0.046875
1 0.803125 0.32578125 0.04140625 0.046875
1 0.83203125 0.565625 0.03984375 0.0359375
1 0.83359375 0.52734375 0.03828125 0.046875
1 0.8359375 0.48046875 0.03828125 0.040625
1 0.83359375 0.43828125 0.03828125 0.0421875
1 0.83359375 0.39765625 0.03828125 0.04921875
1 0.8359375 0.34921875 0.0359375 0.04453125
1 0.83203125 0.30625 0.03828125 0.040625
1 0.86484375 0.546875 0.02890625 0.04453125
1 0.86484375 0.50625 0.03984375 0.040625
1 0.86484375 0.46171875 0.0359375 0.04453125
1 0.8625 0.4171875 0.0328125 0.0421875
1 0.86484375 0.37265625 0.02890625 0.034375
1 0.86640625 0.334375 0.03828125 0.040625
1 0.86640625 0.2875 0.0359375 0.053125
1 0.896875 0.22578125 0.03828125 0.046875
1 0.90078125 0.265625 0.03984375 0.0421875
1 0.90234375 0.30859375 0.03984375 0.046875
1 0.90234375 0.346875 0.03984375 0.040625
1 0.8953125 0.39375 0.03828125 0.05078125
1 0.8953125 0.43828125 0.03984375 0.05078125
1 0.896875 0.47890625 0.0328125 0.040625
1 0.8953125 0.5234375 0.03984375 0.04453125
1 0.8953125 0.565625 0.03984375 0.04453125
1 0.98359375 0.92578125 0.0328125 0.0421875
1 0.953125 0.90390625 0.03828125 0.0421875
1 0.9546875 0.86171875 0.0328125 0.03828125
1 0.984375 0.884375 0.03046875 0.0359375
1 0.9546875 0.82109375 0.03828125 0.040625
1 0.9875 0.80234375 0.025 0.03828125
1 0.95703125 0.7765625 0.034375 0.046875
1 0.98359375 0.76171875 0.0328125 0.04453125
1 0.95703125 0.7359375 0.034375 0.03828125
1 0.98359375 0.71484375 0.0328125 0.03828125
1 0.95703125 0.69140625 0.0359375 0.0359375
1 0.98359375 0.67109375 0.0328125 0.04453125
1 0.95703125 0.65078125 0.0234375 0.0296875
1 0.95703125 0.60859375 0.0359375 0.03828125
1 0.98515625 0.5953125 0.0296875 0.04375
1 0.92578125 0.5890625 0.0328125 0.040625
1 0.95859375 0.5703125 0.04140625 0.04453125
1 0.984375 0.55078125 0.03046875 0.0421875
1 0.928125 0.54453125 0.03828125 0.040625
1 0.95703125 0.52734375 0.03828125 0.040625
1 0.984375 0.50625 0.03046875 0.0421875
1 0.928125 0.50234375 0.0359375 0.03828125
1 0.93125 0.4640625 0.04140625 0.046875
1 0.95859375 0.48515625 0.03046875 0.040625
1 0.95703125 0.43828125 0.03984375 0.046875
1 0.92421875 0.42109375 0.021875 0.034375
1 0.92578125 0.38046875 0.034375 0.0421875
1 0.98359375 0.37421875 0.0328125 0.03828125
1 0.984375 0.41953125 0.03046875 0.05546875
1 0.95859375 0.35078125 0.03984375 0.046875
1 0.9296875 0.3359375 0.0359375 0.040625
1 0.95859375 0.31484375 0.034375 0.0421875
1 0.9296875 0.29140625 0.0359375 0.046875
1 0.928125 0.25078125 0.03046875 0.03828125
1 0.93125 0.20625 0.03984375 0.053125
1 0.96015625 0.2703125 0.0359375 0.04453125
1 0.98515625 0.33046875 0.0296875 0.0421875
1 0.9859375 0.29296875 0.028125 0.0453125
1 0.96015625 0.22734375 0.03984375 0.03828125
1 0.9859375 0.25 0.028125 0.046875
1 0.9640625 0.1828125 0.0359375 0.04921875
1 0.9875 0.1703125 0.025 0.059375
1 0.0234375 0.7109375 0.034375 0.040625
1 0.08515625 0.70625 0.034375 0.040625
1 0.05390625 0.6875 0.0359375 0.0421875
1 0.01953125 0.665625 0.03046875 0.0359375
1 0.05390625 0.64453125 0.03828125 0.04453125
1 0.08671875 0.665625 0.0359375 0.0359375
1 0.1171875 0.6890625 0.0328125 0.0421875
1 0.15 0.6703125 0.034375 0.04453125
1 0.17890625 0.69140625 0.0359375 0.04453125
1 0.2109375 0.67265625 0.034375 0.03828125
1 0.115625 0.64921875 0.0359375 0.03828125
1 0.08828125 0.62578125 0.034375 0.03828125
1 0.025 0.62578125 0.0359375 0.0421875
1 0.05234375 0.60390625 0.0359375 0.0421875
1 0.0234375 0.5828125 0.034375 0.040625
1 0.05625 0.56171875 0.0328125 0.0421875
1 0.025 0.540625 0.034375 0.0421875
1 0.08515625 0.5875 0.0328125 0.040625
1 0.11875 0.60859375 0.034375 0.03828125
1 0.15 0.6296875 0.0359375 0.03828125
1 0.14765625 0.5890625 0.03828125 0.04453125
1 0.1140625 0.5640625 0.03984375 0.046875
1 0.14765625 0.54921875 0.03984375 0.04453125
1 0.115625 0.52109375 0.03828125 0.040625
1 0.08671875 0.50390625 0.02734375 0.0296875
1 0.025 0.50234375 0.034375 0.0359375
1 0.18046875 0.646875 0.034375 0.04453125
1 0.23984375 0.653125 0.034375 0.04453125
1 0.209375 0.62734375 0.04140625 0.0421875
1 0.1765625 0.6109375 0.034375 0.0359375
1 0.18203125 0.57421875 0.0359375 0.04453125
1 0.21328125 0.59140625 0.0359375 0.0359375
1 0.23984375 0.6109375 0.034375 0.03828125
1 0.27265625 0.63203125 0.0359375 0.046875
1 0.36484375 0.6 0.02890625 0.046875
1 0.3046875 0.61484375 0.0359375 0.03828125
1 0.3359375 0.5890625 0.03046875 0.0421875
1 0.2421875 0.5703125 0.034375 0.040625
1 0.27265625 0.59140625 0.03984375 0.03828125
1 0.2765625 0.54921875 0.034375 0.053125
1 0.30703125 0.56796875 0.04140625 0.046875
1 0.3390625 0.54921875 0.03828125 0.05078125
1 0.371875 0.54453125 0.0359375 0.05078125
1 0.40078125 0.546875 0.03046875 0.04453125
1 0.21328125 0.55078125 0.03046875 0.04453125
1 0.23984375 0.5296875 0.034375 0.0359375
1 0.18203125 0.52734375 0.034375 0.0421875
1 0.1515625 0.5 0.04140625 0.04453125
1 0.0578125 0.47890625 0.03828125 0.034375
1 0.1171875 0.47890625 0.03828125 0.040625
1 0.184375 0.4828125 0.034375 0.0421875
1 0.21328125 0.5 0.034375 0.04453125
1 0.24375 0.4828125 0.03046875 0.04453125
1 0.27421875 0.50625 0.03984375 0.0421875
1 0.30703125 0.5234375 0.034375 0.03828125
1 0.3375 0.50390625 0.0359375 0.04453125
1 0.36484375 0.4875 0.0328125 0.046875
1 0.39921875 0.50625 0.03828125 0.040625
1 0.43515625 0.5234375 0.0359375 0.046875
1 0.4640625 0.50390625 0.034375 0.0421875
1 0.4890625 0.48046875 0.0328125 0.046875
1 0.51953125 0.46171875 0.034375 0.04921875
1 0.55390625 0.44453125 0.04140625 0.05078125
1 0.3953125 0.465625 0.0359375 0.0421875
1 0.43125 0.4828125 0.03828125 0.0421875
1 0.4640625 0.465625 0.03984375 0.04453125
1 0.49296875 0.4421875 0.034375 0.0421875
1 0.5234375 0.42109375 0.0359375 0.05078125
1 0.428125 0.4421875 0.03984375 0.04453125
1 0.46171875 0.42109375 0.034375 0.04921875
1 0.49296875 0.4 0.034375 0.04453125
1 0.30703125 0.4828125 0.0359375 0.03828125
1 0.025 0.459375 0.04140625 0.04453125
1 0.0578125 0.4359375 0.03828125 0.04921875
1 0.08671875 0.45546875 0.0453125 0.040625
1 0.11875 0.43828125 0.034375 0.0421875
1 0.15 0.41953125 0.034375 0.0421875
1 0.17890625 0.440625 0.03828125 0.04453125
1 0.18046875 0.4 0.034375 0.04453125
1 0.21484375 0.4578125 0.034375 0.040625
1 0.025 0.4125 0.03828125 0.04453125
1 0.0921875 0.4171875 0.0359375 0.040625
1 0.12109375 0.39765625 0.0359375 0.046875
1 0.0578125 0.39140625 0.0359375 0.0421875
1 0.0921875 0.3765625 0.04140625 0.0421875
1 0.12265625 0.35078125 0.02890625 0.0421875
1 0.15546875 0.33203125 0.03984375 0.0421875
1 0.153125 0.37421875 0.0359375 0.04921875
1 0.184375 0.3578125 0.03828125 0.05078125
1 0.21484375 0.37265625 0.034375 0.04453125
1 0.21328125 0.4171875 0.034375 0.0421875
1 0.24375 0.440625 0.03046875 0.04453125
1 0.2765625 0.465625 0.034375 0.046875
1 0.27265625 0.4234375 0.0328125 0.0421875
1 0.303125 0.440625 0.02890625 0.04921875
1 0.33046875 0.46171875 0.0359375 0.0359375
1 0.3375 0.4234375 0.03828125 0.046875
1 0.36796875 0.44921875 0.03984375 0.04453125
1 0.396875 0.41953125 0.034375 0.0421875
1 0.36640625 0.40234375 0.03984375 0.04453125
1 0.303125 0.4 0.0359375 0.04453125
1 0.24375 0.4 0.03046875 0.03828125
1 0.27421875 0.37890625 0.0328125 0.04453125
1 0.2421875 0.35546875 0.0328125 0.034375
1 0.30859375 0.34921875 0.03984375 0.040625
1 0.34296875 0.3765625 0.034375 0.0421875
1 0.36796875 0.3578125 0.02890625 0.03828125
1 0.4296875 0.4 0.03828125 0.0421875
1 0.4296875 0.36171875 0.034375 0.040625
1 0.40234375 0.340625 0.03828125 0.040625
1 0.3390625 0.334375 0.03046875 0.0421875
1 0.36796875 0.32109375 0.034375 0.040625
1 0.24765625 0.3171875 0.03828125 0.0421875
1 0.278125 0.3171875 0.02890625 0.04453125
1 0.30703125 0.3109375 0.034375 0.040625
1 0.46171875 0.37890625 0.0359375 0.040625
1 0.46171875 0.340625 0.04296875 0.046875
1 0.428125 0.30859375 0.034375 0.04453125
1 0.39921875 0.29765625 0.03984375 0.0421875
1 0.3390625 0.29609375 0.0328125 0.040625
1 0.3703125 0.2765625 0.034375 0.0421875
1 0.1859375 0.3109375 0.03046875 0.0359375
1 0.49453125 0.359375 0.0359375 0.04453125
1 0.5234375 0.37890625 0.034375 0.0421875
1 0.55234375 0.36171875 0.0328125 0.0421875
1 0.58515625 0.3828125 0.034375 0.046875
1 0.6171875 0.4109375 0.03984375 0.04921875
1 0.65 0.3875 0.03828125 0.04921875
1 0.6171875 0.365625 0.0359375 0.0421875
1 0.5828125 0.340625 0.03046875 0.040625
1 0.6171875 0.3234375 0.03984375 0.040625
1 0.65 0.34453125 0.034375 0.0421875
1 0.684375 0.32578125 0.034375 0.046875
1 0.71484375 0.3109375 0.03828125 0.046875
1 0.7453125 0.2875 0.034375 0.046875
1 0.5234375 0.3296875 0.034375 0.04921875
1 0.55390625 0.31953125 0.0328125 0.03828125
1 0.590625 0.30234375 0.02890625 0.04453125
1 0.490625 0.31953125 0.0359375 0.0421875
1 0.46015625 0.29765625 0.034375 0.0421875
1 0.5234375 0.29375 0.0234375 0.02734375
1 0.55625 0.27890625 0.03828125 0.03828125
1 0.490625 0.27890625 0.034375 0.03828125
1 0.5234375 0.26171875 0.034375 0.0421875
1 0.43125 0.27265625 0.02890625 0.03203125
1 0.40078125 0.2578125 0.02890625 0.040625
1 0.4296875 0.234375 0.034375 0.03828125
1 0.490625 0.23828125 0.0359375 0.0421875
1 0.4640625 0.2125 0.03984375 0.0421875
1 0.40234375 0.20859375 0.0359375 0.0421875
1 0.0234375 0.3578125 0.0328125 0.034375
1 0.05390625 0.35078125 0.034375 0.0359375
1 0.08671875 0.334375 0.0359375 0.040625
1 0.1171875 0.3109375 0.034375 0.040625
1 0.153125 0.29140625 0.034375 0.040625
1 0.1859375 0.27265625 0.03828125 0.040625
1 0.21328125 0.28046875 0.02890625 0.0359375
1 0.27421875 0.2890625 0.0328125 0.03203125
1 0.24375 0.2640625 0.0359375 0.0421875
1 0.21328125 0.2421875 0.04140625 0.040625
1 0.30703125 0.27265625 0.0328125 0.03828125
1 0.278125 0.24921875 0.034375 0.0359375
1 0.0234375 0.32109375 0.0359375 0.03828125
1 0.05625 0.30859375 0.0359375 0.0421875
1 0.090625 0.28515625 0.0359375 0.03828125
1 0.12265625 0.2703125 0.0359375 0.046875
1 0.153125 0.246875 0.0328125 0.0421875
1 0.1859375 0.22734375 0.0328125 0.046875
1 0.0234375 0.28515625 0.034375 0.034375
1 0.05625 0.26171875 0.0328125 0.04453125
1 0.08828125 0.24453125 0.0359375 0.04453125
1 0.02734375 0.240625 0.0359375 0.040625
1 0.0578125 0.22109375 0.03046875 0.034375
1 0.02890625 0.2 0.03984375 0.03828125
1 0.06328125 0.18515625 0.03828125 0.0421875
1 0.0921875 0.20234375 0.03984375 0.046875
1 0.0359375 0.1640625 0.03828125 0.0421875
1 0.06171875 0.13828125 0.03984375 0.046875
1 0.09765625 0.12109375 0.034375 0.046875
1 0.1265625 0.10234375 0.02890625 0.0359375
1 0.09375 0.16171875 0.0328125 0.03828125
1 0.12421875 0.1421875 0.034375 0.03828125
1 0.15703125 0.1171875 0.0359375 0.0421875
1 0.12421875 0.18046875 0.034375 0.040625
1 0.153125 0.20390625 0.03828125 0.0421875
1 0.15703125 0.16171875 0.03984375 0.046875
1 0.1859375 0.09765625 0.01796875 0.02109375
1 0.21875 0.10625 0.04140625 0.0421875
1 0.18984375 0.13828125 0.0359375 0.0421875
1 0.18984375 0.18046875 0.0359375 0.0421875
1 0.21875 0.159375 0.03828125 0.046875
1 0.2453125 0.140625 0.0328125 0.03828125
1 0.27421875 0.12109375 0.0328125 0.0421875
1 0.30859375 0.10625 0.034375 0.040625
1 0.34140625 0.11484375 0.0359375 0.04453125
1 0.31015625 0.14453125 0.03984375 0.040625
1 0.221875 0.20234375 0.03984375 0.040625
1 0.24765625 0.18046875 0.0328125 0.046875
1 0.278125 0.1640625 0.0359375 0.04453125
1 0.2453125 0.22578125 0.0328125 0.03828125
1 0.278125 0.20859375 0.0328125 0.04453125
1 0.30859375 0.18515625 0.03046875 0.040625
1 0.30859375 0.22734375 0.0328125 0.04453125
1 0.3390625 0.253125 0.034375 0.03828125
1 0.3703125 0.234375 0.0328125 0.040625
1 0.3390625 0.20859375 0.034375 0.04921875
1 0.36796875 0.18515625 0.03046875 0.040625
1 0.34140625 0.1640625 0.0359375 0.040625
1 0.371875 0.1421875 0.03046875 0.040625
1 0.40234375 0.1578125 0.0328125 0.03828125
1 0.40234375 0.11484375 0.034375 0.046875
1 0.4640625 0.16796875 0.03984375 0.04453125
1 0.43515625 0.14921875 0.034375 0.0359375
1 0.43359375 0.10859375 0.03984375 0.040625
1 0.465625 0.12578125 0.0328125 0.04453125
1 0.49609375 0.1125 0.0328125 0.04453125
1 0.525 0.12578125 0.034375 0.04453125
1 0.55625 0.1109375 0.02734375 0.03203125
1 0.525 0.2171875 0.0359375 0.0421875
1 0.525 0.17265625 0.03984375 0.046875
1 0.55625 0.15078125 0.0328125 0.046875
1 0.55390625 0.19375 0.0359375 0.0421875
1 0.55390625 0.2359375 0.03828125 0.04453125
1 0.58671875 0.26171875 0.034375 0.040625
1 0.58828125 0.2171875 0.03984375 0.0421875
1 0.58828125 0.1765625 0.0359375 0.0359375
1 0.58828125 0.13203125 0.034375 0.046875
1 0.62109375 0.11953125 0.034375 0.040625
1 0.62265625 0.159375 0.0328125 0.0421875
1 0.62109375 0.19765625 0.0328125 0.03828125
1 0.62265625 0.2359375 0.0359375 0.040625
1 0.61875 0.28046875 0.034375 0.04453125
1 0.653125 0.30390625 0.0359375 0.040625
1 0.684375 0.2828125 0.03046875 0.040625
1 0.653125 0.26171875 0.034375 0.04453125
1 0.71328125 0.2640625 0.0328125 0.03828125
1 0.6859375 0.23828125 0.034375 0.04453125
1 0.65703125 0.20859375 0.0328125 0.02734375
1 0.653125 0.17890625 0.0328125 0.040625
1 0.6515625 0.1359375 0.0328125 0.046875
1 0.68046875 0.1234375 0.0328125 0.034375
1 0.6859375 0.15546875 0.0359375 0.03828125
1 0.68203125 0.19609375 0.0328125 0.04453125
1 0.71484375 0.140625 0.0328125 0.05078125
1 0.7453125 0.12109375 0.0359375 0.0421875
1 0.71484375 0.1828125 0.0328125 0.03828125
1 0.71640625 0.22109375 0.03046875 0.04453125
1 0.73984375 0.24453125 0.02890625 0.0421875
1 0.7421875 0.20390625 0.03046875 0.04453125
1 0.7453125 0.16171875 0.03046875 0.0421875
1 0.7765625 0.2640625 0.034375 0.04453125
1 0.80703125 0.24453125 0.02890625 0.04453125
1 0.8359375 0.22109375 0.0328125 0.04921875
1 0.86640625 0.20390625 0.03046875 0.04453125
1 0.77421875 0.2234375 0.03984375 0.040625
1 0.80703125 0.20390625 0.02890625 0.040625
1 0.77421875 0.1828125 0.03828125 0.03828125
1 0.7765625 0.13828125 0.03828125 0.053125
1 0.803125 0.11953125 0.0359375 0.0359375
1 0.8046875 0.16171875 0.0359375 0.046875
1 0.8375 0.1421875 0.0359375 0.046875
1 0.8359375 0.18046875 0.03828125 0.0359375
1 0.86796875 0.159375 0.02890625 0.0359375
1 0.86796875 0.12109375 0.0328125 0.03828125
1 0.89921875 0.140625 0.03046875 0.040625
1 0.928125 0.12578125 0.02890625 0.0359375
1 0.06875 0.053125 0.04140625 0.0421875
1 0.1265625 0.05546875 0.03984375 0.040625
1 0.09921875 0.03203125 0.04140625 0.046875
1 0.06640625 0.0171875 0.03984375 0.034375
1 0.128125 0.01953125 0.0359375 0.03828125
1 0.15546875 0.03203125 0.03828125 0.0421875
1 0.18671875 0.02109375 0.04140625 0.0421875
1 0.2234375 0.034375 0.0359375 0.03203125
1 0.24921875 0.01953125 0.0328125 0.03828125
1 0.278125 0.04453125 0.03984375 0.04453125
1 0.31015625 0.02265625 0.04296875 0.04453125
1 0.34140625 0.040625 0.0328125 0.03828125
1 0.3734375 0.0234375 0.04140625 0.046875
1 0.40625 0.04921875 0.0328125 0.0421875
1 0.43515625 0.059375 0.03828125 0.04453125
1 0.49453125 0.06171875 0.0328125 0.03828125
1 0.465625 0.040625 0.03984375 0.04453125
1 0.52890625 0.046875 0.0359375 0.040625
1 0.58671875 0.0421875 0.0328125 0.03828125
1 0.61875 0.0640625 0.034375 0.03828125
1 0.68203125 0.07265625 0.03046875 0.034375
1 0.6515625 0.05078125 0.03828125 0.0359375
1 0.71328125 0.05546875 0.0359375 0.0421875
1 0.74375 0.07265625 0.03046875 0.0296875
1 0.56171875 0.02734375 0.03046875 0.040625
1 0.21796875 0.01015625 0.0359375 0.0203125
1 0.34375 0.01015625 0.034375 0.0203125
1 0.4078125 0.01171875 0.0359375 0.0234375
1 0.43828125 0.01953125 0.0359375 0.03828125
1 0.49609375 0.02578125 0.0328125 0.040625
1 0.52890625 0.0140625 0.0359375 0.02734375
1 0.56015625 0.00625 0.034375 0.0125
1 0.5890625 0.01171875 0.03828125 0.0234375
1 0.62109375 0.0296875 0.03046875 0.040625
1 0.6515625 0.01640625 0.0375 0.0328125
1 0.68203125 0.034375 0.0359375 0.046875
1 0.7140625 0.0171875 0.03046875 0.034375
1 0.68125 0.00546875 0.034375 0.0109375
1 0.7765625 0.05546875 0.03046875 0.03828125
1 0.8046875 0.07421875 0.0328125 0.034375
1 0.80703125 0.0359375 0.03984375 0.0421875
1 0.8390625 0.0578125 0.03046875 0.0359375
1 0.86796875 0.0828125 0.0328125 0.03828125
1 0.89921875 0.0578125 0.03828125 0.034375
1 0.93125 0.08046875 0.03046875 0.0359375
1 0.93125 0.040625 0.034375 0.0421875
1 0.9875 0.084375 0.025 0.0359375
1 0.9640625 0.06171875 0.034375 0.0421875
1 0.98828125 0.04609375 0.0234375 0.04453125
1 0.96171875 0.02109375 0.0328125 0.040625
1 0.98828125 0.01171875 0.0234375 0.0234375
1 0.86796875 0.0421875 0.04140625 0.05078125
1 0.90234375 0.02109375 0.0328125 0.0421875
1 0.92890625 0.01171875 0.034375 0.0234375
1 0.8390625 0.01953125 0.0328125 0.03828125
1 0.8671875 0.00859375 0.034375 0.0171875
1 0.8046875 0.00546875 0.0328125 0.0109375
1 0.7453125 0.034375 0.0328125 0.0359375
1 0.74296875 0.0078125 0.034375 0.01484375