1 0.9640625 0.89296875 0.05546875 0.06875
1 0.98828125 0.8046875 0.0234375 0.06484375
1 0.9640625 0.96015625 0.0515625 0.06484375
1 0.98671875 0.98359375 0.0265625 0.0328125
1 0.9140625 0.8078125 0.0484375 0.0546875
1 0.02265625 0.10078125 0.04453125 0.075
1 0.025 0.16953125 0.05 0.0625
1 0.025 0.234375 0.05 0.0625
1 0.02109375 0.30390625 0.0421875 0.0671875
1 0.0234375 0.35859375 0.04609375 0.05234375
1 0.02265625 0.425 0.04453125 0.07109375
1 0.01796875 0.553125 0.0359375 0.0609375
1 0.01875 0.6203125 0.0375 0.06484375
1 0.02109375 0.68515625 0.0421875 0.0609375
1 0.01953125 0.74921875 0.0390625 0.0625
1 0.01953125 0.8171875 0.0390625 0.06484375
1 0.0171875 0.88046875 0.03359375 0.05859375
1 0.01796875 0.9453125 0.0359375 0.0625
1 0.01796875 0.990625 0.0359375 0.01875
1 0.05703125 0.96875 0.04609375 0.05859375
1 0.05546875 0.91015625 0.0484375 0.06484375
1 0.0625 0.7828125 0.05859375 0.06484375
1 0.0625 0.71953125 0.0484375 0.06484375
1 0.0640625 0.64609375 0.0515625 0.06875
1 0.0640625 0.57734375 0.05390625 0.05859375
1 0.0609375 0.51640625 0.05 0.05859375
1 0.0640625 0.4515625 0.04609375 0.0546875
1 0.06640625 0.3890625 0.04296875 0.06875
1 0.06953125 0.328125 0.04296875 0.05625
1 0.06640625 0.271875 0.0515625 0.0484375
1 0.06640625 0.2109375 0.05 0.05859375
1 0.06953125 0.14453125 0.05 0.06875
1 0.11953125 0.1109375 0.05390625 0.05859375
1 0.16796875 0.1359375 0.05 0.0546875
1 0.11953125 0.178125 0.0515625 0.05
1 0.1625 0.2109375 0.04453125 0.05859375
1 0.11640625 0.240625 0.05 0.0625
1 0.1140625 0.31171875 0.05859375 0.0609375
1 0.1609375 0.27578125 0.0484375 0.05625
1 0.1109375 0.3703125 0.04609375 0.05859375
1 0.15703125 0.3328125 0.05 0.05234375
1 0.15703125 0.39296875 0.0515625 0.05625
1 0.10703125 0.4328125 0.05 0.05859375
1 0.10859375 0.5 0.0484375 0.0609375
1 0.1140625 0.5625 0.05390625 0.0625
1 0.10859375 0.6234375 0.05546875 0.0546875
1 0.10546875 0.6921875 0.04296875 0.05625
1 0.10546875 0.8140625 0.05 0.07109375
1 0.1484375 0.84765625 0.05 0.05859375
1 0.10546875 0.87890625 0.05 0.05859375
1 0.10859375 0.9453125 0.0515625 0.05625
1 0.1046875 0.98984375 0.05625 0.0203125
1 0.1515625 0.97578125 0.04609375 0.0484375
1 0.1515625 0.9140625 0.05 0.05234375
1 0.1515625 0.784375 0.05859375 0.07109375
1 0.15 0.71953125 0.05390625 0.0625
1 0.15546875 0.65703125 0.05546875 0.06484375
1 0.15546875 0.5921875 0.0515625 0.06484375
1 0.15703125 0.525 0.0515625 0.05859375
1 0.15859375 0.46015625 0.0609375 0.0609375
1 0.2140625 0.10703125 0.0515625 0.0609375
1 0.16015625 0.025 0.0625 0.05
1 0.2109375 0.16953125 0.05546875 0.05625
1 0.2109375 0.234375 0.05703125 0.05625
1 0.20859375 0.29296875 0.04140625 0.05
1 0.2109375 0.36015625 0.05 0.05625
1 0.20703125 0.4265625 0.05390625 0.0609375
1 0.20546875 0.49375 0.04296875 0.05234375
1 0.2015625 0.55625 0.05390625 0.05625
1 0.20546875 0.62734375 0.05390625 0.075
1 0.20390625 0.6921875 0.05546875 0.05
1 0.2 0.75546875 0.05859375 0.05859375
1 0.2015625 0.815625 0.0515625 0.0609375
1 0.2 0.88671875 0.05 0.0625
1 0.2015625 0.94765625 0.04609375 0.05234375
1 0.19453125 0.98984375 0.0453125 0.0203125
1 0.2453125 0.97734375 0.05625 0.0453125
1 0.24453125 0.9203125 0.0515625 0.0625
1 0.25 0.85546875 0.05703125 0.05859375
1 0.25390625 0.79296875 0.05546875 0.0671875
1 0.2515625 0.73046875 0.0515625 0.05625
1 0.2515625 0.6609375 0.05 0.06484375
1 0.25 0.59453125 0.05859375 0.0671875
1 0.25 0.52734375 0.0515625 0.0671875
1 0.25 0.4625 0.05703125 0.0671875
1 0.2515625 0.3953125 0.04609375 0.0609375
1 0.25390625 0.334375 0.05390625 0.0671875
1 0.25546875 0.27578125 0.05390625 0.06484375
1 0.25546875 0.2046875 0.05390625 0.0671875
1 0.25859375 0.13828125 0.0484375 0.06875
1 0.28984375 0.99140625 0.04140625 0.01640625
1 0.29296875 0.9453125 0.04609375 0.075
1 0.29609375 0.821875 0.05 0.06484375
1 0.2984375 0.76171875 0.04609375 0.0609375
1 0.34296875 0.790625 0.05390625 0.0625
1 0.34296875 0.8578125 0.05703125 0.06484375
1 0.34296875 0.72578125 0.0484375 0.06484375
1 0.29296875 0.69453125 0.0484375 0.05625
1 0.2984375 0.63203125 0.05 0.0609375
1 0.3015625 0.56484375 0.05390625 0.0609375
1 0.3015625 0.49609375 0.0515625 0.05625
1 0.2984375 0.43515625 0.04296875 0.05234375
1 0.33828125 0.978125 0.0484375 0.04375
1 0.34296875 0.9265625 0.05390625 0.0609375
1 0.38828125 0.99140625 0.0484375 0.01640625
1 0.3890625 0.95390625 0.04609375 0.0609375
1 0.91640625 0.98515625 0.05 0.02890625
1 0.8625 0.95625 0.04609375 0.0734375
1 0.9140625 0.93515625 0.04453125 0.05625
1 0.8734375 0.89140625 0.04453125 0.0546875
1 0.4359375 0.975 0.0609375 0.05
1 0.4359375 0.925 0.04609375 0.05
1 0.39140625 0.88671875 0.05390625 0.06484375
1 0.6671875 0.99296875 0.05 0.0140625
1 0.7203125 0.98359375 0.05625 0.0328125
1 0.81640625 0.98125 0.05 0.0375
1 0.62109375 0.984375 0.04609375 0.03125
1 0.67890625 0.96015625 0.04609375 0.0546875
1 0.725 0.93515625 0.04453125 0.05859375
1 0.77109375 0.89765625 0.05 0.05859375
1 0.7734375 0.97109375 0.04296875 0.05234375
1 0.81640625 0.93125 0.04609375 0.05625
1 0.86640625 0.840625 0.04296875 0.0484375
1 0.52890625 0.98125 0.0390625 0.0375
1 0.4859375 0.96015625 0.04296875 0.05625
1 0.39296875 0.821875 0.0609375 0.05234375
1 0.43203125 0.7890625 0.0515625 0.04609375
1 0.43359375 0.86015625 0.05546875 0.06484375
1 0.4859375 0.89140625 0.05390625 0.0625
1 0.52890625 0.925 0.05859375 0.06484375
1 0.5765625 0.9515625 0.04453125 0.05234375
1 0.6234375 0.9328125 0.05 0.0609375
1 0.675 0.90390625 0.0515625 0.05234375
1 0.7234375 0.8703125 0.05 0.05859375
1 0.52890625 0.85390625 0.04453125 0.05234375
1 0.48359375 0.828125 0.04453125 0.0484375
1 0.5265625 0.79296875 0.05 0.0546875
1 0.4875 0.76171875 0.0390625 0.04609375
1 0.5765625 0.82421875 0.04296875 0.0609375
1 0.625 0.86640625 0.04453125 0.0484375
1 0.675 0.8328125 0.04609375 0.0546875
1 0.62890625 0.7953125 0.0515625 0.04609375
1 0.76953125 0.83671875 0.04609375 0.05859375
1 0.81640625 0.8078125 0.04609375 0.05234375
1 0.8625 0.778125 0.04296875 0.05859375
1 0.9125 0.74453125 0.0515625 0.0546875
1 0.99296875 0.6859375 0.0140625 0.05
1 0.9640625 0.6546875 0.04140625 0.04609375
1 0.990625 0.63125 0.01875 0.06875
1 0.91796875 0.678125 0.04609375 0.05234375
1 0.725 0.7953125 0.0515625 0.05234375
1 0.76953125 0.765625 0.04609375 0.0546875
1 0.81796875 0.740625 0.0515625 0.05234375
1 0.86796875 0.70703125 0.05 0.0609375
1 0.9140625 0.61328125 0.05859375 0.0546875
1 0.9640625 0.5875 0.05 0.0625
1 0.97109375 0.525 0.0359375 0.0484375
1 0.91953125 0.5484375 0.0484375 0.05
1 0.2546875 0.0234375 0.053125 0.046875
1 0.3 0.0484375 0.0484375 0.05234375
1 0.3046875 0.00859375 0.0515625 0.01640625
1 0.34921875 0.0234375 0.0421875 0.046875
1 0.39609375 0.0484375 0.05703125 0.05859375
1 0.39375 0.0109375 0.05625 0.021875
1 0.4453125 0.0296875 0.05625 0.059375
1 0.4921875 0.0125 0.0515625 0.025
1 0.4984375 0.0546875 0.04609375 0.0609375
1 0.54140625 0.0296875 0.0515625 0.059375
1 0.58828125 0.0125 0.0484375 0.025
1 0.6359375 0.03125 0.0484375 0.05859375
1 0.6828125 0.01484375 0.0515625 0.02890625
1 0.7765625 0.06484375 0.0390625 0.05
1 0.77578125 0.01484375 0.04140625 0.02890625
1 0.825 0.0375 0.0515625 0.05
1 0.875 0.06484375 0.03046875 0.03984375
1 0.87421875 0.015625 0.0484375 0.03125
1 0.9640625 0.07109375 0.04453125 0.05234375
1 0.96953125 0.02109375 0.04609375 0.0421875
1 0.43359375 0.72578125 0.04296875 0.05
1 0.39609375 0.696875 0.05703125 0.05234375
1 0.34453125 0.6609375 0.05546875 0.0625
1 0.4859375 0.696875 0.0484375 0.05859375
1 0.53359375 0.72578125 0.05390625 0.05234375
1 0.58359375 0.76171875 0.06796875 0.05859375
1 0.63046875 0.73828125 0.04609375 0.05859375
1 0.6765625 0.765625 0.04296875 0.05
1 0.68046875 0.70078125 0.04609375 0.0625
1 0.72109375 0.734375 0.0484375 0.0546875
1 0.7765625 0.70078125 0.0515625 0.0609375
1 0.81953125 0.6796875 0.0375 0.0546875
1 0.86796875 0.63984375 0.05390625 0.0609375
1 0.86640625 0.5796875 0.04140625 0.05859375
1 0.5859375 0.69453125 0.05703125 0.06875
1 0.63359375 0.671875 0.04453125 0.05625
1 0.6765625 0.64453125 0.04140625 0.05859375
1 0.72890625 0.6671875 0.0484375 0.0625
1 0.72109375 0.60859375 0.0515625 0.0609375
1 0.7734375 0.64453125 0.04296875 0.0546875
1 0.82109375 0.61484375 0.04296875 0.05625
1 0.775 0.575 0.05 0.0671875
1 0.82109375 0.55 0.04453125 0.06484375
1 0.86796875 0.51875 0.04453125 0.0609375
1 0.53046875 0.66328125 0.04609375 0.05625
1 0.44140625 0.6609375 0.04296875 0.03984375
1 0.3890625 0.62734375 0.0390625 0.05859375
1 0.3515625 0.59609375 0.0515625 0.05859375
1 0.3484375 0.52890625 0.05390625 0.05625
1 0.39296875 0.56875 0.04453125 0.05859375
1 0.4375 0.60234375 0.05390625 0.0671875
1 0.4859375 0.6359375 0.05546875 0.0609375
1 0.58203125 0.62734375 0.0484375 0.05234375
1 0.6265625 0.6046875 0.0515625 0.0546875
1 0.675 0.5734375 0.04609375 0.0609375
1 0.7234375 0.5421875 0.05546875 0.05859375
1 0.775 0.51015625 0.04453125 0.05625
1 0.77109375 0.4515625 0.04453125 0.0546875
1 0.53359375 0.59609375 0.0515625 0.0609375
1 0.4859375 0.57109375 0.05 0.0609375
1 0.4390625 0.53125 0.05546875 0.05234375
1 0.39453125 0.50234375 0.0515625 0.0609375
1 0.4390625 0.47109375 0.0484375 0.0484375
1 0.4875 0.49375 0.0515625 0.05859375
1 0.53359375 0.52890625 0.0484375 0.05234375
1 0.5859375 0.5671875 0.05546875 0.0609375
1 0.62890625 0.5421875 0.04140625 0.06484375
1 0.675 0.5125 0.04609375 0.05625
1 0.72890625 0.47890625 0.0484375 0.05859375
1 0.72890625 0.4078125 0.04609375 0.0625
1 0.35 0.46875 0.0515625 0.05859375
1 0.39453125 0.4375 0.05 0.05
1 0.34609375 0.40390625 0.05859375 0.05859375
1 0.5859375 0.50234375 0.05 0.0609375
1 0.53359375 0.47109375 0.0484375 0.05625
1 0.63046875 0.47265625 0.04296875 0.05234375
1 0.67890625 0.44375 0.05546875 0.05625
1 0.58203125 0.4390625 0.0484375 0.0625
1 0.625 0.40546875 0.0484375 0.05234375
1 0.44140625 0.40390625 0.0484375 0.04609375
1 0.49140625 0.37421875 0.0484375 0.05234375
1 0.53359375 0.4125 0.0515625 0.06484375
1 0.825 0.47890625 0.0515625 0.0609375
1 0.86953125 0.45625 0.04140625 0.05625
1 0.82109375 0.4140625 0.05390625 0.06484375
1 0.91640625 0.4875 0.04453125 0.0546875
1 0.9125 0.425 0.0484375 0.0484375
1 0.87109375 0.39296875 0.04609375 0.0546875
1 0.68046875 0.3765625 0.04609375 0.05234375
1 0.5859375 0.37265625 0.04609375 0.05234375
1 0.63046875 0.34765625 0.04453125 0.05234375
1 0.5390625 0.3390625 0.05 0.0546875
1 0.4390625 0.3453125 0.05 0.0546875
1 0.4890625 0.315625 0.05859375 0.0546875
1 0.5859375 0.3140625 0.04453125 0.05859375
1 0.62890625 0.2828125 0.0515625 0.05625
1 0.68203125 0.315625 0.0515625 0.0625
1 0.72890625 0.3515625 0.0484375 0.0609375
1 0.7765625 0.3828125 0.05 0.05234375
1 0.82109375 0.35546875 0.0484375 0.0484375
1 0.77890625 0.321875 0.0484375 0.05
1 0.875 0.33046875 0.0515625 0.0625
1 0.91796875 0.36015625 0.05 0.0609375
1 0.8234375 0.29921875 0.04609375 0.0625
1 0.73203125 0.290625 0.04609375 0.05234375
1 0.68359375 0.25703125 0.04453125 0.0546875
1 0.5390625 0.278125 0.0625 0.05859375
1 0.96640625 0.4640625 0.05546875 0.06875
1 0.99375 0.43125 0.0125 0.0546875
1 0.96953125 0.39296875 0.05390625 0.05859375
1 0.99453125 0.3640625 0.0109375 0.0546875
1 0.9625 0.3328125 0.04453125 0.0625
1 0.99140625 0.30546875 0.0171875 0.0609375
1 0.99140625 0.23828125 0.0171875 0.0671875
1 0.99375 0.17265625 0.0125 0.06484375
1 0.97109375 0.1359375 0.04140625 0.05625
1 0.96796875 0.203125 0.0484375 0.07109375
1 0.9640625 0.26953125 0.05 0.0609375
1 0.92109375 0.296875 0.05546875 0.05859375
1 0.875 0.265625 0.0625 0.06484375
1 0.775 0.25703125 0.0484375 0.05625
1 0.82109375 0.23046875 0.0515625 0.0609375
1 0.8734375 0.20078125 0.0484375 0.0546875
1 0.92109375 0.234375 0.0484375 0.05625
1 0.92109375 0.1671875 0.05546875 0.0625
1 0.8734375 0.13359375 0.0484375 0.0546875
1 0.82890625 0.165625 0.0515625 0.0625
1 0.78359375 0.13203125 0.0515625 0.0625
1 0.77890625 0.196875 0.05390625 0.0609375
1 0.72890625 0.23046875 0.0515625 0.0625
1 0.73046875 0.1609375 0.0484375 0.0546875
1 0.68203125 0.1921875 0.0484375 0.05625
1 0.68359375 0.1296875 0.04453125 0.05234375
1 0.63046875 0.221875 0.0484375 0.05625
1 0.6375 0.15703125 0.05 0.0609375
1 0.30703125 0.11328125 0.0484375 0.05859375
1 0.30390625 0.37265625 0.0484375 0.06875
1 0.3015625 0.3078125 0.04609375 0.05625
1 0.30390625 0.24296875 0.0484375 0.07109375
1 0.3484375 0.3453125 0.05859375 0.0625
1 0.35 0.2828125 0.0625 0.0671875
1 0.3484375 0.215625 0.05546875 0.0625
1 0.34609375 0.15078125 0.05546875 0.0625
1 0.4015625 0.3765625 0.05546875 0.05859375
1 0.3984375 0.3140625 0.05546875 0.0546875
1 0.39609375 0.24453125 0.0484375 0.05859375
1 0.3984375 0.184375 0.05390625 0.05234375
1 0.3984375 0.1171875 0.05390625 0.075
1 0.4484375 0.10078125 0.05390625 0.0546875
1 0.49296875 0.12109375 0.04296875 0.0609375
1 0.54296875 0.10078125 0.05 0.06875
1 0.5890625 0.1234375 0.0390625 0.04609375
1 0.5859375 0.25078125 0.04609375 0.04609375
1 0.59296875 0.18828125 0.0484375 0.0671875
1 0.54140625 0.159375 0.0515625 0.0484375
1 0.44609375 0.1609375 0.05 0.0609375
1 0.44609375 0.215625 0.05 0.05625
1 0.44609375 0.28046875 0.0515625 0.0609375
1 0.49453125 0.24921875 0.05390625 0.07109375
1 0.49609375 0.1859375 0.05390625 0.06484375
1 0.54453125 0.21328125 0.05703125 0.07109375