1 0.0265625 0.05703125 0.0515625 0.1140625
1 0.025 0.19140625 0.05 0.16640625
1 0.0234375 0.35546875 0.046875 0.17265625
1 0.021875 0.52421875 0.04375 0.1703125
1 0.021875 0.68828125 0.0421875 0.1765625
1 0.090625 0.775 0.1140625 0.1453125
1 0.0921875 0.6125 0.1203125 0.18125
1 0.09375 0.44453125 0.1328125 0.1640625
1 0.09375 0.2859375 0.1296875 0.1640625
1 0.0984375 0.1265625 0.11875 0.1578125
1 0.09609375 0.02421875 0.1265625 0.0484375
1 0.21328125 0.04921875 0.1203125 0.0984375
1 0.2078125 0.1875 0.121875 0.19140625
1 0.2078125 0.36640625 0.1078125 0.16640625
1 0.2046875 0.5328125 0.109375 0.14765625
1 0.3109375 0.6125 0.1203125 0.1875
1 0.3125 0.43984375 0.1078125 0.15546875
1 0.3203125 0.27578125 0.115625 0.1828125
1 0.3328125 0.1203125 0.1375 0.15390625
1 0.32421875 0.03046875 0.1140625 0.0609375
1 0.434375 0.06328125 0.1203125 0.1265625
1 0.43125 0.20234375 0.10625 0.14921875
1 0.4234375 0.36640625 0.1109375 0.17890625
1 0.421875 0.534375 0.10625 0.1578125
1 0.415625 0.69296875 0.1140625 0.1703125
1 0.5375 0.0265625 0.109375 0.05234375
1 0.5296875 0.1265625 0.134375 0.16015625
1 0.5296875 0.28828125 0.11875 0.16640625
1 0.5296875 0.45078125 0.11875 0.16640625
1 0.515625 0.61484375 0.109375 0.1578125
1 0.521875 0.78515625 0.1125 0.18515625
1 0.64765625 0.0703125 0.1234375 0.140625
1 0.6515625 0.20625 0.121875 0.1640625
1 0.6453125 0.37265625 0.1171875 0.1640625
1 0.640625 0.53671875 0.11875 0.16640625
1 0.6359375 0.7140625 0.121875 0.1875
1 0.309375 0.7875 0.103125 0.1515625
1 0.2 0.85234375 0.121875 0.18515625
1 0.75703125 0.028125 0.1109375 0.05625
1 0.86484375 0.0734375 0.1265625 0.146875
1 0.95859375 0.03671875 0.0796875 0.0734375
1 0.95625 0.1515625 0.0875 0.1703125
1 0.7578125 0.1515625 0.1234375 0.17890625
1 0.753125 0.303125 0.11875 0.16015625
1 0.8640625 0.22734375 0.109375 0.16640625
1 0.95625 0.321875 0.0875 0.1765625
1 0.8609375 0.39375 0.1125 0.1640625
1 0.75 0.465625 0.1234375 0.1578125
1 0.95625 0.48828125 0.0875 0.15390625
1 0.8640625 0.55390625 0.1078125 0.15390625
1 0.7515625 0.6234375 0.128125 0.16015625
1 0.953125 0.6484375 0.0921875 0.15546875
1 0.8640625 0.7140625 0.1015625 0.16015625
1 0.7515625 0.78984375 0.121875 0.1703125
1 0.953125 0.80859375 0.09375 0.1578125
1 0.8609375 0.8796875 0.109375 0.1578125
1 0.634375 0.89296875 0.121875 0.17265625
1 0.0265625 0.9703125 0.0515625 0.05859375
1 0.025 0.865625 0.05 0.1765625
1 0.0921875 0.93046875 0.125 0.1390625
1 0.19375 0.9703125 0.1265625 0.05859375
1 0.4234375 0.8671875 0.1171875 0.17890625
1 0.30625 0.9265625 0.128125 0.1453125
1 0.42890625 0.97421875 0.1265625 0.0515625
1 0.5234375 0.9328125 0.109375 0.1328125
1 0.634375 0.97890625 0.121875 0.0421875
1 0.74375 0.94296875 0.11875 0.11171875
1 0.94921875 0.946875 0.0984375 0.10625
1 0.8546875 0.9765625 0.1171875 0.04609375