1 0.9078125 0.14453125 0.10625 0.12734375
1 0.81328125 0.03125 0.1140625 0.0625
1 0.96484375 0.03125 0.0703125 0.0625
1 0.97109375 0.41796875 0.0578125 0.12109375
1 0.96484375 0.290625 0.0703125 0.12109375
1 0.90234375 0.46171875 0.10625 0.1109375
1 0.89140625 0.3578125 0.09921875 0.1171875
1 0.8953125 0.27421875 0.06328125 0.0640625
1 0.73984375 0.1640625 0.08828125 0.09609375
1 0.64609375 0.2109375 0.08828125 0.1171875
1 0.81796875 0.30390625 0.090625 0.10625
1 0.8234375 0.42109375 0.08671875 0.10390625
1 0.5828125 0.0640625 0.13359375 0.12734375
1 0.58203125 0.003125 0.11015625 0.00625
1 0.49453125 0.03125 0.0828125 0.0625
1 0.5015625 0.1171875 0.0921875 0.10625
1 0.5140625 0.21953125 0.10625 0.0890625
1 0.525 0.41484375 0.12109375 0.13203125
1 0.61015625 0.3703125 0.103125 0.10859375
1 0.534375 0.29609375 0.103125 0.0765625
1 0.359375 0.30234375 0.11875 0.12578125
1 0.36484375 0.434375 0.12421875 0.1234375
1 0.35703125 0.11953125 0.11171875 0.12109375
1 0.2765625 0.1703125 0.12265625 0.1171875
1 0.36171875 0.0328125 0.103125 0.065625
1 0.28359375 0.01015625 0.0859375 0.0203125
1 0.1984375 0.03515625 0.0828125 0.0703125
1 0.1140625 0.0078125 0.10859375 0.01484375
1 0.03828125 0.11953125 0.07421875 0.1125
1 0.1984375 0.3 0.128125 0.1171875
1 0.05390625 0.31484375 0.10078125 0.1125
1 0.1171875 0.1703125 0.1046875 0.1109375
1 0.1875 0.20625 0.06640625 0.0875
1 0.0125 0.3671875 0.025 0.1125
1 0.01171875 0.49453125 0.0234375 0.1296875
1 0.20546875 0.4234375 0.0953125 0.1
1 0.12109375 0.47265625 0.09375 0.1125
1 0.44921875 0.5890625 0.11875 0.13203125
1 0.84453125 0.6234375 0.128125 0.1171875
1 0.73984375 0.5828125 0.0921875 0.10625
1 0.6609375 0.6359375 0.10078125 0.11484375
1 0.75625 0.70390625 0.1140625 0.10625
1 0.73671875 0.26171875 0.1046875 0.1
1 0.90625 0.9109375 0.0953125 0.10390625
1 0.83125 0.95546875 0.10625 0.0890625
1 0.8375 0.84453125 0.0921875 0.11484375
1 0.675 0.859375 0.11171875 0.1171875
1 0.65859375 0.75546875 0.09765625 0.10390625
1 0.5140625 0.746875 0.11875 0.1296875
1 0.5796875 0.67265625 0.0921875 0.11953125
1 0.534375 0.8765625 0.09765625 0.1
1 0.27421875 0.80390625 0.09375 0.1125
1 0.3609375 0.88046875 0.115625 0.09609375
1 0.36484375 0.74921875 0.10078125 0.12734375
1 0.44375 0.8359375 0.103125 0.09765625
1 0.2796875 0.68515625 0.0953125 0.10859375
1 0.140625 0.7125 0.10625 0.1125
1 0.13203125 0.92578125 0.0921875 0.1
1 0.2796875 0.57890625 0.10859375 0.1234375
1 0.12265625 0.60390625 0.13359375 0.1
1 0.2078125 0.53203125 0.08515625 0.1109375
1 0.2078125 0.9609375 0.09375 0.078125
1 0.2796875 0.9890625 0.1046875 0.02109375
1 0.61484375 0.98203125 0.0921875 0.0359375
1 0.04296875 0.6578125 0.0796875 0.13203125
1 0.03984375 0.5359375 0.06484375 0.1234375