1 0.93125 0.159375 0.09765625 0.11484375
1 0.84453125 0.04140625 0.1046875 0.0828125
1 0.975 0.040625 0.05 0.08046875
1 0.93125 0.0140625 0.07578125 0.028125
1 0.98125 0.40390625 0.0375 0.1109375
1 0.97578125 0.2890625 0.0484375 0.1109375
1 0.92578125 0.44765625 0.09765625 0.10078125
1 0.915625 0.35078125 0.09140625 0.10703125
1 0.91953125 0.2765625 0.05859375 0.05859375
1 0.778125 0.17578125 0.08046875 0.08671875
1 0.6921875 0.21796875 0.08046875 0.10703125
1 0.8484375 0.3046875 0.0828125 0.096875
1 0.85390625 0.409375 0.07890625 0.09453125
1 0.634375 0.08046875 0.121875 0.125
1 0.6328125 0.01640625 0.1015625 0.03203125
1 0.5515625 0.04140625 0.07578125 0.0828125
1 0.56015625 0.1328125 0.084375 0.096875
1 0.571875 0.22578125 0.09765625 0.08046875
1 0.5828125 0.40546875 0.11171875 0.12109375
1 0.6578125 0.36328125 0.09453125 0.0984375
1 0.5890625 0.29609375 0.09453125 0.06875
1 0.4296875 0.30234375 0.10859375 0.11484375
1 0.434375 0.42109375 0.11484375 0.11328125
1 0.428125 0.13515625 0.1015625 0.1109375
1 0.35234375 0.18359375 0.11171875 0.10703125
1 0.43203125 0.0421875 0.09453125 0.084375
1 0.3578125 0.021875 0.078125 0.04375
1 0.28203125 0.04453125 0.07578125 0.0890625
1 0.20546875 0.0203125 0.09765625 0.040625
1 0.06171875 0.0203125 0.0828125 0.040625
1 0.06015625 0.090625 0.09453125 0.09453125
1 0.065625 0.18984375 0.0890625 0.084375
1 0.1359375 0.13515625 0.06875 0.10078125
1 0.28203125 0.30078125 0.1171875 0.10703125
1 0.14921875 0.31484375 0.09140625 0.103125
1 0.2078125 0.18125 0.09609375 0.10078125
1 0.2734375 0.2140625 0.06015625 0.08046875
1 0.07890625 0.35859375 0.0875 0.10078125
1 0.0703125 0.47578125 0.1015625 0.11875
1 0.0703125 0.67109375 0.07421875 0.096875
1 0.28828125 0.4109375 0.0875 0.090625
1 0.21171875 0.4578125 0.0859375 0.103125
1 0.51171875 0.5625 0.10859375 0.11875
1 0.87265625 0.59453125 0.1171875 0.10703125
1 0.778125 0.55859375 0.084375 0.096875
1 0.7046875 0.60703125 0.09296875 0.1046875
1 0.79375 0.6671875 0.1046875 0.096875
1 0.775 0.26640625 0.09453125 0.09296875
1 0.9296875 0.8546875 0.0875 0.09453125
1 0.8609375 0.903125 0.09765625 0.09296875
1 0.865625 0.79453125 0.084375 0.1046875
1 0.71796875 0.81015625 0.103125 0.10703125
1 0.703125 0.7140625 0.0890625 0.09453125
1 0.571875 0.70546875 0.10859375 0.1171875
1 0.63046875 0.6390625 0.084375 0.10859375
1 0.5875 0.82421875 0.0890625 0.090625
1 0.35078125 0.7578125 0.0859375 0.103125
1 0.43125 0.82890625 0.10625 0.08671875
1 0.4328125 0.7078125 0.09296875 0.1171875
1 0.50703125 0.78828125 0.09453125 0.0890625
1 0.35703125 0.6515625 0.0859375 0.0984375
1 0.23046875 0.67578125 0.09765625 0.10078125
1 0.2203125 0.86875 0.084375 0.090625
1 0.35546875 0.55234375 0.1 0.11328125
1 0.21328125 0.5765625 0.121875 0.090625
1 0.290625 0.51171875 0.07734375 0.10078125
1 0.290625 0.92578125 0.0859375 0.12265625
1 0.43984375 0.97734375 0.1046875 0.0453125
1 0.35546875 0.95859375 0.09609375 0.0828125
1 0.6640625 0.9515625 0.084375 0.096875
1 0.7296875 0.97890625 0.11484375 0.0421875
1 0.5859375 0.97421875 0.096875 0.0515625
1 0.140625 0.625 0.071875 0.12109375
1 0.1375 0.5140625 0.06015625 0.11328125
1 0.23046875 0.96328125 0.0796875 0.0734375