1 0.153125 0.009375 0.1578125 0.01640625
1 0.1609375 0.11015625 0.1546875 0.18515625
1 0.1828125 0.29921875 0.1375 0.159375
1 0.171875 0.496875 0.1859375 0.21484375
1 0.171875 0.71015625 0.1796875 0.17265625
1 0.1734375 0.90859375 0.1515625 0.17578125
1 0.303125 0.82421875 0.1734375 0.18515625
1 0.31875 0.60546875 0.165625 0.1703125
1 0.321875 0.40390625 0.134375 0.17265625
1 0.3265625 0.20390625 0.14375 0.16328125
1 0.31640625 0.0546875 0.1703125 0.109375
1 0.4734375 0.11015625 0.1421875 0.18359375
1 0.4609375 0.303125 0.1828125 0.1875
1 0.4734375 0.496875 0.146875 0.18203125
1 0.4765625 0.69921875 0.1515625 0.17265625
1 0.475 0.8859375 0.178125 0.20390625
1 0.640625 0.80390625 0.159375 0.159375
1 0.6328125 0.60546875 0.1515625 0.19296875
1 0.6328125 0.3984375 0.1421875 0.19296875
1 0.621875 0.19296875 0.14375 0.17265625
1 0.76484375 0.096875 0.1828125 0.19375
1 0.778125 0.296875 0.146875 0.16171875
1 0.78125 0.484375 0.15625 0.2
1 0.7890625 0.69921875 0.16875 0.19296875
1 0.79375 0.88046875 0.1640625 0.17265625
1 0.9296875 0.8109375 0.1390625 0.17578125
1 0.921875 0.609375 0.1546875 0.190625
1 0.9234375 0.4015625 0.153125 0.20703125
1 0.921875 0.20703125 0.153125 0.19296875
1 0.9125 0.04921875 0.146875 0.096875
1 0.9875 0.096875 0.025 0.19296875
1 0.9984375 0.2953125 0.0015625 0.19453125
1 0.996875 0.48984375 0.0046875 0.18203125
1 0.0390625 0.621875 0.078125 0.19609375
1 0.040625 0.41640625 0.08125 0.1984375
1 0.0453125 0.22421875 0.0890625 0.19296875
1 0.0453125 0.0625 0.0890625 0.12265625
1 0.6359375 0.95703125 0.15625 0.0859375
1 0.31640625 0.95859375 0.1765625 0.0828125
1 0.93046875 0.95703125 0.1359375 0.0859375