1 0.0359375 0.9359375 0.071875 0.12734375
1 0.06015625 0.7421875 0.1203125 0.246875
1 0.053125 0.4921875 0.10625 0.23125
1 0.0546875 0.2296875 0.10859375 0.27265625
1 0.0546875 0.053125 0.10859375 0.10625
1 0.215625 0.12265625 0.22890625 0.24453125
1 0.2140625 0.3828125 0.19765625 0.22265625
1 0.20703125 0.6171875 0.2046875 0.2125
1 0.20078125 0.8765625 0.19921875 0.22109375
1 0.40703125 0.93359375 0.171875 0.13203125
1 0.4078125 0.7640625 0.16796875 0.225
1 0.40234375 0.51953125 0.2125 0.23828125
1 0.3875 0.25546875 0.21015625 0.28359375
1 0.4140625 0.04765625 0.171875 0.0953125
1 0.59375 0.88203125 0.225 0.2359375
1 0.58515625 0.6578125 0.203125 0.24453125
1 0.58828125 0.39375 0.20859375 0.25546875
1 0.6 0.14296875 0.215625 0.27265625
1 0.80703125 0.953125 0.23046875 0.09296875
1 0.78203125 0.7921875 0.19921875 0.23828125
1 0.78984375 0.5453125 0.19375 0.253125
1 0.7953125 0.26171875 0.20078125 0.253125
1 0.80078125 0.0640625 0.19921875 0.12734375
1 0.94296875 0.1484375 0.1140625 0.275
1 0.9375 0.43671875 0.125 0.2515625
1 0.9421875 0.67890625 0.115625 0.1859375
1 0.93671875 0.890625 0.1265625 0.215625