1 0.81484375 0.96953125 0.20546875 0.06015625
1 0.553125 0.959375 0.221875 0.08125
1 0.11015625 0.59453125 0.203125 0.24765625
1 0.659375 0.08203125 0.20859375 0.1640625
1 0.4046875 0.41796875 0.22734375 0.221875
1 0.5640625 0.6875 0.2234375 0.209375
1 0.93046875 0.6109375 0.1390625 0.2265625
1 0.93125 0.928125 0.1375 0.14375
1 0.6796875 0.40546875 0.171875 0.21328125
1 0.2890625 0.70703125 0.1828125 0.24140625
1 0.40546875 0.0734375 0.20703125 0.146875
1 0.13359375 0.23671875 0.2125 0.24375
1 0.3890625 0.940625 0.17421875 0.11875
1 0.93203125 0.79296875 0.13515625 0.1640625
1 0.54921875 0.31484375 0.14140625 0.18984375
1 0.40625 0.23046875 0.1703125 0.18125
1 0.27109375 0.12265625 0.1265625 0.17265625
1 0.659375 0.2328125 0.096875 0.1296875
1 0.2640625 0.90546875 0.1296875 0.15703125
1 0.70546875 0.61640625 0.11875 0.1359375
1 0.53515625 0.8703125 0.20546875 0.18984375
1 0.403125 0.79765625 0.15546875 0.17890625