1 0.04296875 0.01328125 0.0859375 0.0265625
1 0.20703125 0.03515625 0.16171875 0.06953125
1 0.0515625 0.23203125 0.10234375 0.1265625
1 0.14765625 0.271875 0.11875 0.13515625
1 0.05390625 0.34921875 0.1078125 0.12890625
1 0.1421875 0.39453125 0.12265625 0.1515625
1 0.13125 0.55703125 0.1296875 0.15
1 0.21796875 0.4703125 0.1203125 0.14375
1 0.31796875 0.2828125 0.11328125 0.109375
1 0.4875 0.27421875 0.12265625 0.16015625
1 0.4046875 0.0234375 0.14375 0.04609375
1 0.4171875 0.103125 0.13828125 0.15859375
1 0.5 0.0453125 0.12265625 0.090625
1 0.6046875 0.078125 0.12421875 0.1375
1 0.69609375 0.1453125 0.11171875 0.14765625
1 0.690625 0.26796875 0.12421875 0.1328125
1 0.79140625 0.19609375 0.1421875 0.16015625
1 0.85390625 0.04921875 0.1328125 0.0984375
1 0.93359375 0.02109375 0.1328125 0.0421875
1 0.95 0.0921875 0.1 0.146875
1 0.9546875 0.2109375 0.08984375 0.12265625
1 0.88515625 0.3796875 0.1203125 0.14140625
1 0.96328125 0.321875 0.0734375 0.11640625
1 0.9671875 0.4609375 0.065625 0.121875
1 0.88671875 0.52734375 0.1296875 0.1453125
1 0.31640625 0.40703125 0.096875 0.1140625
1 0.40859375 0.4703125 0.1203125 0.14765625
1 0.49609375 0.525 0.08828125 0.11796875
1 0.61171875 0.45390625 0.1328125 0.14765625
1 0.6078125 0.584375 0.13125 0.1390625
1 0.0484375 0.75078125 0.096875 0.13515625
1 0.05 0.8953125 0.1 0.1625
1 0.13828125 0.80625 0.1203125 0.15859375
1 0.228125 0.74453125 0.13515625 0.1625
1 0.14140625 0.93515625 0.1171875 0.1296875
1 0.2390625 0.8984375 0.1328125 0.14765625
1 0.5015625 0.8078125 0.1203125 0.1390625
1 0.4890625 0.9375 0.1296875 0.12421875
1 0.6921875 0.79921875 0.096875 0.1390625
1 0.796875 0.728125 0.13125 0.1515625
1 0.978125 0.71953125 0.04296875 0.13515625
1 0.79140625 0.9671875 0.1328125 0.065625
1 0.96484375 0.96171875 0.0703125 0.07578125
1 0.50703125 0.1265625 0.07578125 0.084375