1 0.059375 0.853125 0.05703125 0.07109375
1 0.02265625 0.76015625 0.0453125 0.0671875
1 0.059375 0.92265625 0.05390625 0.0671875
1 0.025 0.9640625 0.05 0.07109375
1 0.1109375 0.765625 0.0484375 0.05546875
1 0.9828125 0.9828125 0.034375 0.034375
1 0.9828125 0.93046875 0.034375 0.0609375
1 0.98359375 0.86953125 0.0328125 0.065625
1 0.97734375 0.73984375 0.0453125 0.0671875
1 0.9796875 0.6734375 0.03984375 0.065625
1 0.978125 0.59765625 0.04375 0.06953125
1 0.97734375 0.52890625 0.0453125 0.0609375
1 0.97890625 0.4671875 0.04140625 0.0609375
1 0.978125 0.40078125 0.04375 0.05546875
1 0.97890625 0.3359375 0.04140625 0.07109375
1 0.97734375 0.2734375 0.04375 0.059375
1 0.9765625 0.2140625 0.046875 0.04921875
1 0.978125 0.15078125 0.04375 0.0609375
1 0.9765625 0.084375 0.046875 0.07109375
1 0.925 0.04921875 0.05546875 0.0609375
1 0.8765625 0.0734375 0.05 0.05703125
1 0.925 0.11875 0.05390625 0.05078125
1 0.88046875 0.153125 0.0453125 0.0609375
1 0.92890625 0.18125 0.05234375 0.065625
1 0.93046875 0.25546875 0.0609375 0.06328125
1 0.88359375 0.21875 0.0484375 0.059375
1 0.9359375 0.31640625 0.046875 0.059375
1 0.8875 0.27734375 0.05234375 0.05546875
1 0.8875 0.3390625 0.05390625 0.059375
1 0.9375 0.3796875 0.05234375 0.0609375
1 0.9375 0.44921875 0.05 0.0609375
1 0.93046875 0.5140625 0.05390625 0.065625
1 0.9359375 0.57578125 0.05703125 0.05703125
1 0.940625 0.64453125 0.0453125 0.05703125
1 0.9390625 0.77109375 0.05234375 0.0734375
1 0.89609375 0.80625 0.05234375 0.0609375
1 0.9390625 0.8390625 0.05234375 0.059375
1 0.9359375 0.90625 0.05390625 0.059375
1 0.93984375 0.9703125 0.05703125 0.059375
1 0.89765625 0.9859375 0.0484375 0.028125
1 0.8921875 0.9390625 0.0484375 0.05546875
1 0.8921875 0.8734375 0.05 0.05546875
1 0.8921875 0.740625 0.0609375 0.07109375
1 0.89375 0.6734375 0.05546875 0.065625
1 0.8890625 0.6078125 0.05546875 0.065625
1 0.8875 0.54296875 0.05390625 0.0671875
1 0.88515625 0.4734375 0.05234375 0.0609375
1 0.88515625 0.4078125 0.0609375 0.06328125
1 0.8296875 0.04453125 0.05390625 0.06328125
1 0.83125 0.11015625 0.05546875 0.05703125
1 0.83125 0.17578125 0.059375 0.05703125
1 0.83359375 0.234375 0.04140625 0.05078125
1 0.83125 0.30390625 0.05 0.059375
1 0.83515625 0.3734375 0.05546875 0.0609375
1 0.83671875 0.44296875 0.0453125 0.053125
1 0.8421875 0.50625 0.05390625 0.05703125
1 0.83671875 0.5796875 0.05546875 0.07734375
1 0.83828125 0.646875 0.05546875 0.05078125
1 0.84375 0.71015625 0.0609375 0.0609375
1 0.8421875 0.7734375 0.05390625 0.06328125
1 0.84375 0.846875 0.05234375 0.06328125
1 0.840625 0.9078125 0.0484375 0.053125
1 0.8453125 0.96953125 0.046875 0.05703125
1 0.796875 0.9890625 0.059375 0.021875
1 0.7953125 0.946875 0.05703125 0.0609375
1 0.796875 0.88125 0.05390625 0.06328125
1 0.79140625 0.8140625 0.059375 0.0609375
1 0.78828125 0.74921875 0.05703125 0.06953125
1 0.78984375 0.68359375 0.05234375 0.05703125
1 0.78984375 0.6140625 0.05 0.0671875
1 0.79140625 0.546875 0.0609375 0.0671875
1 0.79140625 0.47734375 0.05390625 0.0671875
1 0.79140625 0.41015625 0.059375 0.06953125
1 0.78984375 0.340625 0.046875 0.0609375
1 0.78671875 0.27734375 0.05546875 0.06953125
1 0.78671875 0.21875 0.05546875 0.0671875
1 0.78671875 0.14453125 0.05546875 0.06953125
1 0.78125 0.07734375 0.0484375 0.07109375
1 0.75078125 0.97265625 0.0421875 0.0546875
1 0.746875 0.9078125 0.0484375 0.07734375
1 0.74296875 0.78125 0.05 0.0671875
1 0.74296875 0.71875 0.0484375 0.0609375
1 0.69609375 0.746875 0.05546875 0.06328125
1 0.69765625 0.81640625 0.059375 0.0671875
1 0.69609375 0.68125 0.0484375 0.065625
1 0.746875 0.646875 0.0484375 0.059375
1 0.74296875 0.58359375 0.05 0.06328125
1 0.73984375 0.51640625 0.05546875 0.06328125
1 0.73984375 0.44453125 0.05390625 0.05703125
1 0.74296875 0.38125 0.0453125 0.05546875
1 0.06484375 0.98984375 0.04375 0.0203125
1 0.7046875 0.9890625 0.05625 0.021875
1 0.7 0.946875 0.05 0.0609375
1 0.69765625 0.8875 0.05390625 0.06328125
1 0.64921875 0.97265625 0.0484375 0.0546875
1 0.64765625 0.91640625 0.0484375 0.06328125
1 0.109375 0.96640625 0.05234375 0.0671875
1 0.16171875 0.9765625 0.05546875 0.046875
1 0.16328125 0.91875 0.0484375 0.0734375
1 0.1109375 0.89609375 0.046875 0.059375
1 0.153125 0.85078125 0.046875 0.05703125
1 0.6078125 0.9890625 0.0625 0.021875
1 0.60078125 0.946875 0.0625 0.06953125
1 0.60234375 0.8859375 0.046875 0.05078125
1 0.64609375 0.846875 0.05390625 0.0671875
1 0.36484375 0.9734375 0.05234375 0.053125
1 0.309375 0.95703125 0.059375 0.0609375
1 0.2578125 0.9796875 0.05 0.040625
1 0.21171875 0.95546875 0.05234375 0.065625
1 0.50625 0.9875 0.05 0.02421875
1 0.5484375 0.97578125 0.053125 0.0484375
1 0.4546875 0.9765625 0.0484375 0.046875
1 0.409375 0.95703125 0.046875 0.05078125
1 0.35234375 0.92265625 0.046875 0.05703125
1 0.30546875 0.89609375 0.0453125 0.059375
1 0.25703125 0.85703125 0.05234375 0.0609375
1 0.25546875 0.9328125 0.04375 0.053125
1 0.21171875 0.8921875 0.0484375 0.05703125
1 0.159375 0.8 0.04375 0.05078125
1 0.50703125 0.94296875 0.04140625 0.040625
1 0.55 0.92265625 0.04375 0.059375
1 0.64609375 0.78125 0.0609375 0.053125
1 0.60390625 0.74453125 0.05234375 0.046875
1 0.60234375 0.8203125 0.05546875 0.0671875
1 0.55 0.85078125 0.05546875 0.06328125
1 0.50546875 0.88359375 0.0609375 0.0671875
1 0.45625 0.9125 0.046875 0.05546875
1 0.409375 0.89375 0.05 0.06328125
1 0.35625 0.86328125 0.05390625 0.053125
1 0.30546875 0.82890625 0.05 0.0609375
1 0.50703125 0.8125 0.046875 0.053125
1 0.55234375 0.7859375 0.0453125 0.05078125
1 0.50703125 0.75078125 0.05234375 0.05703125
1 0.5484375 0.71640625 0.04140625 0.04921875
1 0.45625 0.78125 0.0453125 0.06328125
1 0.40625 0.82421875 0.0453125 0.04921875
1 0.35625 0.7921875 0.046875 0.05703125
1 0.4046875 0.753125 0.05234375 0.046875
1 0.25859375 0.79609375 0.0484375 0.059375
1 0.21171875 0.765625 0.0484375 0.053125
1 0.16328125 0.734375 0.0453125 0.0609375
1 0.1125 0.7 0.05234375 0.05546875
1 0.01953125 0.64296875 0.0390625 0.0515625
1 0.059375 0.6078125 0.04375 0.04921875
1 0.02109375 0.5828125 0.04140625 0.07109375
1 0.1078125 0.6328125 0.046875 0.053125
1 0.30390625 0.753125 0.05390625 0.053125
1 0.25859375 0.72265625 0.0484375 0.05546875
1 0.21015625 0.69609375 0.05234375 0.05546875
1 0.159375 0.6609375 0.05234375 0.06328125
1 0.1109375 0.565625 0.0609375 0.05546875
1 0.059375 0.540625 0.05234375 0.065625
1 0.05234375 0.47578125 0.03671875 0.04921875
1 0.10625 0.49765625 0.05 0.05078125
1 0.015625 0.4421875 0.03125 0.07109375
1 0.7421875 0.00625 0.05 0.0125
1 0.64375 0.00859375 0.05625 0.0171875
1 0.53828125 0.01015625 0.0484375 0.0203125
1 0.25234375 0.01484375 0.0421875 0.0296875
1 0.153125 0.01171875 0.03125 0.0234375
1 0.059375 0.01640625 0.0453125 0.0328125
1 0.60234375 0.68125 0.0453125 0.05078125
1 0.6421875 0.65078125 0.059375 0.053125
1 0.69453125 0.6140625 0.05703125 0.065625
1 0.55 0.65078125 0.05 0.059375
1 0.5 0.68125 0.05546875 0.053125
1 0.45 0.71875 0.06953125 0.0609375
1 0.40078125 0.69375 0.046875 0.0609375
1 0.35390625 0.72265625 0.04375 0.05078125
1 0.35078125 0.65546875 0.0484375 0.065625
1 0.309375 0.68984375 0.0484375 0.05546875
1 0.2515625 0.65546875 0.05390625 0.0609375
1 0.20859375 0.6328125 0.03828125 0.05703125
1 0.159375 0.5921875 0.05390625 0.06328125
1 0.159375 0.53046875 0.04140625 0.059375
1 0.44765625 0.64921875 0.059375 0.07109375
1 0.39921875 0.6265625 0.046875 0.05703125
1 0.35390625 0.59609375 0.04140625 0.0609375
1 0.30234375 0.62265625 0.0484375 0.065625
1 0.30703125 0.5609375 0.05234375 0.0609375
1 0.25546875 0.59609375 0.0453125 0.05546875
1 0.20625 0.5671875 0.0453125 0.059375
1 0.253125 0.5265625 0.05 0.06953125
1 0.2046875 0.5 0.046875 0.065625
1 0.1578125 0.4671875 0.046875 0.0609375
1 0.50546875 0.61640625 0.0484375 0.05703125
1 0.5953125 0.6140625 0.04375 0.040625
1 0.64921875 0.5796875 0.03984375 0.0609375
1 0.6875 0.546875 0.05234375 0.0609375
1 0.690625 0.4796875 0.05390625 0.05703125
1 0.64375 0.51875 0.046875 0.0609375
1 0.59921875 0.553125 0.05546875 0.06953125
1 0.5484375 0.58984375 0.05703125 0.06328125
1 0.4515625 0.5796875 0.05 0.05546875
1 0.4046875 0.55546875 0.05390625 0.05703125
1 0.3578125 0.52421875 0.0484375 0.06328125
1 0.30546875 0.4921875 0.05546875 0.0609375
1 0.253125 0.459375 0.0453125 0.059375
1 0.25703125 0.4 0.046875 0.05703125
1 0.5015625 0.54921875 0.05234375 0.0609375
1 0.55 0.5203125 0.05 0.0609375
1 0.596875 0.48125 0.05703125 0.053125
1 0.6421875 0.45078125 0.05234375 0.06328125
1 0.596875 0.41875 0.05 0.04921875
1 0.5484375 0.44296875 0.05390625 0.0609375
1 0.5015625 0.4796875 0.0484375 0.05546875
1 0.44765625 0.51875 0.05546875 0.0609375
1 0.4046875 0.4921875 0.04375 0.0671875
1 0.35625 0.4609375 0.0484375 0.059375
1 0.3 0.4265625 0.05 0.059375
1 0.3 0.353125 0.0484375 0.06328125
1 0.6890625 0.41640625 0.05234375 0.0609375
1 0.6421875 0.38359375 0.05 0.05078125
1 0.69296875 0.35078125 0.059375 0.0609375
1 0.44765625 0.45078125 0.05 0.0609375
1 0.5015625 0.41875 0.05 0.05703125
1 0.403125 0.42265625 0.04375 0.053125
1 0.35234375 0.3921875 0.05546875 0.05703125
1 0.4515625 0.3875 0.05 0.065625
1 0.4078125 0.353125 0.05 0.053125
1 0.5953125 0.34921875 0.05 0.04921875
1 0.5453125 0.31875 0.0484375 0.05546875
1 0.5 0.35703125 0.05234375 0.065625
1 0.2015625 0.4265625 0.05390625 0.0609375
1 0.15625 0.40390625 0.04375 0.05703125
1 0.2046875 0.3609375 0.05546875 0.065625
1 0.1078125 0.43671875 0.0453125 0.05546875
1 0.1109375 0.37109375 0.0484375 0.04921875
1 0.1546875 0.3390625 0.0484375 0.05546875
1 0.35078125 0.32265625 0.0484375 0.053125
1 0.44765625 0.31875 0.046875 0.053125
1 0.40078125 0.2921875 0.046875 0.053125
1 0.49453125 0.28359375 0.05 0.05546875
1 0.596875 0.28984375 0.05 0.05703125
1 0.546875 0.259375 0.0609375 0.05546875
1 0.44765625 0.25703125 0.0453125 0.0609375
1 0.403125 0.22421875 0.05234375 0.05703125
1 0.34921875 0.259375 0.05390625 0.06328125
1 0.30234375 0.29609375 0.05 0.06328125
1 0.2515625 0.32890625 0.05234375 0.053125
1 0.20625 0.3 0.05 0.04921875
1 0.25 0.265625 0.0484375 0.053125
1 0.15078125 0.27578125 0.05234375 0.065625
1 0.1078125 0.30390625 0.05234375 0.06328125
1 0.203125 0.24296875 0.046875 0.06328125
1 0.2984375 0.2328125 0.046875 0.053125
1 0.346875 0.19765625 0.046875 0.05546875
1 0.496875 0.2203125 0.0640625 0.059375
1 0.05703125 0.4125 0.05546875 0.07109375
1 0.01875 0.378125 0.0375 0.05625
1 0.05390625 0.3390625 0.05546875 0.0609375
1 0.0171875 0.31015625 0.034375 0.05703125
1 0.0609375 0.27578125 0.046875 0.065625
1 0.0203125 0.24765625 0.03984375 0.06328125
1 0.0203125 0.1796875 0.03984375 0.06953125
1 0.01875 0.11171875 0.0375 0.0671875
1 0.05234375 0.0734375 0.04140625 0.059375
1 0.05546875 0.14296875 0.05 0.0734375
1 0.059375 0.2125 0.05234375 0.06328125
1 0.10390625 0.2390625 0.05703125 0.059375
1 0.15078125 0.2078125 0.0640625 0.0671875
1 0.253125 0.2 0.0484375 0.05703125
1 0.2046875 0.16953125 0.05234375 0.0609375
1 0.153125 0.140625 0.05 0.05546875
1 0.10390625 0.17578125 0.05 0.05703125
1 0.10234375 0.1078125 0.05703125 0.06328125
1 0.153125 0.0734375 0.05 0.05546875
1 0.19765625 0.10390625 0.05234375 0.065625
1 0.24453125 0.06953125 0.05390625 0.06328125
1 0.25 0.13671875 0.05546875 0.06328125
1 0.30234375 0.16953125 0.05234375 0.06328125
1 0.2984375 0.1 0.05 0.05546875
1 0.34921875 0.1328125 0.05 0.059375
1 0.346875 0.0671875 0.046875 0.05546875
1 0.403125 0.16328125 0.0484375 0.05703125
1 0.39375 0.09609375 0.05 0.0609375
1 0.734375 0.04921875 0.05 0.0609375
1 0.7375 0.31875 0.05 0.07109375
1 0.7375 0.25078125 0.0484375 0.059375
1 0.7359375 0.18359375 0.0484375 0.0734375
1 0.690625 0.2875 0.0609375 0.06328125
1 0.6890625 0.22421875 0.0625 0.06953125
1 0.69296875 0.15703125 0.05546875 0.06328125
1 0.69296875 0.08984375 0.05703125 0.06328125
1 0.63515625 0.3203125 0.05546875 0.0609375
1 0.640625 0.25703125 0.05703125 0.05703125
1 0.6421875 0.1875 0.05 0.0609375
1 0.6390625 0.12421875 0.05390625 0.05546875
1 0.6390625 0.05546875 0.05546875 0.07734375
1 0.58828125 0.0390625 0.05390625 0.05546875
1 0.54375 0.059375 0.04375 0.06328125
1 0.49140625 0.0390625 0.05 0.07109375
1 0.44453125 0.0609375 0.04140625 0.046875
1 0.44765625 0.1921875 0.046875 0.04921875
1 0.440625 0.1265625 0.0484375 0.06953125
1 0.49296875 0.09765625 0.05390625 0.04921875
1 0.590625 0.1 0.05234375 0.0609375
1 0.590625 0.15703125 0.05234375 0.059375
1 0.590625 0.22265625 0.05390625 0.0609375
1 0.54140625 0.18984375 0.05390625 0.0734375
1 0.53984375 0.1265625 0.05390625 0.065625
1 0.48984375 0.15546875 0.059375 0.07109375