1 0.840625 0.31015625 0.1859375 0.20703125
1 0.8234375 0.94296875 0.18125 0.1140625
1 0.5890625 0.64765625 0.1515625 0.17421875
1 0.490625 0.39609375 0.175 0.1875
1 0.984375 0.3453125 0.0296875 0.23671875
1 0.934375 0.08984375 0.1296875 0.1796875
1 0.584375 0.1453125 0.140625 0.16171875
1 0.58984375 0.94375 0.1953125 0.11171875
1 0.234375 0.36328125 0.16875 0.18515625
1 0.103125 0.821875 0.190625 0.1890625
1 0.9328125 0.99375 0.134375 0.0125
1 0.328125 0.47890625 0.1828125 0.19296875
1 0.1328125 0.621875 0.1453125 0.17265625
1 0.1109375 0.475 0.1453125 0.159375
1 0.44765625 0.9765625 0.1546875 0.046875
1 0.465625 0.084375 0.1859375 0.1671875
1 0.2359375 0.5703125 0.11875 0.19296875
1 0.0453125 0.36328125 0.0890625 0.1453125
1 0.03125 0.20390625 0.0625 0.1484375
1 0.6265625 0.040625 0.1359375 0.07890625
1 0.95 0.9140625 0.1 0.14140625
1 0.0265625 0.990625 0.053125 0.01796875
1 0.0359375 0.56171875 0.071875 0.1703125
1 0.83828125 0.0328125 0.1453125 0.065625