1 0.3921875 0.00703125 0.1765625 0.0125
1 0.315625 0.3046875 0.1625 0.18515625
1 0.1578125 0.55234375 0.175 0.20546875
1 0.1625 0.853125 0.165625 0.17578125
1 0.5734375 0.07734375 0.171875 0.15234375
1 0.7328125 0.03125 0.159375 0.0609375
1 0.6109375 0.240625 0.15 0.18203125
1 0.53125 0.62578125 0.18125 0.20390625
1 0.3921875 0.90078125 0.171875 0.17578125
1 0.296875 0.63828125 0.1640625 0.19296875
1 0.146875 0.009375 0.1796875 0.01640625
1 0.059375 0.30859375 0.11875 0.17265625
1 0.0578125 0.04375 0.115625 0.0859375
1 0.9265625 0.1375 0.146875 0.2015625
1 0.9375 0.4625 0.125 0.1875
1 0.7328125 0.45859375 0.178125 0.18515625
1 0.940625 0.78515625 0.1171875 0.22421875
1 0.25703125 0.04921875 0.1421875 0.0984375
1 0.059375 0.7984375 0.11875 0.2421875
1 0.7328125 0.62421875 0.196875 0.221875
1 0.9921875 0.359375 0.0140625 0.19296875
1 0.99296875 0.075 0.0109375 0.15
1 0.7453125 0.13359375 0.15625 0.18203125
1 0.2890625 0.15625 0.1375 0.1375
1 0.4890625 0.4328125 0.1703125 0.19296875
1 0.5203125 0.92578125 0.178125 0.1484375
1 0.4 0.72265625 0.125 0.17578125
1 0.58125 0.3453125 0.10625 0.1046875