1 0.88046875 0.134375 0.0640625 0.08125
1 0.97421875 0.1296875 0.0515625 0.078125
1 0.97109375 0.01640625 0.04375 0.0328125
1 0.64609375 0.0328125 0.059375 0.06328125
1 0.596875 0.05703125 0.05234375 0.0609375
1 0.54375 0.09609375 0.05546875 0.07109375
1 0.69296875 0.12421875 0.0640625 0.0734375
1 0.39765625 0.0328125 0.05546875 0.059375
1 0.21171875 0.00703125 0.059375 0.0140625
1 0.2578125 0.034375 0.0625 0.06875
1 0.15625 0.03046875 0.065625 0.0609375
1 0.159375 0.0921875 0.07109375 0.06328125
1 0.16484375 0.15546875 0.0609375 0.07109375
1 0.1578125 0.2328125 0.075 0.0875
1 0.21171875 0.05078125 0.0625 0.07578125
1 0.015625 0.03984375 0.03125 0.059375
1 0.01953125 0.10546875 0.0390625 0.0609375
1 0.0171875 0.16875 0.034375 0.06328125
1 0.02109375 0.2359375 0.04140625 0.0671875
1 0.0171875 0.290625 0.034375 0.059375
1 0.021875 0.3859375 0.04375 0.06953125
1 0.015625 0.4421875 0.03125 0.05546875
1 0.015625 0.5 0.03125 0.0609375
1 0.01953125 0.56171875 0.0390625 0.0671875
1 0.015625 0.6359375 0.03125 0.06328125
1 0.0171875 0.70390625 0.034375 0.065625
1 0.015625 0.77421875 0.03125 0.0671875
1 0.015625 0.8421875 0.03125 0.059375
1 0.0140625 0.90546875 0.028125 0.0671875
1 0.0140625 0.96953125 0.028125 0.0609375
1 0.46015625 0.08359375 0.065625 0.08125
1 0.403125 0.1265625 0.05390625 0.065625
1 0.30234375 0.1140625 0.0484375 0.059375
1 0.25703125 0.153125 0.06796875 0.07734375
1 0.5921875 0.134375 0.05234375 0.05078125
1 0.403125 0.25703125 0.05546875 0.0609375
1 0.35625 0.22421875 0.05234375 0.05703125
1 0.25703125 0.21875 0.059375 0.06328125
1 0.26015625 0.2875 0.0625 0.07109375
1 0.20625 0.32265625 0.05703125 0.07578125
1 0.58828125 0.19375 0.0609375 0.0734375
1 0.5453125 0.22421875 0.059375 0.0671875
1 0.6421875 0.23046875 0.06796875 0.0734375
1 0.69296875 0.26328125 0.06796875 0.07578125
1 0.6375 0.30390625 0.0625 0.06953125
1 0.6875 0.33671875 0.0640625 0.065625
1 0.684375 0.40390625 0.0625 0.0609375
1 0.58671875 0.3328125 0.059375 0.06328125
1 0.54375 0.2921875 0.0625 0.065625
1 0.49453125 0.3265625 0.059375 0.07578125
1 0.54375 0.3671875 0.0609375 0.07109375
1 0.58828125 0.41875 0.07109375 0.07734375
1 0.48984375 0.40234375 0.05703125 0.0671875
1 0.4984375 0.46953125 0.06953125 0.0734375
1 0.48984375 0.5921875 0.05546875 0.0671875
1 0.25859375 0.3609375 0.0609375 0.0671875
1 0.25546875 0.43046875 0.0640625 0.0734375
1 0.3 0.4609375 0.0640625 0.07734375
1 0.25 0.4859375 0.05 0.05703125
1 0.3 0.5265625 0.05703125 0.0609375
1 0.2515625 0.55078125 0.059375 0.07109375
1 0.2015625 0.52421875 0.05390625 0.07734375
1 0.74296875 0.23046875 0.05703125 0.059375
1 0.74140625 0.3 0.0609375 0.0734375
1 0.78828125 0.32890625 0.06796875 0.07734375
1 0.83125 0.3671875 0.0625 0.06953125
1 0.78984375 0.3921875 0.05 0.059375
1 0.74140625 0.43046875 0.065625 0.07109375
1 0.828125 0.4390625 0.0640625 0.0734375
1 0.98125 0.2046875 0.0375 0.0625
1 0.92890625 0.2265625 0.059375 0.07578125
1 0.9765625 0.27109375 0.046875 0.06953125
1 0.83828125 0.2328125 0.05 0.06328125
1 0.88359375 0.265625 0.0484375 0.0609375
1 0.88515625 0.33046875 0.0609375 0.0734375
1 0.93203125 0.3671875 0.059375 0.06953125
1 0.88359375 0.40390625 0.059375 0.0671875
1 0.878125 0.47109375 0.05703125 0.07109375
1 0.8296875 0.5078125 0.059375 0.06953125
1 0.190625 0.60234375 0.05390625 0.0734375
1 0.2484375 0.62265625 0.05546875 0.06953125
1 0.28984375 0.64453125 0.0484375 0.05703125
1 0.19609375 0.6609375 0.05546875 0.0734375
1 0.2515625 0.6921875 0.059375 0.07578125
1 0.30234375 0.72421875 0.05703125 0.0609375
1 0.2484375 0.759375 0.059375 0.07734375
1 0.19453125 0.72421875 0.05390625 0.065625
1 0.14375 0.82421875 0.05703125 0.07578125
1 0.296875 0.79375 0.05546875 0.07734375
1 0.35078125 0.8328125 0.0609375 0.0875
1 0.296875 0.8609375 0.0625 0.07734375
1 0.246875 0.8328125 0.05703125 0.0671875
1 0.19765625 0.8609375 0.05 0.07578125
1 0.2359375 0.9078125 0.05546875 0.06953125
1 0.29140625 0.92890625 0.06953125 0.08984375
1 0.2 0.9265625 0.05390625 0.05546875
1 0.14375 0.95703125 0.05546875 0.0671875
1 0.19609375 0.97421875 0.0625 0.05078125
1 0.1390625 0.996875 0.0484375 0.00625
1 0.24921875 0.99453125 0.05703125 0.01015625
1 0.296875 0.98046875 0.05546875 0.0390625
1 0.3875 0.9265625 0.05234375 0.0609375
1 0.93046875 0.5671875 0.0640625 0.06953125
1 0.921875 0.634375 0.06796875 0.0671875
1 0.99296875 0.60546875 0.0140625 0.0390625
1 0.9734375 0.66875 0.053125 0.078125
1 0.9921875 0.77421875 0.015625 0.08359375
1 0.9671875 0.73671875 0.05703125 0.0671875
1 0.965625 0.8125 0.05546875 0.06953125
1 0.99296875 0.90703125 0.0140625 0.0796875
1 0.96875 0.94296875 0.05546875 0.07734375
1 0.91875 0.90625 0.0609375 0.065625
1 0.96875 0.984375 0.0625 0.03046875
1 0.484375 0.93671875 0.0609375 0.07578125
1 0.6859375 0.52265625 0.0453125 0.0609375
1 0.58671875 0.52890625 0.05390625 0.06328125
1 0.63515625 0.559375 0.05703125 0.06953125
1 0.63515625 0.6328125 0.059375 0.07109375
1 0.63515625 0.7 0.0625 0.0609375
1 0.875 0.734375 0.0609375 0.07109375
1 0.82109375 0.70625 0.0625 0.06953125
1 0.7375 0.69609375 0.06796875 0.06328125
1 0.778125 0.7328125 0.05 0.0609375
1 0.82109375 0.77109375 0.059375 0.059375
1 0.784375 0.80390625 0.0484375 0.06328125
1 0.734375 0.7671875 0.0625 0.0671875
1 0.6859375 0.73671875 0.05234375 0.04921875
1 0.7375 0.83671875 0.05703125 0.059375
1 0.7828125 0.87109375 0.05703125 0.0671875
1 0.825 0.9140625 0.0640625 0.05703125
1 0.44296875 0.753125 0.0484375 0.0671875
1 0.440625 0.82421875 0.05703125 0.07109375
1 0.49140625 0.7203125 0.0453125 0.05546875
1 0.49140625 0.79375 0.04375 0.0859375
1 0.5328125 0.75703125 0.05 0.0609375
1 0.5328125 0.82421875 0.0484375 0.0734375
1 0.5765625 0.8 0.05390625 0.059375
1 0.628125 0.834375 0.05703125 0.0734375
1 0.684375 0.8671875 0.0609375 0.06328125
1 0.63046875 0.9 0.05703125 0.06328125
1 0.5796875 0.8734375 0.059375 0.07109375
1 0.6859375 0.93046875 0.0640625 0.07109375
1 0.58125 0.940625 0.06953125 0.07734375
1 0.634375 0.96796875 0.06875 0.0640625
1 0.82578125 0.96640625 0.0640625 0.0671875
1 0.87421875 0.99296875 0.075 0.0140625
1 0.77421875 0.99296875 0.0625 0.0140625
1 0.73125 0.96640625 0.0625 0.0671875
1 0.68046875 0.98828125 0.0609375 0.0234375
1 0.58125 0.990625 0.065625 0.01875