1 0.38125 0.02578125 0.1296875 0.0515625
1 0.271875 0.053125 0.103125 0.10625
1 0.18125 0.08984375 0.1265625 0.17421875
1 0.084375 0.0515625 0.1 0.10078125
1 0.0171875 0.0640625 0.034375 0.12265625
1 0.771875 0.00703125 0.090625 0.0125
1 0.95390625 0.07109375 0.0890625 0.1421875
1 0.690625 0.1375 0.1078125 0.1703125
1 0.778125 0.07890625 0.109375 0.11171875
1 0.7828125 0.203125 0.10625 0.13515625
1 0.9546875 0.2125 0.0890625 0.146875
1 0.86875 0.15390625 0.084375 0.12421875
1 0.2921875 0.2890625 0.115625 0.15
1 0.0328125 0.2140625 0.0640625 0.1703125
1 0.0359375 0.50390625 0.0703125 0.15234375
1 0.1 0.29296875 0.1015625 0.146875
1 0.1015625 0.4265625 0.1046875 0.159375
1 0.2 0.34765625 0.096875 0.15234375
1 0.3015625 0.415625 0.096875 0.1265625
1 0.2046875 0.49609375 0.115625 0.13515625
1 0.5796875 0.3625 0.121875 0.16640625
1 0.7859375 0.3390625 0.115625 0.1390625
1 0.6859375 0.4046875 0.09375 0.13203125
1 0.5921875 0.4796875 0.13125 0.171875
1 0.6890625 0.54921875 0.11875 0.16875
1 0.7921875 0.4796875 0.1046875 0.14453125
1 0.875 0.54765625 0.1078125 0.18671875
1 0.9640625 0.47421875 0.071875 0.1375
1 0.9625 0.6078125 0.075 0.15546875
1 0.69375 0.703125 0.0921875 0.14453125
1 0.5796875 0.63515625 0.1109375 0.13203125
1 0.2078125 0.6375 0.109375 0.12109375
1 0.115625 0.68515625 0.13125 0.159375
1 0.0328125 0.76015625 0.0640625 0.15546875
1 0.10625 0.81875 0.090625 0.15390625
1 0.2125 0.778125 0.1 0.14140625
1 0.1203125 0.95234375 0.1203125 0.09375
1 0.2109375 0.89375 0.115625 0.11875
1 0.309375 0.83125 0.0828125 0.146875
1 0.3828125 0.8 0.09375 0.12109375
1 0.403125 0.89921875 0.1140625 0.171875
1 0.4859375 0.7328125 0.0875 0.12109375
1 0.5203125 0.83515625 0.1140625 0.13359375
1 0.50625 0.9453125 0.090625 0.096875
1 0.6 0.90625 0.1078125 0.14453125
1 0.696875 0.95078125 0.1296875 0.0953125
1 0.690625 0.828125 0.103125 0.11875
1 0.8 0.89921875 0.1109375 0.14296875
1 0.784375 0.753125 0.090625 0.1484375
1 0.884375 0.8296875 0.09375 0.13515625
1 0.965625 0.76171875 0.06875 0.146875
1 0.9515625 0.353125 0.0953125 0.1171875
1 0.5828125 0.78359375 0.1 0.11875