1 0.1046875 0.7953125 0.05546875 0.06953125
1 0.0609375 0.7046875 0.059375 0.065625
1 0.01796875 0.74921875 0.0359375 0.0546875
1 0.0234375 0.8109375 0.046875 0.065625
1 0.1046875 0.8625 0.05234375 0.065625
1 0.06484375 0.9046875 0.0609375 0.071875
1 0.01875 0.67734375 0.0375 0.071875
1 0.01875 0.61484375 0.0375 0.0609375
1 0.1546875 0.70859375 0.0484375 0.0546875
1 0.9921875 0.684375 0.015625 0.065625
1 0.99453125 0.62109375 0.0109375 0.065625
1 0.99296875 0.54765625 0.0140625 0.06953125
1 0.9921875 0.4765625 0.015625 0.059375
1 0.99453125 0.415625 0.0109375 0.059375
1 0.99375 0.35 0.0125 0.0546875
1 0.99375 0.28828125 0.0125 0.06953125
1 0.9921875 0.22734375 0.015625 0.0578125
1 0.9921875 0.16953125 0.015625 0.0484375
1 0.9921875 0.1078125 0.015625 0.059375
1 0.98984375 0.04140625 0.01953125 0.06953125
1 0.9546875 0.01796875 0.05390625 0.0359375
1 0.90625 0.03203125 0.05 0.0546875
1 0.9546875 0.07421875 0.05234375 0.05078125
1 0.91171875 0.1078125 0.0453125 0.059375
1 0.95859375 0.1375 0.05 0.06328125
1 0.96015625 0.20859375 0.059375 0.0609375
1 0.91328125 0.17265625 0.0484375 0.05703125
1 0.9640625 0.26796875 0.046875 0.059375
1 0.9171875 0.2296875 0.05 0.053125
1 0.9171875 0.29140625 0.05234375 0.05703125
1 0.96796875 0.33125 0.05 0.059375
1 0.965625 0.3984375 0.0484375 0.0609375
1 0.96015625 0.46171875 0.05390625 0.06328125
1 0.965625 0.5234375 0.05546875 0.0546875
1 0.96953125 0.59296875 0.04296875 0.05703125
1 0.96953125 0.71484375 0.05 0.071875
1 0.9265625 0.74921875 0.05 0.059375
1 0.96953125 0.78046875 0.05 0.059375
1 0.965625 0.8484375 0.05234375 0.05703125
1 0.96953125 0.91171875 0.0578125 0.0609375
1 0.97109375 0.97265625 0.0578125 0.0546875
1 0.928125 0.984375 0.053125 0.03125
1 0.928125 0.940625 0.0484375 0.05703125
1 0.92265625 0.8796875 0.046875 0.053125
1 0.92265625 0.81640625 0.05 0.053125
1 0.92265625 0.6859375 0.059375 0.071875
1 0.92421875 0.6203125 0.05390625 0.06328125
1 0.91875 0.55703125 0.05546875 0.065625
1 0.91875 0.49140625 0.05234375 0.065625
1 0.9171875 0.42421875 0.05234375 0.059375
1 0.915625 0.35859375 0.0609375 0.0609375
1 0.8609375 0.0171875 0.05234375 0.03359375
1 0.86328125 0.065625 0.05546875 0.05703125
1 0.86328125 0.13046875 0.0578125 0.05703125
1 0.86484375 0.18984375 0.04140625 0.05078125
1 0.86328125 0.25703125 0.05 0.05703125
1 0.8671875 0.325 0.05390625 0.0609375
1 0.86875 0.3921875 0.04296875 0.053125
1 0.87265625 0.45546875 0.05390625 0.05703125
1 0.86875 0.52734375 0.05390625 0.07578125
1 0.8703125 0.59296875 0.05546875 0.05078125
1 0.87421875 0.65625 0.059375 0.059375
1 0.87265625 0.7171875 0.05234375 0.0609375
1 0.87421875 0.7890625 0.05 0.06328125
1 0.87265625 0.85 0.046875 0.053125
1 0.87734375 0.909375 0.0453125 0.0546875
1 0.87890625 0.9734375 0.0484375 0.053125
1 0.828125 0.990625 0.05546875 0.01875
1 0.82890625 0.946875 0.0578125 0.059375
1 0.82734375 0.8859375 0.0578125 0.0609375
1 0.82890625 0.82265625 0.05234375 0.06328125
1 0.8234375 0.75703125 0.0578125 0.059375
1 0.8203125 0.69375 0.05546875 0.0671875
1 0.821875 0.63046875 0.05234375 0.05703125
1 0.821875 0.5609375 0.05 0.065625
1 0.8234375 0.49375 0.059375 0.0671875
1 0.8234375 0.42578125 0.05234375 0.0671875
1 0.8234375 0.3609375 0.0578125 0.0671875
1 0.821875 0.29296875 0.046875 0.0609375
1 0.8203125 0.23203125 0.05390625 0.0671875
1 0.81796875 0.17265625 0.05390625 0.065625
1 0.81796875 0.1015625 0.05390625 0.0671875
1 0.815625 0.03515625 0.0484375 0.06953125
1 0.78359375 0.9796875 0.0453125 0.03984375
1 0.78203125 0.915625 0.04140625 0.059375
1 0.78046875 0.8484375 0.046875 0.07578125
1 0.77734375 0.7234375 0.05 0.065625
1 0.775 0.6625 0.046875 0.0609375
1 0.73046875 0.6921875 0.05390625 0.06328125
1 0.73046875 0.759375 0.0578125 0.065625
1 0.73046875 0.6265625 0.0484375 0.065625
1 0.78046875 0.5953125 0.0484375 0.05703125
1 0.775 0.53203125 0.05 0.0609375
1 0.771875 0.4640625 0.05390625 0.0609375
1 0.771875 0.39453125 0.05234375 0.05703125
1 0.775 0.33359375 0.04296875 0.053125
1 0.0171875 0.88046875 0.034375 0.05703125
1 0.02109375 0.94375 0.0421875 0.065625
1 0.0234375 0.9890625 0.046875 0.02109375
1 0.06171875 0.97265625 0.059375 0.0546875
1 0.1078125 0.946875 0.04296875 0.059375
1 0.73125 0.99375 0.05546875 0.0125
1 0.7375 0.946875 0.05546875 0.0609375
1 0.73359375 0.88828125 0.0484375 0.0609375
1 0.73046875 0.82890625 0.05390625 0.0609375
1 0.68359375 0.915625 0.0484375 0.059375
1 0.68359375 0.85625 0.046875 0.0609375
1 0.29765625 0.98515625 0.0484375 0.0296875
1 0.20625 0.98203125 0.05546875 0.0359375
1 0.15546875 0.971875 0.0546875 0.05625
1 0.153125 0.909375 0.05 0.071875
1 0.2046875 0.928125 0.05390625 0.071875
1 0.20703125 0.85859375 0.046875 0.07421875
1 0.1546875 0.8375 0.0453125 0.05703125
1 0.19609375 0.79296875 0.0453125 0.0546875
1 0.25390625 0.9578125 0.05 0.0546875
1 0.4484375 0.99375 0.0484375 0.0125
1 0.4046875 0.9828125 0.05390625 0.03359375
1 0.346875 0.96015625 0.05546875 0.05703125
1 0.63828125 0.99375 0.05390625 0.0125
1 0.6421875 0.9515625 0.0609375 0.0671875
1 0.63671875 0.8859375 0.0609375 0.0671875
1 0.63671875 0.82734375 0.046875 0.05078125
1 0.68203125 0.7890625 0.05390625 0.065625
1 0.5890625 0.978125 0.05 0.04375
1 0.54140625 0.99375 0.046875 0.0125
1 0.4953125 0.9734375 0.05234375 0.053125
1 0.44765625 0.95390625 0.046875 0.0546875
1 0.403125 0.921875 0.05 0.0671875
1 0.34921875 0.8984375 0.0578125 0.059375
1 0.2984375 0.93046875 0.05 0.065625
1 0.25390625 0.896875 0.05 0.06328125
1 0.54140625 0.9453125 0.0484375 0.0609375
1 0.584375 0.91953125 0.05390625 0.05703125
1 0.49296875 0.91796875 0.0484375 0.0484375
1 0.45 0.896875 0.046875 0.05078125
1 0.3921875 0.8625 0.046875 0.0546875
1 0.3453125 0.8375 0.0453125 0.059375
1 0.2984375 0.79921875 0.05 0.059375
1 0.296875 0.8734375 0.04296875 0.053125
1 0.25390625 0.83359375 0.046875 0.05703125
1 0.203125 0.74296875 0.04296875 0.0484375
1 0.54296875 0.88359375 0.03984375 0.03984375
1 0.58671875 0.8625 0.04296875 0.05703125
1 0.6796875 0.7234375 0.0609375 0.053125
1 0.640625 0.68984375 0.05234375 0.04609375
1 0.63828125 0.76171875 0.05546875 0.065625
1 0.58671875 0.79296875 0.05390625 0.06328125
1 0.54296875 0.82734375 0.059375 0.065625
1 0.49453125 0.8546875 0.0453125 0.053125
1 0.44765625 0.83515625 0.05 0.0609375
1 0.3953125 0.80625 0.05234375 0.053125
1 0.346875 0.771875 0.05 0.059375
1 0.54296875 0.75546875 0.0453125 0.053125
1 0.58828125 0.7296875 0.0453125 0.0484375
1 0.5453125 0.69375 0.05 0.0546875
1 0.584375 0.6625 0.03984375 0.04609375
1 0.49453125 0.72578125 0.04296875 0.0609375
1 0.44609375 0.76796875 0.0453125 0.0484375
1 0.3953125 0.734375 0.046875 0.0546875
1 0.4421875 0.69609375 0.05234375 0.04609375
1 0.3 0.73828125 0.046875 0.059375
1 0.25390625 0.70859375 0.046875 0.053125
1 0.20703125 0.6796875 0.04296875 0.059375
1 0.15625 0.6453125 0.05234375 0.0546875
1 0.059375 0.58671875 0.046875 0.05078125
1 0.1046875 0.5546875 0.04140625 0.04609375
1 0.0609375 0.5296875 0.05 0.06953125
1 0.15078125 0.578125 0.046875 0.053125
1 0.3453125 0.69609375 0.05234375 0.053125
1 0.3 0.66640625 0.046875 0.0546875
1 0.2515625 0.64140625 0.05234375 0.053125
1 0.2015625 0.6078125 0.05 0.0609375
1 0.01640625 0.5421875 0.03203125 0.0546875
1 0.01796875 0.48515625 0.0359375 0.06328125
1 0.1546875 0.5125 0.059375 0.0546875
1 0.1046875 0.4875 0.05 0.06328125
1 0.096875 0.42421875 0.0359375 0.0484375
1 0.14921875 0.446875 0.0484375 0.05078125
1 0.05234375 0.3921875 0.0453125 0.071875
1 0.021875 0.42734375 0.04296875 0.0609375
1 0.01640625 0.3640625 0.03203125 0.06953125
1 0.0125 0.028125 0.025 0.053125
1 0.0140625 0.096875 0.028125 0.05625
1 0.0125 0.165625 0.025 0.065625
1 0.0140625 0.23046875 0.028125 0.0546875
1 0.0171875 0.2984375 0.034375 0.0609375
1 0.63828125 0.6265625 0.04296875 0.05078125
1 0.6765625 0.596875 0.0578125 0.053125
1 0.728125 0.5609375 0.05546875 0.06328125
1 0.58671875 0.596875 0.0484375 0.059375
1 0.5375 0.6265625 0.05390625 0.053125
1 0.4875 0.6625 0.06796875 0.059375
1 0.440625 0.6390625 0.046875 0.059375
1 0.39375 0.66640625 0.04296875 0.05078125
1 0.390625 0.6015625 0.046875 0.06328125
1 0.34921875 0.63515625 0.0484375 0.0546875
1 0.29296875 0.6015625 0.05234375 0.0609375
1 0.25 0.58046875 0.0375 0.0546875
1 0.2015625 0.53984375 0.05390625 0.0609375
1 0.203125 0.47890625 0.04140625 0.059375
1 0.4859375 0.5953125 0.0578125 0.06953125
1 0.43671875 0.571875 0.0453125 0.05703125
1 0.39375 0.54453125 0.04140625 0.059375
1 0.34140625 0.5671875 0.0484375 0.06328125
1 0.34921875 0.50859375 0.05234375 0.0609375
1 0.296875 0.54453125 0.04296875 0.0546875
1 0.2484375 0.51484375 0.04296875 0.05703125
1 0.2953125 0.475 0.05 0.0671875
1 0.2484375 0.44921875 0.0453125 0.065625
1 0.2015625 0.41796875 0.0453125 0.0609375
1 0.54140625 0.56328125 0.046875 0.05703125
1 0.63125 0.5609375 0.04296875 0.03984375
1 0.68359375 0.52734375 0.03984375 0.059375
1 0.72109375 0.49609375 0.05234375 0.059375
1 0.725 0.428125 0.05390625 0.05703125
1 0.6796875 0.46796875 0.0453125 0.059375
1 0.63515625 0.50234375 0.05390625 0.0671875
1 0.58671875 0.5359375 0.05546875 0.0609375
1 0.4890625 0.52734375 0.0484375 0.053125
1 0.44453125 0.50390625 0.05234375 0.0546875
1 0.3953125 0.47265625 0.046875 0.0609375
1 0.346875 0.440625 0.05546875 0.059375
1 0.2953125 0.409375 0.0453125 0.05703125
1 0.2984375 0.35 0.0453125 0.0546875
1 0.5375 0.49609375 0.05234375 0.0609375
1 0.58671875 0.4703125 0.05 0.0609375
1 0.6328125 0.43046875 0.05546875 0.053125
1 0.678125 0.40078125 0.05234375 0.0609375
1 0.6328125 0.36953125 0.0484375 0.0484375
1 0.584375 0.3921875 0.05234375 0.059375
1 0.5375 0.428125 0.0484375 0.053125
1 0.4859375 0.46640625 0.05546875 0.0609375
1 0.4421875 0.440625 0.04140625 0.065625
1 0.3953125 0.41171875 0.046875 0.05703125
1 0.34140625 0.37734375 0.0484375 0.059375
1 0.34140625 0.30625 0.046875 0.06328125
1 0.72265625 0.3671875 0.05234375 0.059375
1 0.678125 0.33515625 0.05 0.05078125
1 0.7265625 0.3015625 0.059375 0.059375
1 0.4859375 0.40078125 0.05 0.0609375
1 0.5375 0.36953125 0.0484375 0.05703125
1 0.440625 0.37109375 0.04296875 0.053125
1 0.3921875 0.34140625 0.05546875 0.05703125
1 0.4890625 0.3375 0.0484375 0.06328125
1 0.44609375 0.30390625 0.0484375 0.053125
1 0.63125 0.3015625 0.0484375 0.04609375
1 0.58125 0.271875 0.0484375 0.053125
1 0.5375 0.31015625 0.05234375 0.065625
1 0.24453125 0.37734375 0.05234375 0.0609375
1 0.2 0.3546875 0.04140625 0.05703125
1 0.2484375 0.3125 0.05390625 0.065625
1 0.153125 0.3859375 0.0453125 0.0546875
1 0.15625 0.32265625 0.0484375 0.0484375
1 0.19765625 0.29140625 0.046875 0.0546875
1 0.390625 0.27421875 0.046875 0.053125
1 0.4859375 0.2703125 0.046875 0.053125
1 0.440625 0.24453125 0.0453125 0.053125
1 0.53203125 0.2359375 0.05 0.0546875
1 0.6328125 0.24296875 0.05 0.0546875
1 0.5828125 0.21328125 0.059375 0.0546875
1 0.4859375 0.2109375 0.0453125 0.059375
1 0.4421875 0.1796875 0.05234375 0.05703125
1 0.38828125 0.21328125 0.05234375 0.06328125
1 0.34140625 0.24921875 0.0484375 0.0609375
1 0.29296875 0.28046875 0.05 0.053125
1 0.2484375 0.253125 0.0484375 0.0484375
1 0.29140625 0.21953125 0.0484375 0.05078125
1 0.19453125 0.228125 0.05234375 0.06328125
1 0.15078125 0.25703125 0.05 0.0609375
1 0.24609375 0.19609375 0.046875 0.06328125
1 0.33828125 0.1875 0.046875 0.053125
1 0.38671875 0.15390625 0.0453125 0.0546875
1 0.53203125 0.175 0.06328125 0.059375
1 0.10234375 0.3625 0.05546875 0.06953125
1 0.05546875 0.32890625 0.0484375 0.0546875
1 0.09921875 0.29140625 0.05390625 0.059375
1 0.05546875 0.26171875 0.046875 0.0546875
1 0.10625 0.2296875 0.0453125 0.06328125
1 0.0578125 0.20078125 0.05390625 0.0609375
1 0.0578125 0.13515625 0.05390625 0.0671875
1 0.05390625 0.0671875 0.05234375 0.065625
1 0.096875 0.03203125 0.04140625 0.05703125
1 0.10078125 0.09921875 0.0484375 0.071875
1 0.1046875 0.16640625 0.05 0.0609375
1 0.14765625 0.19375 0.05546875 0.059375
1 0.19453125 0.1625 0.06328125 0.065625
1 0.2953125 0.15390625 0.0484375 0.05703125
1 0.2484375 0.1265625 0.05234375 0.0609375
1 0.19609375 0.096875 0.0484375 0.0546875
1 0.14765625 0.13046875 0.0484375 0.05703125
1 0.14765625 0.06328125 0.05546875 0.06328125
1 0.19609375 0.0296875 0.0484375 0.0546875
1 0.240625 0.0609375 0.05234375 0.06328125
1 0.28671875 0.0296875 0.05234375 0.059375
1 0.29140625 0.09296875 0.05390625 0.0609375
1 0.34140625 0.1265625 0.05234375 0.06328125
1 0.33984375 0.05703125 0.0484375 0.0546875
1 0.38828125 0.08828125 0.0484375 0.05703125
1 0.3875 0.0265625 0.0453125 0.053125
1 0.440625 0.11796875 0.0484375 0.05703125
1 0.43359375 0.053125 0.05 0.0609375
1 0.76796875 0.01953125 0.0484375 0.0390625
1 0.76953125 0.2703125 0.0484375 0.06953125
1 0.771875 0.2046875 0.046875 0.05703125
1 0.76953125 0.1390625 0.0484375 0.071875
1 0.725 0.24296875 0.059375 0.06328125
1 0.72265625 0.1796875 0.06328125 0.0671875
1 0.725 0.11171875 0.05546875 0.06328125
1 0.7265625 0.04609375 0.05546875 0.06328125
1 0.67109375 0.27421875 0.05546875 0.059375
1 0.67421875 0.2109375 0.05546875 0.0546875
1 0.6765625 0.14140625 0.0484375 0.059375
1 0.67421875 0.08046875 0.05390625 0.053125
1 0.675 0.02578125 0.053125 0.0515625
1 0.62421875 0.01171875 0.05390625 0.0234375
1 0.57890625 0.02421875 0.04296875 0.0484375
1 0.5296875 0.01640625 0.05 0.0328125
1 0.48203125 0.02109375 0.03984375 0.0421875
1 0.4859375 0.14765625 0.046875 0.04609375
1 0.478125 0.084375 0.0484375 0.0671875
1 0.53046875 0.0546875 0.05234375 0.0484375
1 0.62578125 0.05703125 0.05 0.0609375
1 0.62578125 0.11171875 0.05 0.05703125
1 0.62578125 0.17734375 0.05234375 0.0609375
1 0.57734375 0.1453125 0.05390625 0.071875
1 0.57578125 0.08203125 0.05390625 0.065625
1 0.52734375 0.109375 0.0578125 0.071875