1 0.86015625 0.925 0.16796875 0.14921875
1 0.8359375 0.746875 0.14921875 0.1734375
1 0.84765625 0.53203125 0.2015625 0.2328125
1 0.84765625 0.30078125 0.19453125 0.1875
1 0.846875 0.090625 0.1640625 0.18125
1 0.70546875 0.17734375 0.18828125 0.2015625
1 0.68828125 0.4140625 0.1796875 0.18515625
1 0.684375 0.63359375 0.14609375 0.1875
1 0.6796875 0.85078125 0.15625 0.17734375
1 0.690625 0.97578125 0.184375 0.04765625
1 0.521875 0.92578125 0.153125 0.1484375
1 0.53359375 0.74296875 0.1984375 0.203125
1 0.5203125 0.53203125 0.159375 0.196875
1 0.5171875 0.3125 0.1640625 0.1875
1 0.51875 0.109375 0.19296875 0.21875
1 0.3390625 0.19921875 0.17265625 0.1734375
1 0.34765625 0.4140625 0.1640625 0.209375
1 0.34765625 0.6390625 0.15390625 0.209375
1 0.359375 0.8625 0.15625 0.1875
1 0.20390625 0.93046875 0.1984375 0.1390625
1 0.18984375 0.74921875 0.159375 0.175
1 0.18671875 0.54609375 0.16953125 0.2171875
1 0.178125 0.3125 0.1828125 0.209375
1 0.17265625 0.115625 0.178125 0.1875
1 0.05078125 0.19140625 0.1015625 0.19140625
1 0.059375 0.41015625 0.11875 0.20703125
1 0.0578125 0.634375 0.115625 0.225
1 0.05859375 0.8453125 0.1171875 0.209375
1 0.06171875 0.98203125 0.1234375 0.0359375
1 0.97421875 0.3953125 0.05078125 0.21328125
1 0.97265625 0.61953125 0.05390625 0.21484375
1 0.96875 0.82734375 0.0625 0.209375
1 0.96875 0.96796875 0.0625 0.0640625
1 0.34375 0.03984375 0.16953125 0.0796875
1 0.69140625 0.0375 0.1921875 0.075
1 0.04921875 0.03984375 0.0984375 0.0796875