1 0.16875 0.00234375 0.03671875 0.00390625
1 0.46953125 0.00234375 0.03671875 0.00390625
1 0.31640625 0.0125 0.04140625 0.02421875
1 0.3515625 0.02265625 0.04140625 0.04453125
1 0.38984375 0.009375 0.03671875 0.01796875
1 0.41875 0.02265625 0.04140625 0.04453125
1 0.38203125 0.046875 0.04296875 0.053125
1 0.4203125 0.06484375 0.03984375 0.05078125
1 0.45 0.040625 0.0328125 0.0484375
1 0.47265625 0.06328125 0.03671875 0.04453125
1 0.47578125 0.09921875 0.03125 0.0484375
1 0.4484375 0.08515625 0.034375 0.05078125
1 0.453125 0.12578125 0.04296875 0.046875
1 0.47578125 0.18515625 0.0328125 0.05078125
1 0.45 0.1609375 0.03828125 0.0609375
1 0.4171875 0.1421875 0.0453125 0.05703125
1 0.38203125 0.0875 0.046875 0.046875
1 0.384375 0.12421875 0.03984375 0.046875
1 0.390625 0.1625 0.03671875 0.05703125
1 0.35625 0.19140625 0.03984375 0.04453125
1 0.36015625 0.14453125 0.03828125 0.04296875
1 0.321875 0.0484375 0.05 0.05859375
1 0.32734375 0.0890625 0.046875 0.05078125
1 0.3546875 0.11171875 0.03984375 0.053125
1 0.290625 0.053125 0.04140625 0.0609375
1 0.26484375 0.12421875 0.0484375 0.0484375
1 0.2265625 0.0265625 0.03984375 0.046875
1 0.259375 0.03828125 0.04140625 0.046875
1 0.2578125 0.07890625 0.03828125 0.05078125
1 0.225 0.0671875 0.05 0.046875
1 0.228125 0.10390625 0.046875 0.053125
1 0.228125 0.14609375 0.05 0.046875
1 0.196875 0.12421875 0.0453125 0.0546875
1 0.20234375 0.08359375 0.03828125 0.040625
1 0.1296875 0.04296875 0.0296875 0.034375
1 0.16640625 0.06484375 0.04140625 0.04453125
1 0.16953125 0.10546875 0.03828125 0.04453125
1 0.13671875 0.1359375 0.04140625 0.04453125
1 0.13671875 0.0890625 0.0453125 0.046875
1 0.01953125 0.01640625 0.0390625 0.0328125
1 0.10234375 0.06875 0.04140625 0.0546875
1 0.07265625 0.08359375 0.05703125 0.05703125
1 0.0203125 0.0515625 0.040625 0.046875
1 0.015625 0.08671875 0.03125 0.04296875
1 0.015625 0.121875 0.03125 0.03671875
1 0.07265625 0.13046875 0.0453125 0.040625
1 0.0453125 0.1078125 0.03671875 0.03828125
1 0.04296875 0.14453125 0.03828125 0.05078125
1 0.078125 0.16875 0.03828125 0.046875
1 0.078125 0.21328125 0.03671875 0.04453125
1 0.0171875 0.16796875 0.034375 0.05078125
1 0.0453125 0.19921875 0.04296875 0.0609375
1 0.015625 0.215625 0.03125 0.04453125
1 0.50703125 0.01015625 0.0453125 0.0203125
1 0.50859375 0.04296875 0.03671875 0.046875
1 0.50546875 0.08515625 0.04140625 0.0484375
1 0.54296875 0.0609375 0.03671875 0.040625
1 0.53984375 0.1015625 0.03828125 0.0484375
1 0.634375 0.00546875 0.03671875 0.01015625
1 0.6078125 0.0171875 0.04296875 0.034375
1 0.63515625 0.0328125 0.0328125 0.04453125
1 0.66875 0.01640625 0.03671875 0.0328125
1 0.63671875 0.075 0.03828125 0.04453125
1 0.6640625 0.09921875 0.03984375 0.04453125
1 0.66953125 0.05703125 0.04140625 0.053125
1 0.696875 0.00703125 0.0453125 0.0140625
1 0.725 0.05078125 0.03671875 0.04296875
1 0.7609375 0.03828125 0.03671875 0.03828125
1 0.76015625 0.00703125 0.03984375 0.0140625
1 0.99375 0.0703125 0.0125 0.046875
1 0.8234375 0.00625 0.04140625 0.0125
1 0.88515625 0.0078125 0.0421875 0.015625
1 0.85390625 0.01796875 0.0453125 0.0359375
1 0.82734375 0.040625 0.046875 0.04453125
1 0.884375 0.03046875 0.04140625 0.05078125
1 0.8859375 0.07734375 0.03828125 0.046875
1 0.76328125 0.11796875 0.03671875 0.04453125
1 0.82734375 0.11796875 0.034375 0.0328125
1 0.8859375 0.1609375 0.0296875 0.040625
1 0.9953125 0.1109375 0.00859375 0.046875
1 0.99765625 0.23984375 0.0046875 0.0421875
1 0.7921875 0.134375 0.03828125 0.046875
1 0.60546875 0.140625 0.03984375 0.04296875
1 0.546875 0.18515625 0.03828125 0.03828125
1 0.60390625 0.18671875 0.046875 0.046875
1 0.5125 0.20703125 0.0453125 0.0484375
1 0.5453125 0.22734375 0.04140625 0.034375
1 0.57578125 0.209375 0.03984375 0.0484375
1 0.5796875 0.25390625 0.03984375 0.05078125
1 0.5796875 0.29453125 0.046875 0.053125
1 0.5125 0.25234375 0.046875 0.0484375
1 0.5453125 0.2703125 0.04140625 0.05078125
1 0.79609375 0.1828125 0.03828125 0.046875
1 0.79375 0.221875 0.03671875 0.040625
1 0.67265625 0.22734375 0.04140625 0.04453125
1 0.73359375 0.2234375 0.03671875 0.04296875
1 0.6421875 0.24765625 0.046875 0.0484375
1 0.675 0.2703125 0.0453125 0.05078125
1 0.70078125 0.24609375 0.04296875 0.040625
1 0.70078125 0.28828125 0.03671875 0.04296875
1 0.73046875 0.2703125 0.04140625 0.0484375
1 0.76328125 0.24765625 0.034375 0.04453125
1 0.8875 0.2421875 0.02734375 0.034375
1 0.91875 0.2640625 0.034375 0.03671875
1 0.8578125 0.26640625 0.03671875 0.040625
1 0.8875 0.28828125 0.03828125 0.046875
1 0.91484375 0.31484375 0.03828125 0.040625
1 0.73046875 0.3109375 0.03828125 0.040625
1 0.79609375 0.3109375 0.034375 0.03671875
1 0.82734375 0.28828125 0.0328125 0.03828125
1 0.8578125 0.3109375 0.04140625 0.0484375
1 0.82734375 0.33125 0.03984375 0.04453125
1 0.8890625 0.38046875 0.04140625 0.053125
1 0.9546875 0.371875 0.0328125 0.040625
1 0.98125 0.30390625 0.0375 0.0578125
1 0.99453125 0.28671875 0.01015625 0.053125
1 0.99765625 0.32734375 0.0046875 0.0484375
1 0.9953125 0.37265625 0.00859375 0.05078125
1 0.996875 0.42109375 0.00625 0.0484375
1 0.98125 0.4453125 0.0375 0.040625
1 0.9828125 0.48359375 0.034375 0.04453125
1 0.421875 0.2625 0.0453125 0.046875
1 0.52109375 0.94921875 0.03984375 0.040625
1 0.55390625 0.96328125 0.04140625 0.04296875
1 0.5828125 0.9515625 0.03828125 0.0484375
1 0.57421875 0.90625 0.02578125 0.028125
1 0.5875 0.9859375 0.03984375 0.028125
1 0.61796875 0.97578125 0.04140625 0.0484375
1 0.68203125 0.99296875 0.03125 0.0140625
1 0.71015625 0.98359375 0.03984375 0.0328125
1 0.74296875 0.990625 0.03984375 0.01796875
1 0.45078125 0.9875 0.03671875 0.02421875
1 0.4546875 0.81875 0.03671875 0.03671875
1 0.45703125 0.859375 0.034375 0.04296875
1 0.4515625 0.90625 0.03984375 0.046875
1 0.42578125 0.93125 0.03828125 0.04296875
1 0.39765625 0.9109375 0.03984375 0.053125
1 0.40234375 0.984375 0.03984375 0.03046875
1 0.36484375 0.97578125 0.04140625 0.046875
1 0.36328125 0.84765625 0.046875 0.04296875
1 0.36328125 0.88828125 0.046875 0.05078125
1 0.33203125 0.9125 0.046875 0.0546875
1 0.36328125 0.93515625 0.03828125 0.04296875
1 0.23984375 0.99296875 0.046875 0.0140625
1 0.178125 0.978125 0.0375 0.04375
1 0.1796875 0.9390625 0.03671875 0.04296875
1 0.2421875 0.890625 0.03671875 0.040625
1 0.275 0.9125 0.034375 0.04453125
1 0.29921875 0.93671875 0.0328125 0.04296875
1 0.2109375 0.9125 0.03828125 0.04296875
1 0.240625 0.9328125 0.04296875 0.0484375
1 0.21484375 0.965625 0.0453125 0.05078125
1 0.2734375 0.965625 0.04140625 0.0484375
1 0.21015625 0.9859375 0.03984375 0.028125
1 0.08359375 0.9875 0.03671875 0.02421875
1 0.0046875 0.93984375 0.00859375 0.046875
1 0.00546875 0.88515625 0.01015625 0.0546875
1 0.00390625 0.853125 0.0078125 0.0375
1 0.00546875 0.8078125 0.01015625 0.04296875
1 0.02421875 0.82890625 0.03671875 0.0484375
1 0.0171875 0.79296875 0.0296875 0.03046875
1 0.0515625 0.84765625 0.03828125 0.03828125
1 0.05 0.80859375 0.03671875 0.04453125
1 0.0515625 0.76796875 0.034375 0.05078125
1 0.08125 0.778125 0.04140625 0.05078125
1 0.1109375 0.803125 0.03984375 0.04296875
1 0.0828125 0.825 0.034375 0.04296875
1 0.0515625 0.88828125 0.0328125 0.040625
1 0.03125 0.90859375 0.015625 0.01640625
1 0.1109375 0.8859375 0.015625 0.0203125
1 0.08125 0.871875 0.0296875 0.03046875
1 0.0484375 0.94140625 0.03828125 0.0484375
1 0.0828125 0.96171875 0.03828125 0.03828125
1 0.08515625 0.91640625 0.05 0.046875
1 0.01640625 0.35390625 0.0328125 0.040625
1 0.04296875 0.32890625 0.03125 0.028125
1 0.046875 0.371875 0.0328125 0.04296875
1 0.078125 0.34765625 0.034375 0.040625
1 0.0796875 0.38828125 0.04140625 0.0484375
1 0.0453125 0.45546875 0.034375 0.03828125
1 0.046875 0.50234375 0.03671875 0.03671875
1 0.07578125 0.5203125 0.03671875 0.040625
1 0.109375 0.50234375 0.0328125 0.03828125
1 0.13984375 0.5140625 0.034375 0.046875
1 0.078125 0.55859375 0.03984375 0.04296875
1 0.0515625 0.58125 0.03125 0.04296875
1 0.01640625 0.653125 0.0328125 0.03828125
1 0.02265625 0.69296875 0.04140625 0.046875
1 0.01640625 0.7328125 0.0328125 0.05078125
1 0.046875 0.66484375 0.034375 0.04296875
1 0.0796875 0.64609375 0.034375 0.04453125
1 0.0796875 0.60390625 0.03671875 0.046875
1 0.05 0.715625 0.0328125 0.05078125
1 0.0796875 0.6953125 0.03828125 0.046875
1 0.109375 0.7171875 0.03984375 0.053125
1 0.1109375 0.58125 0.034375 0.04296875
1 0.1421875 0.5609375 0.0328125 0.04296875
1 0.13984375 0.59765625 0.02734375 0.046875
1 0.146875 0.64453125 0.03828125 0.040625
1 0.17265625 0.628125 0.034375 0.04296875
1 0.17265625 0.66484375 0.0296875 0.04453125
1 0.14375 0.69140625 0.03984375 0.046875
1 0.178125 0.709375 0.0328125 0.040625
1 0.1421875 0.7359375 0.03671875 0.04453125
1 0.1765625 0.7625 0.04140625 0.05859375
1 0.14375 0.78046875 0.03671875 0.05078125
1 0.17265625 0.8046875 0.0328125 0.040625
1 0.2109375 0.73203125 0.03671875 0.040625
1 0.2125 0.778125 0.03828125 0.053125
1 0.209375 0.825 0.04140625 0.04453125
1 0.17265625 0.84375 0.03671875 0.04296875
1 0.2421875 0.84140625 0.03828125 0.05078125
1 0.26796875 0.825 0.034375 0.04453125
1 0.23046875 0.67109375 0.03828125 0.04296875
1 0.23203125 0.58125 0.03984375 0.04296875
1 0.26796875 0.65078125 0.0296875 0.03671875
1 0.29765625 0.66484375 0.04296875 0.04296875
1 0.2453125 0.75625 0.04296875 0.053125
1 0.26640625 0.7359375 0.03984375 0.053125
1 0.29765625 0.7171875 0.03828125 0.046875
1 0.29765625 0.80078125 0.04296875 0.04453125
1 0.29765625 0.84765625 0.04296875 0.05703125
1 0.33046875 0.7828125 0.03984375 0.0546875
1 0.36328125 0.80859375 0.05 0.0484375
1 0.33359375 0.73984375 0.0328125 0.040625
1 0.36484375 0.7578125 0.04296875 0.04296875
1 0.39765625 0.78046875 0.0328125 0.0546875
1 0.42734375 0.76015625 0.034375 0.046875
1 0.45703125 0.73203125 0.03671875 0.040625
1 0.39453125 0.7359375 0.0328125 0.034375
1 0.36171875 0.71328125 0.03984375 0.03671875
1 0.33046875 0.64609375 0.03125 0.03671875
1 0.36015625 0.66640625 0.0453125 0.0484375
1 0.4203125 0.675 0.04140625 0.0484375
1 0.45703125 0.69140625 0.02734375 0.03671875
1 0.1109375 0.284375 0.03984375 0.046875
1 0.109375 0.32890625 0.05390625 0.0546875
1 0.109375 0.378125 0.03671875 0.05078125
1 0.13828125 0.21171875 0.03984375 0.06328125
1 0.16953125 0.1953125 0.0453125 0.0546875
1 0.20078125 0.21328125 0.04140625 0.053125
1 0.23203125 0.19296875 0.0453125 0.046875
1 0.228125 0.23203125 0.04140625 0.04453125
1 0.290625 0.23359375 0.04296875 0.046875
1 0.3578125 0.22734375 0.0484375 0.04296875
1 0.32734375 0.25390625 0.04296875 0.0546875
1 0.36328125 0.278125 0.04140625 0.0484375
1 0.26640625 0.2625 0.03828125 0.04453125
1 0.29375 0.278125 0.03828125 0.04453125
1 0.13828125 0.2625 0.04140625 0.046875
1 0.13828125 0.38828125 0.03671875 0.05078125
1 0.13984375 0.3109375 0.02734375 0.0484375
1 0.1640625 0.28046875 0.03984375 0.046875
1 0.20078125 0.2578125 0.034375 0.040625
1 0.23359375 0.2765625 0.03828125 0.05078125
1 0.5125 0.29453125 0.04296875 0.046875
1 0.20078125 0.30078125 0.03984375 0.04296875
1 0.16640625 0.3234375 0.04140625 0.0484375
1 0.16796875 0.36796875 0.05 0.05078125
1 0.16953125 0.5 0.03828125 0.04453125
1 0.16640625 0.41484375 0.03828125 0.046875
1 0.16796875 0.45703125 0.0453125 0.03671875
1 0.20625 0.34375 0.034375 0.040625
1 0.23046875 0.365625 0.02734375 0.03671875
1 0.26328125 0.34765625 0.03984375 0.053125
1 0.2921875 0.32734375 0.04140625 0.0546875
1 0.3578125 0.32734375 0.04296875 0.05078125
1 0.228125 0.40078125 0.034375 0.03828125
1 0.2078125 0.4390625 0.03828125 0.05078125
1 0.23203125 0.4515625 0.034375 0.04453125
1 0.209375 0.5140625 0.034375 0.05078125
1 0.23515625 0.50234375 0.03984375 0.0484375
1 0.26796875 0.43515625 0.03828125 0.040625
1 0.26953125 0.47734375 0.03984375 0.04453125
1 0.26484375 0.5203125 0.034375 0.04453125
1 0.26640625 0.56484375 0.046875 0.053125
1 0.29765625 0.58125 0.0328125 0.03671875
1 0.29921875 0.54296875 0.03671875 0.040625
1 0.29765625 0.49765625 0.03984375 0.0484375
1 0.31796875 0.4671875 0.0484375 0.053125
1 0.32890625 0.51796875 0.046875 0.0484375
1 0.32890625 0.5609375 0.03984375 0.046875
1 0.32734375 0.60390625 0.03828125 0.046875
1 0.421875 0.32109375 0.0328125 0.04453125
1 0.390625 0.34765625 0.03671875 0.046875
1 0.453125 0.34375 0.02734375 0.040625
1 0.41875 0.36171875 0.03828125 0.04296875
1 0.3875 0.390625 0.03984375 0.04296875
1 0.453125 0.3859375 0.03671875 0.0484375
1 0.41875 0.4046875 0.03828125 0.046875
1 0.36015625 0.4109375 0.0328125 0.03828125
1 0.3578125 0.453125 0.03984375 0.046875
1 0.3890625 0.4328125 0.03828125 0.0546875
1 0.41875 0.453125 0.04140625 0.0484375
1 0.453125 0.4328125 0.03984375 0.046875
1 0.36171875 0.5 0.03984375 0.046875
1 0.390625 0.51796875 0.0453125 0.046875
1 0.38046875 0.553125 0.0328125 0.034375
1 0.4515625 0.47578125 0.03828125 0.04453125
1 0.453125 0.5203125 0.04140625 0.046875
1 0.421875 0.540625 0.034375 0.046875
1 0.36015625 0.58125 0.03671875 0.053125
1 0.3578125 0.621875 0.03828125 0.04453125
1 0.3890625 0.59921875 0.03984375 0.05703125
1 0.42421875 0.628125 0.0453125 0.0484375
1 0.45703125 0.6484375 0.03984375 0.046875
1 0.421875 0.57890625 0.03671875 0.0546875
1 0.453125 0.55859375 0.046875 0.046875
1 0.4515625 0.59765625 0.0453125 0.0484375
1 0.5140625 0.34140625 0.0328125 0.0484375
1 0.546875 0.36171875 0.04140625 0.0484375
1 0.5140625 0.384375 0.046875 0.046875
1 0.515625 0.4265625 0.04140625 0.046875
1 0.5796875 0.384375 0.04140625 0.046875
1 0.6109375 0.35546875 0.03828125 0.0484375
1 0.5796875 0.42890625 0.03984375 0.046875
1 0.546875 0.44921875 0.03828125 0.04453125
1 0.69921875 0.33359375 0.04140625 0.046875
1 0.675 0.3640625 0.04140625 0.040625
1 0.76484375 0.33515625 0.03828125 0.046875
1 0.66953125 0.3984375 0.04140625 0.040625
1 0.615625 0.4515625 0.03671875 0.04453125
1 0.63984375 0.43125 0.034375 0.03828125
1 0.67109375 0.44296875 0.03671875 0.046875
1 0.6421875 0.4734375 0.03828125 0.04296875
1 0.6140625 0.49375 0.03984375 0.046875
1 0.58125 0.52265625 0.04296875 0.0546875
1 0.6125 0.534375 0.03828125 0.04453125
1 0.55703125 0.5484375 0.03671875 0.046875
1 0.52265625 0.56484375 0.0328125 0.03671875
1 0.5171875 0.51015625 0.04296875 0.05078125
1 0.52109375 0.59921875 0.02734375 0.04296875
1 0.76328125 0.37578125 0.03828125 0.04296875
1 0.79921875 0.35546875 0.03671875 0.05078125
1 0.709375 0.4328125 0.03984375 0.03828125
1 0.73359375 0.4046875 0.04296875 0.053125
1 0.70625 0.46953125 0.04140625 0.05078125
1 0.73515625 0.4390625 0.04140625 0.046875
1 0.76640625 0.425 0.03671875 0.046875
1 0.79765625 0.4046875 0.04140625 0.0546875
1 0.73671875 0.48984375 0.03671875 0.05078125
1 0.76328125 0.4734375 0.03828125 0.046875
1 0.79609375 0.4875 0.03671875 0.04453125
1 0.64375 0.553125 0.04140625 0.04296875
1 0.67109375 0.534375 0.03984375 0.046875
1 0.70390625 0.5484375 0.034375 0.04296875
1 0.73515625 0.534375 0.03671875 0.04453125
1 0.76640625 0.553125 0.03125 0.034375
1 0.76796875 0.59140625 0.03671875 0.040625
1 0.79765625 0.57109375 0.0328125 0.03671875
1 0.83046875 0.553125 0.034375 0.040625
1 0.60703125 0.5734375 0.03828125 0.040625
1 0.5515625 0.57890625 0.0328125 0.034375
1 0.58125 0.59375 0.03671875 0.04453125
1 0.6421875 0.59375 0.0328125 0.03828125
1 0.67109375 0.615625 0.0328125 0.040625
1 0.5484375 0.61953125 0.03828125 0.046875
1 0.5796875 0.63828125 0.03671875 0.040625
1 0.6140625 0.61953125 0.034375 0.03828125
1 0.6453125 0.640625 0.03828125 0.04296875
1 0.609375 0.6609375 0.034375 0.03671875
1 0.51875 0.68125 0.034375 0.040625
1 0.52109375 0.81875 0.02734375 0.0328125
1 0.55 0.796875 0.02734375 0.028125
1 0.55 0.8390625 0.034375 0.05078125
1 0.58125 0.865625 0.0328125 0.034375
1 0.55 0.71328125 0.034375 0.046875
1 0.58125 0.73359375 0.034375 0.040625
1 0.5796875 0.7765625 0.03671875 0.05078125
1 0.5796875 0.68125 0.0328125 0.04453125
1 0.6125 0.70546875 0.04140625 0.04453125
1 0.6140625 0.75 0.034375 0.04296875
1 0.6140625 0.79453125 0.0328125 0.04296875
1 0.6140625 0.84140625 0.03828125 0.053125
1 0.6453125 0.6828125 0.03671875 0.040625
1 0.6453125 0.72578125 0.03828125 0.04453125
1 0.6453125 0.7703125 0.034375 0.046875
1 0.6453125 0.81328125 0.0328125 0.04296875
1 0.6484375 0.8578125 0.03828125 0.0484375
1 0.61796875 0.88203125 0.03984375 0.040625
1 0.61796875 0.9265625 0.03984375 0.040625
1 0.65078125 0.9515625 0.034375 0.04296875
1 0.6484375 0.90625 0.03125 0.04296875
1 0.6765625 0.925 0.0328125 0.05078125
1 0.7078125 0.946875 0.03828125 0.04296875
1 0.83203125 0.384375 0.03984375 0.053125
1 0.83046875 0.425 0.03984375 0.05078125
1 0.83203125 0.46953125 0.03671875 0.04453125
1 0.83046875 0.5125 0.04140625 0.046875
1 0.86171875 0.4859375 0.034375 0.0546875
1 0.89296875 0.46953125 0.04296875 0.0546875
1 0.86171875 0.534375 0.03671875 0.04296875
1 0.89296875 0.5484375 0.034375 0.04296875
1 0.921875 0.56875 0.034375 0.0328125
1 0.9546875 0.5890625 0.03828125 0.0484375
1 0.984375 0.56875 0.03125 0.040625
1 0.890625 0.59140625 0.034375 0.0484375
1 0.92578125 0.6078125 0.03984375 0.0484375
1 0.9859375 0.615625 0.02734375 0.0484375
1 0.89296875 0.640625 0.03828125 0.0484375
1 0.92421875 0.6609375 0.03984375 0.053125
1 0.95703125 0.67890625 0.03671875 0.053125
1 0.984375 0.65859375 0.03125 0.04453125
1 0.98671875 0.6953125 0.02578125 0.03671875
1 0.70390625 0.6828125 0.04296875 0.040625
1 0.6765625 0.70546875 0.03125 0.03671875
1 0.7421875 0.7015625 0.03671875 0.04453125
1 0.76796875 0.67890625 0.03125 0.034375
1 0.79921875 0.70546875 0.03984375 0.05078125
1 0.83203125 0.67890625 0.034375 0.04296875
1 0.86171875 0.696875 0.0328125 0.0484375
1 0.890625 0.6765625 0.0328125 0.04296875
1 0.9859375 0.74375 0.02734375 0.04453125
1 0.89453125 0.721875 0.0453125 0.05078125
1 0.86015625 0.74375 0.03671875 0.046875
1 0.89296875 0.76796875 0.03828125 0.04296875
1 0.92734375 0.74375 0.03828125 0.0546875
1 0.79921875 0.75 0.03828125 0.040625
1 0.98515625 0.78671875 0.0296875 0.040625
1 0.79921875 0.790625 0.03671875 0.04296875
1 0.83203125 0.8109375 0.04140625 0.05078125
1 0.95859375 0.8046875 0.03828125 0.04453125
1 0.92578125 0.82890625 0.034375 0.046875
1 0.96171875 0.84921875 0.03984375 0.0484375
1 0.9875 0.83125 0.02421875 0.053125
1 0.9859375 0.87578125 0.02734375 0.04453125
1 0.740625 0.790625 0.03671875 0.0484375
1 0.7109375 0.9046875 0.034375 0.04296875
1 0.7078125 0.72578125 0.046875 0.0546875
1 0.6765625 0.74765625 0.034375 0.04453125
1 0.6765625 0.790625 0.03671875 0.04296875
1 0.678125 0.83125 0.03984375 0.046875
1 0.678125 0.88046875 0.034375 0.04296875
1 0.709375 0.8640625 0.04140625 0.040625
1 0.7125 0.81328125 0.03984375 0.0546875
1 0.709375 0.7703125 0.034375 0.040625
1 0.740625 0.92265625 0.02265625 0.0265625
1 0.7453125 0.96328125 0.03671875 0.040625
1 0.7765625 0.946875 0.03828125 0.05078125
1 0.77578125 0.98359375 0.04296875 0.0328125
1 0.803125 0.965625 0.0296875 0.03671875
1 0.8328125 0.98359375 0.0328125 0.0328125
1 0.83359375 0.94921875 0.03828125 0.040625
1 0.83046875 0.90234375 0.034375 0.04296875
1 0.86171875 0.878125 0.02421875 0.02421875
1 0.86328125 0.92109375 0.034375 0.046875
1 0.89453125 0.8984375 0.03984375 0.053125
1 0.92578125 0.87578125 0.04140625 0.0484375
1 0.96171875 0.8984375 0.034375 0.0484375
1 0.9875 0.92109375 0.02421875 0.04453125
1 0.93046875 0.92109375 0.03671875 0.04296875
1 0.86484375 0.965625 0.034375 0.04296875
1 0.8640625 0.99375 0.0328125 0.0125
1 0.89296875 0.9453125 0.04140625 0.04296875
1 0.89609375 0.98359375 0.04140625 0.0328125
1 0.92890625 0.9671875 0.03984375 0.0484375
1 0.965625 0.97734375 0.0328125 0.04296875
1 0.98671875 0.9671875 0.02578125 0.03671875
1 0.98671875 0.99140625 0.0265625 0.0171875