1 0.99140625 0.9375 0.01640625 0.0546875
1 0.99453125 0.88203125 0.0109375 0.0546875
1 0.99140625 0.8265625 0.01640625 0.053125
1 0.98984375 0.76953125 0.0203125 0.06484375
1 0.99296875 0.703125 0.01328125 0.0609375
1 0.99453125 0.64453125 0.0109375 0.0578125
1 0.99453125 0.34453125 0.0109375 0.0640625
1 0.70078125 0.98125 0.0546875 0.0375
1 0.7421875 0.9703125 0.0453125 0.05859375
1 0.78828125 0.93515625 0.053125 0.05703125
1 0.8796875 0.89609375 0.04296875 0.0453125
1 0.78984375 0.87421875 0.0515625 0.0703125
1 0.78984375 0.8234375 0.05703125 0.0609375
1 0.878125 0.76875 0.03359375 0.0390625
1 0.79140625 0.70234375 0.053125 0.0609375
1 0.878125 0.6453125 0.046875 0.0546875
1 0.878125 0.51796875 0.046875 0.05859375
1 0.88203125 0.38984375 0.0546875 0.0703125
1 0.88515625 0.315625 0.06328125 0.084375
1 0.88984375 0.2140625 0.05859375 0.06875
1 0.88828125 0.153125 0.0546875 0.06640625
1 0.88984375 0.08828125 0.0546875 0.0703125
1 0.89140625 0.0296875 0.06328125 0.05859375
1 0.71328125 0.02265625 0.053125 0.0453125
1 0.75859375 0.01328125 0.0546875 0.0265625
1 0.8015625 0.0265625 0.053125 0.053125
1 0.8453125 0.05859375 0.05 0.06875
1 0.8046875 0.08828125 0.05859375 0.0625
1 0.76484375 0.35078125 0.05 0.0546875
1 0.79140625 0.3140625 0.04296875 0.05859375
1 0.83828125 0.3 0.053125 0.06484375
1 0.8046875 0.2703125 0.06171875 0.07265625
1 0.846875 0.246875 0.0484375 0.0625
1 0.81171875 0.21171875 0.05 0.05859375
1 0.76171875 0.18828125 0.05703125 0.07421875
1 0.8046875 0.146875 0.0484375 0.0625
1 0.75703125 0.11953125 0.06328125 0.0765625
1 0.040625 0.96484375 0.06171875 0.0703125
1 0.3984375 0.721875 0.05 0.06484375
1 0.43515625 0.6921875 0.06328125 0.0703125
1 0.43828125 0.62734375 0.053125 0.05703125
1 0.43828125 0.56640625 0.06015625 0.06640625
1 0.48828125 0.54140625 0.06484375 0.07421875
1 0.221875 0.9921875 0.05 0.015625
1 0.16953125 0.98125 0.06484375 0.0375
1 0.13515625 0.953125 0.06015625 0.06875
1 0.0984375 0.90625 0.05703125 0.0625
1 0.053125 0.8921875 0.046875 0.0546875
1 0.1765625 0.94296875 0.0515625 0.0703125
1 0.16640625 0.878125 0.06328125 0.0609375
1 0.08515625 0.81171875 0.053125 0.06640625
1 0.1234375 0.846875 0.0515625 0.0703125
1 0.21796875 0.90625 0.046875 0.053125
1 0.26171875 0.9375 0.046875 0.0546875
1 0.3046875 0.90625 0.05 0.05078125
1 0.3484375 0.93125 0.0515625 0.05078125
1 0.3953125 0.90625 0.0484375 0.046875
1 0.3984375 0.853125 0.05 0.05859375
1 0.43671875 0.87421875 0.04140625 0.046875
1 0.4796875 0.90390625 0.053125 0.06640625
1 0.346875 0.97578125 0.053125 0.0484375
1 0.3859375 0.9921875 0.06171875 0.015625
1 0.434375 0.98046875 0.05859375 0.0390625
1 0.528125 0.98359375 0.046875 0.0328125
1 0.48359375 0.96484375 0.06015625 0.0703125
1 0.528125 0.9375 0.0484375 0.0609375
1 0.571875 0.9140625 0.0515625 0.0609375
1 0.61484375 0.884375 0.0484375 0.0546875
1 0.65703125 0.85078125 0.05 0.0625
1 0.703125 0.8859375 0.053125 0.05859375
1 0.70703125 0.82578125 0.05859375 0.07265625
1 0.21796875 0.84921875 0.0484375 0.0453125
1 0.1796875 0.8140625 0.06171875 0.06640625
1 0.26328125 0.81796875 0.05 0.0546875
1 0.2234375 0.78203125 0.0515625 0.06640625
1 0.13203125 0.784375 0.06171875 0.0609375
1 0.1765625 0.7546875 0.0546875 0.0625
1 0.221875 0.7234375 0.0515625 0.0609375
1 0.1296875 0.71953125 0.046875 0.0546875
1 0.1765625 0.69375 0.0515625 0.0546875
1 0.21796875 0.6609375 0.0515625 0.0609375
1 0.26328125 0.68984375 0.046875 0.05703125
1 0.30859375 0.72734375 0.0453125 0.053125
1 0.35703125 0.69765625 0.0484375 0.0609375
1 0.31171875 0.6625 0.05859375 0.07265625
1 0.26640625 0.6296875 0.0546875 0.07265625
1 0.046875 0.721875 0.0453125 0.05078125
1 0.08515625 0.684375 0.0515625 0.05078125
1 0.13203125 0.6546875 0.06015625 0.0546875
1 0.13203125 0.59375 0.046875 0.0609375
1 0.18203125 0.6296875 0.053125 0.0609375
1 0.2203125 0.59609375 0.04296875 0.0546875
1 0.175 0.56640625 0.0484375 0.0609375
1 0.26484375 0.56484375 0.053125 0.05859375
1 0.31015625 0.59375 0.04296875 0.0609375
1 0.35859375 0.56640625 0.0546875 0.0703125
1 0.08515625 0.55859375 0.04140625 0.03515625
1 0.04296875 0.52578125 0.0453125 0.046875
1 0.08828125 0.5 0.046875 0.06875
1 0.13359375 0.46640625 0.046875 0.046875
1 0.1234375 0.4078125 0.03671875 0.046875
1 0.1765625 0.50234375 0.06328125 0.07265625
1 0.2234375 0.53515625 0.0515625 0.06484375
1 0.26796875 0.51015625 0.05859375 0.06640625
1 0.31328125 0.53515625 0.0546875 0.06640625
1 0.228125 0.46875 0.053125 0.0609375
1 0.18203125 0.44140625 0.05703125 0.0625
1 0.31640625 0.47421875 0.0546875 0.0625
1 0.271875 0.446875 0.053125 0.05859375
1 0.31328125 0.4140625 0.05703125 0.06640625
1 0.48828125 0.7296875 0.0515625 0.06484375
1 0.5296875 0.7 0.04296875 0.0546875
1 0.5265625 0.6375 0.0453125 0.06640625
1 0.571875 0.6703125 0.0515625 0.0609375
1 0.575 0.60625 0.0546875 0.05703125
1 0.6203125 0.6390625 0.0515625 0.07265625
1 0.225 0.4078125 0.046875 0.053125
1 0.7046875 0.7625 0.0546875 0.0625
1 0.571875 0.853125 0.053125 0.0625
1 0.61484375 0.8234375 0.0515625 0.0765625
1 0.56796875 0.78828125 0.05859375 0.0625
1 0.56796875 0.72734375 0.05 0.0703125
1 0.61796875 0.7546875 0.04296875 0.06875
1 0.66484375 0.7296875 0.046875 0.06875
1 0.70703125 0.69765625 0.04296875 0.046875
1 0.70703125 0.6375 0.03828125 0.04921875
1 0.79296875 0.578125 0.03359375 0.0390625
1 0.71171875 0.58203125 0.0453125 0.0546875
1 0.7546875 0.5453125 0.04296875 0.06484375
1 0.79296875 0.51171875 0.0484375 0.0625
1 0.66328125 0.55078125 0.06328125 0.0703125
1 0.71171875 0.5140625 0.06015625 0.0703125
1 0.61640625 0.5140625 0.0515625 0.0609375
1 0.66328125 0.484375 0.06171875 0.07265625
1 0.71171875 0.44921875 0.04296875 0.0546875
1 0.753125 0.42578125 0.0515625 0.07265625
1 0.61640625 0.4453125 0.06171875 0.07265625
1 0.66796875 0.4140625 0.06015625 0.078125
1 0.71015625 0.384375 0.05 0.0765625
1 0.53203125 0.4453125 0.03828125 0.0453125
1 0.5734375 0.41796875 0.05859375 0.07265625
1 0.621875 0.38984375 0.053125 0.06484375
1 0.5734375 0.353125 0.0515625 0.06640625
1 0.625 0.321875 0.06484375 0.084375
1 0.48359375 0.41796875 0.046875 0.0609375
1 0.528125 0.38984375 0.05 0.06640625
1 0.48828125 0.34921875 0.06171875 0.05703125
1 0.48828125 0.2921875 0.0515625 0.05078125
1 0.53515625 0.321875 0.053125 0.0703125
1 0.5703125 0.28984375 0.06171875 0.06484375
1 0.5734375 0.2375 0.0546875 0.053125
1 0.4953125 0.24140625 0.053125 0.0625
1 0.35859375 0.38203125 0.03671875 0.04296875
1 0.403125 0.35078125 0.0546875 0.05703125
1 0.43984375 0.3234375 0.04140625 0.0546875
1 0.6734375 0.29765625 0.03984375 0.05078125
1 0.71328125 0.3140625 0.03984375 0.05859375
1 0.71328125 0.27265625 0.05 0.046875
1 0.66796875 0.24296875 0.06015625 0.05859375
1 0.66640625 0.184375 0.053125 0.0625
1 0.71171875 0.15078125 0.05 0.06875
1 0.66484375 0.121875 0.053125 0.07265625
1 0.5734375 0.178125 0.05859375 0.0609375
1 0.6234375 0.1453125 0.053125 0.06484375
1 0.53359375 0.146875 0.05859375 0.05859375
1 0.53828125 0.084375 0.05 0.05703125
1 0.58203125 0.0546875 0.05 0.06640625
1 0.5796875 0.01484375 0.05703125 0.0296875
1 0.5359375 0.02578125 0.0515625 0.05078125
1 0.496875 0.0546875 0.05 0.05859375
1 0.41328125 0.0546875 0.06484375 0.0703125
1 0.41328125 0.009375 0.0546875 0.01875
1 0.4046875 0.1078125 0.06171875 0.05703125
1 0.40703125 0.15859375 0.04296875 0.05078125
1 0.4515625 0.2078125 0.05 0.05078125
1 0.403125 0.29375 0.0515625 0.0609375
1 0.403125 0.23359375 0.06015625 0.05703125
1 0.36015625 0.321875 0.05 0.06484375
1 0.36171875 0.25859375 0.05703125 0.06484375
1 0.31640625 0.353125 0.05703125 0.0625
1 0.31328125 0.29375 0.05 0.053125
1 0.2703125 0.26484375 0.03515625 0.046875
1 0.31328125 0.23125 0.06171875 0.06875
1 0.31484375 0.16875 0.0515625 0.046875
1 0.3546875 0.146875 0.04296875 0.0546875
1 0.271875 0.1390625 0.053125 0.0609375
1 0.3203125 0.11015625 0.06015625 0.06640625
1 0.31484375 0.046875 0.06171875 0.0609375
1 0.31484375 0.01328125 0.0671875 0.0265625
1 0.2296875 0.0453125 0.0515625 0.06640625
1 0.26640625 0.378125 0.0484375 0.07421875
1 0.178125 0.3765625 0.05859375 0.053125
1 0.2265625 0.34921875 0.0515625 0.0703125
1 0.0484375 0.3453125 0.05703125 0.05703125
1 0.09140625 0.31796875 0.0484375 0.04140625
1 0.13828125 0.3375 0.05 0.05703125
1 0.18515625 0.31171875 0.0515625 0.06484375
1 0.13515625 0.28828125 0.05703125 0.04921875
1 0.18203125 0.253125 0.0484375 0.0546875
1 0.225 0.24296875 0.053125 0.05078125
1 0.13984375 0.23359375 0.0484375 0.04921875
1 0.18515625 0.20390625 0.0484375 0.0546875
1 0.18359375 0.1390625 0.05859375 0.06875
1 0.0515625 0.1703125 0.0546875 0.0546875
1 0.0515625 0.10625 0.05859375 0.06640625
1 0.053125 0.0390625 0.04140625 0.04296875
1 0.0984375 0.1453125 0.04140625 0.04921875
1 0.1 0.07421875 0.05 0.0625
1 0.13984375 0.03515625 0.0515625 0.05703125
1 0.13828125 0.10625 0.05 0.08046875