1 0.921875 0.9796875 0.08203125 0.040625
1 0.915625 0.8921875 0.08984375 0.10546875
1 0.83671875 0.9375 0.0859375 0.103125
1 0.765625 0.88125 0.0765625 0.07734375
1 0.68671875 0.9265625 0.0859375 0.1015625
1 0.76015625 0.971875 0.0765625 0.05625
1 0.6078125 0.8796875 0.065625 0.0734375
1 0.53515625 0.92421875 0.0640625 0.0734375
1 0.4609375 0.96953125 0.075 0.06015625
1 0.37734375 0.91796875 0.0765625 0.0625
1 0.37421875 0.97734375 0.09375 0.0453125
1 0.29296875 0.875 0.0734375 0.0734375
1 0.2921875 0.95546875 0.08984375 0.08828125
1 0.22265625 0.98828125 0.075 0.0234375
1 0.13984375 0.9625 0.0703125 0.075
1 0.06015625 0.98046875 0.09140625 0.0390625
1 0.009375 0.9609375 0.01796875 0.07734375
1 0.21953125 0.8125 0.07109375 0.096875
1 0.14140625 0.86015625 0.084375 0.09453125
1 0.0625 0.90703125 0.08984375 0.09921875
1 0.009375 0.871875 0.01796875 0.09296875
1 0.53671875 0.81484375 0.084375 0.08828125
1 0.45625 0.76484375 0.0734375 0.084375
1 0.14296875 0.75234375 0.0734375 0.1015625
1 0.05859375 0.8015625 0.08984375 0.1078125
1 0.01328125 0.74921875 0.0265625 0.1015625
1 0.97734375 0.83359375 0.0453125 0.0890625
1 0.98359375 0.01328125 0.0328125 0.02578125
1 0.9828125 0.08671875 0.034375 0.0953125
1 0.98359375 0.196875 0.0328125 0.09296875
1 0.915625 0.1421875 0.084375 0.08828125
1 0.93046875 0.0453125 0.08828125 0.090625
1 0.85703125 0.015625 0.0890625 0.03125
1 0.8515625 0.2046875 0.07890625 0.06875
1 0.76953125 0.13984375 0.0859375 0.09296875
1 0.84765625 0.08828125 0.07890625 0.096875
1 0.775 0.0453125 0.10234375 0.090625
1 0.703125 0.0109375 0.08046875 0.021875
1 0.69609375 0.08203125 0.09375 0.11875
1 0.61640625 0.04296875 0.096875 0.0859375
1 0.615625 0.13125 0.075 0.09453125
1 0.5359375 0.0109375 0.096875 0.021875
1 0.778125 0.2453125 0.0859375 0.0796875
1 0.45859375 0.0328125 0.0796875 0.065625
1 0.37578125 0.01328125 0.09140625 0.02578125
1 0.30703125 0.0328125 0.0796875 0.065625
1 0.225 0.0046875 0.0734375 0.00859375
1 0.1453125 0.02578125 0.07890625 0.0515625
1 0.01953125 0.028125 0.03828125 0.05625
1 0.065625 0.0625 0.08203125 0.07578125
1 0.015625 0.121875 0.03125 0.08828125
1 0.225 0.06484375 0.08828125 0.09296875
1 0.53125 0.0796875 0.0953125 0.0859375
1 0.45234375 0.1203125 0.096875 0.1015625
1 0.37734375 0.07578125 0.10078125 0.1015625
1 0.296875 0.11875 0.08828125 0.1140625
1 0.1390625 0.125 0.096875 0.10546875
1 0.06015625 0.17265625 0.084375 0.0796875
1 0.01484375 0.225 0.0296875 0.09296875
1 0.0140625 0.63984375 0.02734375 0.09921875
1 0.01640625 0.54609375 0.0328125 0.096875
1 0.01875 0.45 0.0375 0.10625
1 0.01640625 0.32890625 0.0328125 0.11015625
1 0.9234375 0.2609375 0.075 0.09296875
1 0.53515625 0.1875 0.096875 0.1140625
1 0.37734375 0.1828125 0.0765625 0.10546875
1 0.221875 0.1765625 0.084375 0.10546875
1 0.1484375 0.228125 0.084375 0.1078125
1 0.07109375 0.278125 0.09140625 0.1203125
1 0.3 0.2328125 0.075 0.11015625
1 0.221875 0.2890625 0.09375 0.12265625
1 0.14296875 0.340625 0.0859375 0.1015625
1 0.07109375 0.38359375 0.084375 0.103125
1 0.075 0.49765625 0.084375 0.10546875
1 0.06015625 0.603125 0.08046875 0.08203125
1 0.0625 0.69609375 0.1046875 0.1078125
1 0.14453125 0.65078125 0.08046875 0.1015625
1 0.14453125 0.54921875 0.08046875 0.09453125
1 0.15 0.43984375 0.084375 0.1203125
1 0.37890625 0.69609375 0.0640625 0.0734375
1 0.30234375 0.65078125 0.0859375 0.09921875
1 0.21796875 0.709375 0.0859375 0.11015625
1 0.21953125 0.59453125 0.0734375 0.1203125
1 0.2234375 0.49140625 0.08046875 0.1140625
1 0.21953125 0.396875 0.084375 0.11015625
1 0.6078125 0.2390625 0.09140625 0.11015625
1 0.53125 0.2890625 0.09140625 0.09921875
1 0.45234375 0.2390625 0.0953125 0.11640625
1 0.37578125 0.284375 0.08828125 0.11171875
1 0.29296875 0.34296875 0.0859375 0.1078125
1 0.2984375 0.459375 0.09140625 0.12734375
1 0.296875 0.55390625 0.09140625 0.096875
1 0.690625 0.2890625 0.0859375 0.11015625
1 0.84453125 0.30625 0.08046875 0.08828125
1 0.76953125 0.346875 0.08203125 0.1015625
1 0.69375 0.40078125 0.08984375 0.11875
1 0.615625 0.34921875 0.0953125 0.10546875
1 0.53515625 0.3984375 0.096875 0.11015625
1 0.45078125 0.346875 0.08984375 0.11640625
1 0.371875 0.38828125 0.08984375 0.10546875
1 0.37734375 0.5 0.084375 0.10546875
1 0.371875 0.6015625 0.08046875 0.096875
1 0.45078125 0.653125 0.08046875 0.096875
1 0.45390625 0.5515625 0.08984375 0.11640625
1 0.45625 0.4484375 0.0953125 0.11015625
1 0.61015625 0.459375 0.0953125 0.11640625
1 0.61875 0.5625 0.08828125 0.09296875
1 0.540625 0.60546875 0.08828125 0.09453125
1 0.53828125 0.7046875 0.0765625 0.096875
1 0.60234375 0.76484375 0.07890625 0.103125
1 0.6171875 0.659375 0.0859375 0.103125
1 0.68515625 0.71953125 0.0734375 0.09921875
1 0.76953125 0.78046875 0.08828125 0.09296875
1 0.8421875 0.82734375 0.08046875 0.103125
1 0.98046875 0.72421875 0.03828125 0.11640625
1 0.91953125 0.78046875 0.096875 0.103125
1 0.92109375 0.6703125 0.0953125 0.11015625
1 0.9765625 0.625 0.046875 0.096875
1 0.9140625 0.56875 0.08984375 0.09921875
1 0.840625 0.71953125 0.0859375 0.09921875
1 0.98046875 0.315625 0.03828125 0.08828125
1 0.97890625 0.4203125 0.0421875 0.1078125
1 0.97734375 0.5265625 0.0453125 0.1
1 0.91953125 0.3640625 0.10234375 0.103125
1 0.91953125 0.465625 0.084375 0.09921875
1 0.83671875 0.409375 0.096875 0.10546875
1 0.765625 0.46328125 0.08828125 0.11171875
1 0.84609375 0.5109375 0.0765625 0.1015625
1 0.753125 0.5671875 0.084375 0.08203125
1 0.68828125 0.61171875 0.08203125 0.11640625
1 0.7640625 0.665625 0.09375 0.11640625
1 0.8421875 0.61171875 0.084375 0.11015625