1 0.93046875 0.0421875 0.13828125 0.08359375
1 0.26875 0.071875 0.14453125 0.14296875
1 0.14453125 0.11640625 0.1421875 0.1828125
1 0.04296875 0.0671875 0.0859375 0.134375
1 0.79765625 0.23359375 0.15390625 0.20078125
1 0.91953125 0.3125 0.12890625 0.2046875
1 0.78671875 0.403125 0.13125 0.16953125
1 0.915625 0.5109375 0.15390625 0.18046875
1 0.415625 0.33046875 0.16328125 0.22265625
1 0.140625 0.29921875 0.15546875 0.1875
1 0.271875 0.3875 0.12578125 0.1765625
1 0.39921875 0.48671875 0.17578125 0.23125
1 0.26953125 0.57890625 0.159375 0.225
1 0.13125 0.48671875 0.140625 0.19375
1 0.04765625 0.57734375 0.0953125 0.25078125
1 0.2625 0.78671875 0.1234375 0.19375
1 0.4140625 0.69609375 0.15 0.1765625
1 0.91015625 0.6984375 0.14609375 0.16328125
1 0.9734375 0.7609375 0.05234375 0.21328125
1 0.9046875 0.88515625 0.1328125 0.1875
1 0.90625 0.97890625 0.15390625 0.0421875
1 0.7765625 0.928125 0.11015625 0.14296875
1 0.678125 0.9140625 0.12578125 0.16328125
1 0.65234375 0.965625 0.1515625 0.06796875
1 0.5390625 0.82578125 0.11640625 0.16328125
1 0.4953125 0.93515625 0.1515625 0.1296875
1 0.38828125 0.97890625 0.14453125 0.0421875
1 0.2671875 0.9359375 0.13671875 0.128125
1 0.121875 0.97421875 0.15 0.0515625
1 0.1421875 0.85234375 0.11953125 0.1984375
1 0.03671875 0.9328125 0.07265625 0.134375
1 0.41015625 0.89453125 0.1328125 0.1609375