1 0.0328125 0.01171875 0.065625 0.0234375
1 0.246875 0.0515625 0.11171875 0.090625
1 0.10078125 0.0453125 0.09140625 0.090625
1 0.1078125 0.15546875 0.11171875 0.1078125
1 0.23984375 0.15703125 0.084375 0.1078125
1 0.0359375 0.1953125 0.07109375 0.11015625
1 0.0359375 0.396875 0.07109375 0.125
1 0.1046875 0.653125 0.12109375 0.1296875
1 0.025 0.60859375 0.04921875 0.096875
1 0.0375 0.503125 0.075 0.09296875
1 0.1609375 0.415625 0.096875 0.09921875
1 0.17734375 0.30625 0.11171875 0.11015625
1 0.31328125 0.3125 0.09921875 0.13359375
1 0.403125 0.25859375 0.07890625 0.08828125
1 0.39375 0.146875 0.115625 0.1203125
1 0.31328125 0.19375 0.075 0.07734375
1 0.30625 0.63828125 0.115625 0.1140625
1 0.2859375 0.53671875 0.11875 0.090625
1 0.4046875 0.45078125 0.09921875 0.1078125
1 0.16328125 0.8078125 0.11328125 0.1203125
1 0.51484375 0.86171875 0.08984375 0.10546875
1 0.38828125 0.76953125 0.10078125 0.096875
1 0.5234375 0.6765625 0.09140625 0.11875
1 0.4578125 0.61875 0.10234375 0.12734375
1 0.3015625 0.97109375 0.1078125 0.0578125
1 0.58046875 0.96640625 0.11015625 0.0671875
1 0.66328125 0.56015625 0.11015625 0.1203125
1 0.73046875 0.45078125 0.1046875 0.09296875
1 0.80390625 0.38828125 0.08046875 0.11171875
1 0.871875 0.45703125 0.096875 0.11015625
1 0.9484375 0.61875 0.09921875 0.10546875
1 0.95546875 0.79765625 0.0890625 0.0890625
1 0.79453125 0.8921875 0.10078125 0.12265625
1 0.79765625 0.975 0.096875 0.04921875
1 0.88359375 0.946875 0.096875 0.10546875
1 0.95 0.97734375 0.08203125 0.0453125
1 0.98828125 0.9328125 0.0234375 0.125
1 0.95078125 0.88828125 0.075 0.103125
1 0.871875 0.771875 0.08046875 0.09453125
1 0.87578125 0.853125 0.06953125 0.084375
1 0.80390625 0.71328125 0.096875 0.11015625
1 0.81328125 0.596875 0.084375 0.09921875
1 0.72734375 0.665625 0.084375 0.11171875
1 0.7328125 0.346875 0.09921875 0.1015625
1 0.68515625 0.26328125 0.10078125 0.09921875
1 0.53828125 0.36171875 0.10078125 0.1296875
1 0.59140625 0.528125 0.075 0.11015625
1 0.521875 0.48046875 0.0765625 0.09453125
1 0.615625 0.40546875 0.0640625 0.08828125
1 0.72890625 0.153125 0.08984375 0.1140625
1 0.8078125 0.19609375 0.08203125 0.125
1 0.9765625 0.25859375 0.046875 0.1390625
1 0.95234375 0.10546875 0.084375 0.1078125
1 0.95546875 0.02265625 0.0890625 0.0453125
1 0.53671875 0.1703125 0.09140625 0.1359375
1 0.46328125 0.03125 0.0953125 0.0625
1 0.61171875 0.028125 0.08828125 0.05625
1 0.53515625 0.05390625 0.084375 0.09921875
1 0.60078125 0.11015625 0.0859375 0.08828125
1 0.7359375 0.040625 0.1 0.08125
1 0.81484375 0.0796875 0.10078125 0.09921875
1 0.87890625 0.15078125 0.09375 0.12265625
1 0.9890625 0.15 0.021875 0.09296875
1 0.9515625 0.50625 0.096875 0.09453125
1 0.95703125 0.3953125 0.0859375 0.1015625
1 0.59140625 0.81015625 0.08984375 0.07734375
1 0.425 0.8984375 0.08984375 0.090625
1 0.3 0.82734375 0.096875 0.11171875
1 0.16328125 0.90546875 0.07890625 0.0859375
1 0.03203125 0.7953125 0.0640625 0.09453125
1 0.0265625 0.8921875 0.053125 0.103125
1 0.38828125 0.55625 0.08046875 0.12265625
1 0.66328125 0.375 0.08203125 0.103125
1 0.31328125 0.46328125 0.08046875 0.09296875