1 0.9390625 0.95234375 0.1203125 0.09375
1 0.9390625 0.79453125 0.121875 0.2140625
1 0.9421875 0.55859375 0.1140625 0.203125
1 0.9390625 0.340625 0.1203125 0.24140625
1 0.9296875 0.12109375 0.1390625 0.1921875
1 0.95078125 0.00703125 0.0953125 0.0140625
1 0.7953125 0.05703125 0.203125 0.11328125
1 0.8015625 0.246875 0.159375 0.2109375
1 0.80625 0.46328125 0.1859375 0.19609375
1 0.8109375 0.68671875 0.1578125 0.1921875
1 0.809375 0.90625 0.178125 0.18515625
1 0.6453125 0.9578125 0.1640625 0.08203125
1 0.634375 0.8078125 0.1765625 0.2125
1 0.6375 0.5859375 0.178125 0.19765625
1 0.63125 0.36796875 0.1484375 0.190625
1 0.6203125 0.1390625 0.1875 0.21640625
1 0.6203125 0.0234375 0.1453125 0.04609375
1 0.475 0.9140625 0.1546875 0.171875
1 0.484375 0.71953125 0.1625 0.190625
1 0.4796875 0.4671875 0.1671875 0.22734375
1 0.4765625 0.24140625 0.1734375 0.20859375
1 0.46484375 0.065625 0.1734375 0.13125
1 0.325 0.9671875 0.175 0.0640625
1 0.31875 0.8296875 0.196875 0.2234375
1 0.3140625 0.61015625 0.2 0.22734375
1 0.3203125 0.38125 0.1796875 0.20546875
1 0.303125 0.15390625 0.203125 0.2109375
1 0.28125 0.0125 0.1953125 0.0234375
1 0.1375 0.0765625 0.15 0.15234375
1 0.1390625 0.28046875 0.1625 0.20703125
1 0.1359375 0.4875 0.15625 0.18125
1 0.13125 0.7125 0.153125 0.1921875
1 0.153125 0.915625 0.1390625 0.16640625
1 0.0328125 0.81484375 0.0640625 0.18828125
1 0.034375 0.60234375 0.06875 0.18125
1 0.03125 0.37890625 0.0609375 0.1703125
1 0.03125 0.16484375 0.0609375 0.20859375
1 0.0296875 0.0203125 0.059375 0.03828125
1 0.0390625 0.96875 0.0765625 0.0625