1 0.2125 0.0421875 0.0546875 0.0734375
1 0.2203125 0.21484375 0.0546875 0.06953125
1 0.1359375 0.209375 0.05625 0.06640625
1 0.05 0.2109375 0.053125 0.06953125
1 0.0171875 0.06796875 0.0328125 0.071875
1 0.0890625 0.0203125 0.053125 0.040625
1 0.14375 0.10859375 0.0359375 0.03671875
1 0.1625 0.021875 0.0515625 0.04375
1 0.3 0.03828125 0.040625 0.04375
1 0.3828125 0.03515625 0.0484375 0.06796875
1 0.3375 0.0203125 0.0375 0.03828125
1 0.2578125 0.01640625 0.05 0.0328125
1 0.459375 0.08046875 0.04375 0.04921875
1 0.4203125 0.1265625 0.0515625 0.053125
1 0.4625 0.146875 0.04375 0.0515625
1 0.509375 0.1796875 0.0484375 0.0609375
1 0.38125 0.20390625 0.0546875 0.0625
1 0.540625 0.0828125 0.040625 0.03671875
1 0.55 0.03125 0.0546875 0.0609375
1 0.4984375 0.01640625 0.0625 0.0328125
1 0.5921875 0.01484375 0.053125 0.0296875
1 0.66875 0.0515625 0.040625 0.04375
1 0.6328125 0.1265625 0.046875 0.0515625
1 0.6265625 0.07890625 0.0359375 0.04375
1 0.7921875 0.02734375 0.0515625 0.0546875
1 0.7921875 0.084375 0.05 0.053125
1 0.753125 0.125 0.0546875 0.06796875
1 0.8390625 0.1171875 0.05625 0.06796875
1 0.8375 0.17578125 0.0609375 0.053125
1 0.8328125 0.23125 0.0515625 0.0609375
1 0.8375 0.2953125 0.0640625 0.075
1 0.790625 0.14140625 0.053125 0.0640625
1 0.9609375 0.02421875 0.05625 0.04765625
1 0.9921875 0.04375 0.015625 0.0625
1 0.9703125 0.13203125 0.046875 0.04921875
1 0.965625 0.1890625 0.0515625 0.053125
1 0.9921875 0.16171875 0.0140625 0.06953125
1 0.9671875 0.2421875 0.0515625 0.053125
1 0.99375 0.2734375 0.0125 0.0609375
1 0.9640625 0.30078125 0.0515625 0.05703125
1 0.971875 0.346875 0.0546875 0.04921875
1 0.9609375 0.42734375 0.053125 0.05859375
1 0.990625 0.38359375 0.0171875 0.053125
1 0.9671875 0.475 0.04375 0.04609375
1 0.9671875 0.525 0.0453125 0.0515625
1 0.965625 0.578125 0.05 0.05703125
1 0.9671875 0.640625 0.040625 0.053125
1 0.965625 0.69921875 0.0453125 0.0546875
1 0.96875 0.759375 0.046875 0.05859375
1 0.96875 0.81640625 0.04375 0.0515625
1 0.9703125 0.871875 0.04375 0.05703125
1 0.971875 0.928125 0.04375 0.05703125
1 0.9984375 0.959375 0.003125 0.04609375
1 0.996875 0.89375 0.00625 0.04609375
1 0.9953125 0.83828125 0.009375 0.0515625
1 0.996875 0.778125 0.0046875 0.05859375
1 0.99375 0.71953125 0.0125 0.04609375
1 0.99375 0.66796875 0.0125 0.053125
1 0.99375 0.6109375 0.0109375 0.0546875
1 0.9921875 0.55234375 0.0140625 0.0546875
1 0.9921875 0.49921875 0.0140625 0.0515625
1 0.990625 0.4421875 0.0171875 0.05859375
1 0.5796875 0.1703125 0.05625 0.06953125
1 0.628125 0.20703125 0.0453125 0.05703125
1 0.7140625 0.19609375 0.0421875 0.04921875
1 0.753125 0.22734375 0.0578125 0.06640625
1 0.4671875 0.2125 0.04375 0.04375
1 0.628125 0.3171875 0.046875 0.053125
1 0.66875 0.28984375 0.0453125 0.04765625
1 0.753125 0.284375 0.05 0.0546875
1 0.75 0.34296875 0.0546875 0.0609375
1 0.7953125 0.37265625 0.0484375 0.0640625
1 0.46875 0.2640625 0.0515625 0.0625
1 0.5078125 0.28984375 0.05 0.05703125
1 0.4234375 0.29375 0.0578125 0.0625
1 0.38125 0.32265625 0.0578125 0.0640625
1 0.428125 0.3578125 0.053125 0.0609375
1 0.384375 0.38515625 0.0546875 0.05703125
1 0.3890625 0.44375 0.053125 0.0515625
1 0.471875 0.38203125 0.05 0.053125
1 0.5078125 0.346875 0.053125 0.05703125
1 0.55 0.37578125 0.05 0.0640625
1 0.509375 0.4109375 0.0515625 0.0609375
1 0.4703125 0.4546875 0.0609375 0.06640625
1 0.5546875 0.440625 0.0484375 0.05703125
1 0.546875 0.49921875 0.059375 0.0625
1 0.5546875 0.60390625 0.046875 0.05703125
1 0.7515625 0.40703125 0.0515625 0.05859375
1 0.7546875 0.46640625 0.0546875 0.0625
1 0.715625 0.49140625 0.0546875 0.06640625
1 0.759375 0.51171875 0.0421875 0.04765625
1 0.715625 0.546875 0.0484375 0.053125
1 0.7578125 0.56875 0.0515625 0.0625
1 0.8015625 0.546875 0.046875 0.06640625
1 0.3375 0.2953125 0.0484375 0.0515625
1 0.3390625 0.35390625 0.0515625 0.0625
1 0.3 0.3796875 0.0578125 0.06640625
1 0.2625 0.4125 0.053125 0.05859375
1 0.2984375 0.4328125 0.0421875 0.0515625
1 0.340625 0.4640625 0.05625 0.0609375
1 0.265625 0.4734375 0.0546875 0.0625
1 0.0171875 0.24765625 0.034375 0.06796875
1 0.0140625 0.303125 0.028125 0.05859375
1 0.090625 0.240625 0.046875 0.0609375
1 0.0875 0.296875 0.046875 0.0546875
1 0.0515625 0.325 0.0484375 0.0625
1 0.015625 0.36484375 0.03125 0.06796875
1 0.0578125 0.39296875 0.0484375 0.05859375
1 0.13125 0.2734375 0.0421875 0.053125
1 0.1796875 0.29140625 0.05 0.0640625
1 0.1296875 0.33046875 0.05625 0.05859375
1 0.2578125 0.2953125 0.0421875 0.053125
1 0.21875 0.32265625 0.0421875 0.053125
1 0.215625 0.3796875 0.0515625 0.0625
1 0.1765625 0.4125 0.05 0.05859375
1 0.2171875 0.4421875 0.05 0.05703125
1 0.221875 0.49921875 0.0484375 0.0609375
1 0.2640625 0.53203125 0.05 0.0609375
1 0.0484375 0.44609375 0.0453125 0.04921875
1 0.0953125 0.47734375 0.04375 0.0546875
1 0.0125 0.47734375 0.0234375 0.05859375
1 0.05 0.50625 0.05625 0.06640625
1 0.0953125 0.53203125 0.0484375 0.0640625
1 0.809375 0.6109375 0.046875 0.0625
1 0.7609375 0.6296875 0.0484375 0.05859375
1 0.725 0.64765625 0.0421875 0.04921875
1 0.8046875 0.6625 0.0484375 0.0640625
1 0.7578125 0.68828125 0.05 0.0640625
1 0.7140625 0.715625 0.05 0.053125
1 0.7609375 0.7453125 0.05 0.06640625
1 0.80625 0.715625 0.0453125 0.0546875
1 0.8484375 0.8015625 0.0484375 0.06640625
1 0.71875 0.77421875 0.046875 0.06640625
1 0.671875 0.809375 0.053125 0.075
1 0.7203125 0.8328125 0.053125 0.06640625
1 0.7625 0.80703125 0.0484375 0.05703125
1 0.803125 0.8328125 0.04375 0.0640625
1 0.7703125 0.871875 0.046875 0.05859375
1 0.7234375 0.88984375 0.059375 0.07734375
1 0.8015625 0.88828125 0.046875 0.04609375
1 0.8484375 0.9140625 0.046875 0.05703125
1 0.8046875 0.94296875 0.053125 0.06796875
1 0.85234375 0.9734375 0.0421875 0.053125
1 0.7609375 0.97109375 0.05 0.0578125
1 0.71875 0.95078125 0.046875 0.06640625
1 0.68125 0.975 0.05625 0.04921875
1 0.6421875 0.88828125 0.0453125 0.0515625
1 0.178125 0.58203125 0.0546875 0.05859375
1 0.184375 0.640625 0.0578125 0.05703125
1 0.1125 0.61484375 0.0375 0.0328125
1 0.1015625 0.6421875 0.040625 0.04921875
1 0.1390625 0.66953125 0.053125 0.06640625
1 0.0203125 0.64609375 0.040625 0.0625
1 0.0625 0.66796875 0.0453125 0.04921875
1 0.1 0.696875 0.04375 0.04765625
1 0.1046875 0.98046875 0.046875 0.03828125
1 0.065625 0.96171875 0.053125 0.05703125
1 0.0625 0.90625 0.05625 0.05703125
1 0.0609375 0.8515625 0.0484375 0.05859375
1 0.0609375 0.790625 0.0546875 0.0640625
1 0.053125 0.73046875 0.0484375 0.0625
1 0.1046875 0.759375 0.05625 0.071875
1 0.146875 0.7265625 0.05 0.05859375
1 0.1484375 0.790625 0.0484375 0.05859375
1 0.10625 0.871875 0.05 0.06796875
1 0.1453125 0.903125 0.046875 0.06640625
1 0.1875 0.871875 0.0515625 0.05703125
1 0.1453125 0.959375 0.05625 0.071875
1 0.559375 0.896875 0.0515625 0.0640625
1 0.3875 0.5453125 0.0390625 0.0515625
1 0.471875 0.5484375 0.0453125 0.053125
1 0.4296875 0.57578125 0.0484375 0.0609375
1 0.4296875 0.63671875 0.05 0.0609375
1 0.4296875 0.6953125 0.053125 0.053125
1 0.225 0.725 0.0515625 0.0609375
1 0.271875 0.70078125 0.053125 0.05859375
1 0.3421875 0.69140625 0.0578125 0.053125
1 0.3078125 0.72265625 0.04375 0.0515625
1 0.271875 0.75625 0.05 0.04921875
1 0.303125 0.78515625 0.0421875 0.053125
1 0.3453125 0.75234375 0.053125 0.05703125
1 0.3859375 0.725 0.04375 0.0421875
1 0.3421875 0.8109375 0.0484375 0.04921875
1 0.3046875 0.840625 0.0484375 0.05703125
1 0.26875 0.87890625 0.0546875 0.04921875
1 0.5953125 0.7390625 0.040625 0.05703125
1 0.596875 0.8015625 0.0484375 0.0625
1 0.553125 0.71171875 0.0390625 0.04765625
1 0.553125 0.77578125 0.0375 0.0734375
1 0.5171875 0.74296875 0.04375 0.053125
1 0.5171875 0.8015625 0.0421875 0.0625
1 0.4796875 0.78203125 0.046875 0.0515625
1 0.4359375 0.809375 0.0484375 0.0625
1 0.3890625 0.83828125 0.0515625 0.053125
1 0.434375 0.86640625 0.0484375 0.053125
1 0.478125 0.84375 0.05 0.0609375
1 0.3875 0.89140625 0.0546875 0.0609375
1 0.4765625 0.90078125 0.059375 0.06640625
1 0.4328125 0.93203125 0.059375 0.0734375
1 0.26875 0.925 0.0546875 0.0625
1 0.2265625 0.9703125 0.0640625 0.05859375
1 0.27109375 0.97890625 0.0515625 0.0421875
1 0.2328125 0.996875 0.046875 0.00546875
1 0.19296875 0.984375 0.0453125 0.03125
1 0.3171875 0.99140625 0.053125 0.01640625
1 0.3109375 0.9671875 0.053125 0.0515625
1 0.3484375 0.928125 0.053125 0.06796875
1 0.39375 0.959375 0.0515625 0.05859375
1 0.35390625 0.97890625 0.0453125 0.0421875
1 0.38671875 0.99140625 0.0578125 0.01640625
1 0.4765625 0.96484375 0.05625 0.05859375
1 0.478125 0.99140625 0.05625 0.01640625
1 0.55859375 0.98984375 0.0546875 0.0203125