1 0.97265625 0.990625 0.0359375 0.01875
1 0.8015625 0.99140625 0.04140625 0.0171875
1 0.7734375 0.984375 0.03125 0.03125
1 0.721875 0.98515625 0.03515625 0.02890625
1 0.5 0.98359375 0.03359375 0.0328125
1 0.54765625 0.98828125 0.03125 0.0234375
1 0.6328125 0.99296875 0.03671875 0.01328125
1 0.60546875 0.9875 0.03828125 0.025
1 0.6375 0.97265625 0.03828125 0.04296875
1 0.6078125 0.95703125 0.03828125 0.05234375
1 0.5734375 0.975 0.03125 0.04296875
1 0.546875 0.95703125 0.03671875 0.05234375
1 0.578125 0.9296875 0.03828125 0.0484375
1 0.54296875 0.9140625 0.03671875 0.04453125
1 0.51796875 0.9359375 0.0296875 0.04453125
1 0.4984375 0.91640625 0.03359375 0.0390625
1 0.4953125 0.88359375 0.028125 0.04296875
1 0.5203125 0.8953125 0.03125 0.046875
1 0.51484375 0.86015625 0.03828125 0.04296875
1 0.49296875 0.80546875 0.0296875 0.046875
1 0.51796875 0.8265625 0.03359375 0.0546875
1 0.5484375 0.84453125 0.03984375 0.05234375
1 0.5796875 0.89296875 0.04140625 0.040625
1 0.5765625 0.86015625 0.03671875 0.04296875
1 0.57109375 0.8265625 0.03359375 0.05078125
1 0.603125 0.8015625 0.03515625 0.040625
1 0.6 0.8421875 0.03359375 0.0390625
1 0.6328125 0.928125 0.04453125 0.05234375
1 0.6296875 0.89296875 0.04140625 0.046875
1 0.6046875 0.871875 0.03671875 0.046875
1 0.6609375 0.92421875 0.03671875 0.0546875
1 0.6859375 0.86015625 0.04453125 0.04453125
1 0.71953125 0.94921875 0.03671875 0.040625
1 0.6890625 0.9375 0.03671875 0.04296875
1 0.69140625 0.90078125 0.03515625 0.046875
1 0.72109375 0.9125 0.04453125 0.04296875
1 0.71796875 0.8796875 0.04140625 0.0484375
1 0.71796875 0.840625 0.04453125 0.04296875
1 0.74609375 0.86015625 0.03984375 0.0484375
1 0.740625 0.896875 0.03515625 0.03671875
1 0.80546875 0.93359375 0.0265625 0.02890625
1 0.77265625 0.9140625 0.03828125 0.0390625
1 0.77109375 0.87734375 0.03515625 0.0390625
1 0.80078125 0.85 0.03828125 0.040625
1 0.80078125 0.89296875 0.04140625 0.04296875
1 0.91171875 0.9671875 0.04140625 0.046875
1 0.83203125 0.90859375 0.03671875 0.0484375
1 0.85703125 0.896875 0.0515625 0.05078125
1 0.98828125 0.95 0.0234375 0.04453125
1 0.9703125 0.96875 0.03359375 0.0390625
1 0.9453125 0.94765625 0.03359375 0.040625
1 0.9703125 0.91796875 0.0296875 0.04296875
1 0.94375 0.90859375 0.03359375 0.046875
1 0.91015625 0.92421875 0.04140625 0.04296875
1 0.91328125 0.8953125 0.03828125 0.03671875
1 0.94375 0.87578125 0.028125 0.02734375
1 0.9703125 0.86015625 0.03125 0.0390625
1 0.9421875 0.840625 0.03125 0.0390625
1 0.91328125 0.86171875 0.03671875 0.0328125
1 0.85703125 0.85625 0.03984375 0.03671875
1 0.88203125 0.87578125 0.03359375 0.0328125
1 0.88359375 0.8421875 0.03515625 0.04453125
1 0.85390625 0.82109375 0.03515625 0.040625
1 0.85390625 0.78046875 0.03359375 0.040625
1 0.9890625 0.83828125 0.021875 0.05078125
1 0.9703125 0.8171875 0.03671875 0.0484375
1 0.99140625 0.79609375 0.01640625 0.0390625
1 0.99140625 0.7578125 0.01640625 0.05234375
1 0.96875 0.73125 0.03984375 0.05078125
1 0.96875 0.7765625 0.03984375 0.040625
1 0.93984375 0.75703125 0.03671875 0.05078125
1 0.93984375 0.803125 0.03984375 0.046875
1 0.91015625 0.82109375 0.03671875 0.04453125
1 0.88359375 0.79375 0.03828125 0.0546875
1 0.91328125 0.778125 0.03671875 0.040625
1 0.46328125 0.996875 0.03359375 0.00546875
1 0.46640625 0.975 0.03984375 0.04296875
1 0.46484375 0.93203125 0.03125 0.040625
1 0.46875 0.896875 0.03828125 0.04296875
1 0.43359375 0.91640625 0.03359375 0.03671875
1 0.43671875 0.88125 0.03359375 0.04453125
1 0.4125 0.99609375 0.03515625 0.0078125
1 0.353125 0.98125 0.03125 0.03671875
1 0.37734375 0.9609375 0.03984375 0.0390625
1 0.35234375 0.94140625 0.0296875 0.0390625
1 0.321875 0.96328125 0.03359375 0.0390625
1 0.35078125 0.90234375 0.03515625 0.0390625
1 0.32578125 0.88359375 0.03671875 0.040625
1 0.31875 0.9203125 0.03671875 0.0484375
1 0.29453125 0.9796875 0.04140625 0.040625
1 0.27265625 0.9875 0.03671875 0.025
1 0.26875 0.92578125 0.03359375 0.03671875
1 0.2375 0.9375 0.03125 0.0328125
1 0.23984375 0.9796875 0.03515625 0.040625
1 0.0046875 0.96640625 0.009375 0.0484375
1 0.01796875 0.909375 0.0359375 0.04375
1 0.209375 0.98828125 0.03671875 0.0234375
1 0.18125 0.97890625 0.03671875 0.03671875
1 0.15703125 0.9921875 0.03828125 0.015625
1 0.1265625 0.9796875 0.03671875 0.040625
1 0.1546875 0.96328125 0.03984375 0.046875
1 0.1796875 0.9359375 0.04140625 0.040625
1 0.1265625 0.9453125 0.03828125 0.04453125
1 0.12421875 0.90234375 0.03515625 0.040625
1 0.2359375 0.865625 0.03359375 0.0390625
1 0.1796875 0.86796875 0.03125 0.02890625
1 0.12421875 0.82890625 0.0265625 0.03671875
1 0.015625 0.87265625 0.03125 0.040625
1 0.0140625 0.7546875 0.028125 0.0390625
1 0.01015625 0.8015625 0.0203125 0.0390625
1 0.209375 0.85 0.03515625 0.040625
1 0.37890625 0.84609375 0.03515625 0.03671875
1 0.43203125 0.80546875 0.03515625 0.03515625
1 0.37890625 0.803125 0.04140625 0.040625
1 0.46328125 0.7859375 0.03984375 0.04296875
1 0.43203125 0.76640625 0.03671875 0.03125
1 0.40390625 0.784375 0.03671875 0.04453125
1 0.40234375 0.7453125 0.03515625 0.046875
1 0.40234375 0.70625 0.04140625 0.046875
1 0.46171875 0.7453125 0.04140625 0.04453125
1 0.43203125 0.7296875 0.03828125 0.046875
1 0.2078125 0.80703125 0.03515625 0.04296875
1 0.2078125 0.77265625 0.03359375 0.03671875
1 0.3171875 0.76640625 0.03671875 0.040625
1 0.2640625 0.7703125 0.03125 0.03671875
1 0.3453125 0.74921875 0.04140625 0.04296875
1 0.315625 0.7296875 0.03984375 0.04453125
1 0.2921875 0.75078125 0.03828125 0.03671875
1 0.2921875 0.7140625 0.03359375 0.03671875
1 0.265625 0.7296875 0.03671875 0.04453125
1 0.2359375 0.74921875 0.03125 0.0390625
1 0.12421875 0.7546875 0.025 0.02890625
1 0.09609375 0.73515625 0.0296875 0.0328125
1 0.15078125 0.73359375 0.03125 0.03671875
1 0.12421875 0.71171875 0.03359375 0.040625
1 0.1 0.6890625 0.03359375 0.03671875
1 0.265625 0.69296875 0.03359375 0.03515625
1 0.20625 0.69296875 0.03125 0.0328125
1 0.1796875 0.71171875 0.0296875 0.03515625
1 0.15078125 0.69296875 0.03671875 0.04453125
1 0.1796875 0.675 0.03515625 0.040625
1 0.12109375 0.63046875 0.03828125 0.046875
1 0.06328125 0.63828125 0.028125 0.03671875
1 0.03828125 0.6984375 0.03984375 0.05078125
1 0.0171875 0.7140625 0.034375 0.046875
1 0.0140625 0.678125 0.028125 0.04453125
1 0.015625 0.6375 0.03125 0.04453125
1 0.01484375 0.59609375 0.0296875 0.04453125
1 0.03984375 0.57421875 0.03359375 0.03671875
1 0.03671875 0.53671875 0.03515625 0.0390625
1 0.0125 0.515625 0.025 0.0390625
1 0.54296875 0.7375 0.03984375 0.040625
1 0.01015625 0.2484375 0.0203125 0.04453125
1 0.01015625 0.175 0.0203125 0.0390625
1 0.00703125 0.1265625 0.01328125 0.0390625
1 0.0078125 0.02421875 0.01484375 0.040625
1 0.02890625 0.01171875 0.04140625 0.0234375
1 0.1421875 0.00625 0.040625 0.0125
1 0.0875 0.0078125 0.04140625 0.015625
1 0.11640625 0.01796875 0.0421875 0.0359375
1 0.05625 0.01875 0.03359375 0.03671875
1 0.22734375 0.01015625 0.0296875 0.0203125
1 0.2859375 0.0140625 0.028125 0.028125
1 0.26015625 0.0078125 0.03515625 0.015625
1 0.4546875 0.01484375 0.03515625 0.02890625
1 0.4234375 0.0078125 0.03359375 0.015625
1 0.365625 0.0046875 0.03671875 0.009375
1 0.45546875 0.1203125 0.03515625 0.03671875
1 0.425 0.10703125 0.03828125 0.03671875
1 0.3984375 0.11640625 0.03515625 0.04296875
1 0.40703125 0.159375 0.0234375 0.025
1 0.390625 0.046875 0.03671875 0.03515625
1 0.365625 0.02734375 0.0296875 0.03515625
1 0.3953125 0.078125 0.03671875 0.040625
1 0.3671875 0.0953125 0.03828125 0.04453125
1 0.3671875 0.05859375 0.03515625 0.040625
1 0.3375 0.046875 0.03359375 0.0390625
1 0.3109375 0.06796875 0.028125 0.040625
1 0.284375 0.05234375 0.03671875 0.046875
1 0.2859375 0.08359375 0.03671875 0.0390625
1 0.25546875 0.06640625 0.03515625 0.046875
1 0.22734375 0.0484375 0.03125 0.04453125
1 0.19765625 0.025 0.03671875 0.04296875
1 0.16953125 0.05078125 0.03515625 0.040625
1 0.51796875 0.08203125 0.03125 0.02890625
1 0.51171875 0.046875 0.03515625 0.03671875
1 0.5125 0.0125 0.03125 0.025
1 0.53125 0.0046875 0.03671875 0.009375
1 0.51328125 0.23515625 0.03359375 0.0328125
1 0.51171875 0.2 0.03125 0.03671875
1 0.51640625 0.1578125 0.03671875 0.040625
1 0.53984375 0.1359375 0.03359375 0.0390625
1 0.56484375 0.15390625 0.03515625 0.046875
1 0.56171875 0.078125 0.03515625 0.04453125
1 0.59453125 0.0953125 0.03671875 0.040625
1 0.56796875 0.04296875 0.03359375 0.0328125
1 0.59140625 0.01953125 0.03359375 0.03671875
1 0.56328125 0.015625 0.03671875 0.03125
1 0.59609375 0.21171875 0.04140625 0.03671875
1 0.59609375 0.175 0.04296875 0.04453125
1 0.62265625 0.15390625 0.04296875 0.0484375
1 0.59609375 0.13203125 0.03515625 0.0390625
1 0.73203125 0.0125 0.03828125 0.025
1 0.76640625 0.021875 0.0390625 0.04375
1 0.70703125 0.0234375 0.04140625 0.046875
1 0.7078125 0.0640625 0.04296875 0.0484375
1 0.6796875 0.040625 0.03515625 0.04453125
1 0.65078125 0.05859375 0.03671875 0.040625
1 0.7640625 0.05625 0.04296875 0.0390625
1 0.7640625 0.09375 0.03359375 0.0390625
1 0.7609375 0.13046875 0.03359375 0.03671875
1 0.70625 0.1734375 0.03359375 0.03671875
1 0.67578125 0.15390625 0.03125 0.040625
1 0.6546875 0.13203125 0.028125 0.0390625
1 0.734375 0.15390625 0.03515625 0.0390625
1 0.7078125 0.1359375 0.03828125 0.04296875
1 0.72890625 0.1046875 0.03984375 0.04453125
1 0.678125 0.1046875 0.03828125 0.04296875
1 0.734375 0.0796875 0.03671875 0.0390625
1 0.9875 0.1671875 0.025 0.046875
1 0.996875 0.1109375 0.00625 0.046875
1 0.9859375 0.08828125 0.028125 0.04453125
1 0.8140625 0.01953125 0.03515625 0.0390625
1 0.84921875 0.078125 0.03125 0.03515625
1 0.93203125 0.06015625 0.03125 0.0328125
1 0.93203125 0.01875 0.03359375 0.03671875
1 0.96015625 0.10859375 0.03125 0.03671875
1 0.96171875 0.14375 0.028125 0.03671875
1 0.93515625 0.128125 0.03671875 0.040625
1 0.953125 0.16953125 0.03125 0.03671875
1 0.93203125 0.17734375 0.03515625 0.0484375
1 0.98828125 0.2453125 0.0234375 0.0390625
1 0.96875 0.2546875 0.03125 0.0328125
1 0.96015625 0.22578125 0.03359375 0.04296875
1 0.93203125 0.20625 0.03125 0.0328125
1 0.94375 0.2765625 0.03125 0.03515625
1 0.92890625 0.2453125 0.03125 0.0390625
1 0.9 0.22734375 0.03359375 0.04296875
1 0.90703125 0.2609375 0.0265625 0.02734375
1 0.87734375 0.21015625 0.03359375 0.0328125
1 0.87734375 0.2453125 0.03359375 0.0390625
1 0.87578125 0.28203125 0.03125 0.04453125
1 0.85078125 0.27421875 0.03671875 0.04453125
1 0.82421875 0.25078125 0.03515625 0.0390625
1 0.84921875 0.23125 0.03125 0.03671875
1 0.87734375 0.1734375 0.0296875 0.03671875
1 0.8953125 0.15546875 0.01484375 0.01328125
1 0.82421875 0.17734375 0.01484375 0.0171875
1 0.84921875 0.1890625 0.0265625 0.02734375
1 0.88046875 0.128125 0.03515625 0.04453125
1 0.84921875 0.10859375 0.03515625 0.0328125
1 0.846875 0.15 0.04453125 0.040625
1 0.98828125 0.36875 0.0234375 0.0328125
1 0.9921875 0.409375 0.01484375 0.02890625
1 0.99140625 0.48359375 0.01640625 0.040625
1 0.96484375 0.4984375 0.03828125 0.04453125
1 0.990625 0.55234375 0.01796875 0.046875
1 0.99140625 0.63203125 0.01640625 0.046875
1 0.990625 0.67421875 0.01796875 0.04453125
1 0.96640625 0.69296875 0.0296875 0.0328125
1 0.96484375 0.65546875 0.03125 0.040625
1 0.93984375 0.63984375 0.025 0.04296875
1 0.91015625 0.65390625 0.03359375 0.03671875
1 0.88359375 0.67734375 0.028125 0.02734375
1 0.88203125 0.63828125 0.0296875 0.0390625
1 0.85234375 0.659375 0.03125 0.03515625
1 0.85078125 0.62265625 0.03671875 0.04453125
1 0.88203125 0.5625 0.0296875 0.03515625
1 0.88046875 0.52109375 0.03125 0.0328125
1 0.85390625 0.50546875 0.03125 0.03671875
1 0.82578125 0.52109375 0.028125 0.03515625
1 0.79765625 0.51171875 0.03125 0.04296875
1 0.85390625 0.46875 0.03671875 0.03671875
1 0.87734375 0.44921875 0.028125 0.0390625
1 0.90859375 0.38515625 0.03125 0.03515625
1 0.90390625 0.35 0.03671875 0.040625
1 0.91015625 0.31328125 0.0296875 0.04453125
1 0.88046875 0.37578125 0.0296875 0.03671875
1 0.85234375 0.39140625 0.0296875 0.040625
1 0.85078125 0.4296875 0.03125 0.040625
1 0.87734375 0.33046875 0.0296875 0.04453125
1 0.85234375 0.3484375 0.03359375 0.04296875
1 0.82421875 0.32890625 0.03515625 0.0484375
1 0.82421875 0.44921875 0.03125 0.0390625
1 0.7953125 0.46875 0.0296875 0.0390625
1 0.79765625 0.4359375 0.025 0.040625
1 0.790625 0.39296875 0.03515625 0.03671875
1 0.7671875 0.40859375 0.03125 0.0390625
1 0.7671875 0.37578125 0.0265625 0.0390625
1 0.79375 0.35234375 0.03515625 0.04296875
1 0.7625 0.334375 0.0296875 0.03671875
1 0.7953125 0.3109375 0.03359375 0.0390625
1 0.7640625 0.28828125 0.03828125 0.05234375
1 0.7921875 0.2703125 0.03125 0.046875
1 0.7671875 0.24921875 0.028125 0.03671875
1 0.734375 0.31484375 0.03359375 0.03671875
1 0.7328125 0.27265625 0.03359375 0.046875
1 0.734375 0.23125 0.03828125 0.0390625
1 0.7671875 0.2140625 0.03359375 0.03671875
1 0.70625 0.215625 0.03359375 0.046875
1 0.68125 0.23125 0.03125 0.0390625
1 0.715625 0.36953125 0.03515625 0.03671875
1 0.7140625 0.44921875 0.03515625 0.03671875
1 0.6828125 0.3890625 0.0265625 0.0328125
1 0.6546875 0.37578125 0.03828125 0.0390625
1 0.70234375 0.29375 0.03828125 0.046875
1 0.6828125 0.3109375 0.03671875 0.0484375
1 0.6546875 0.32890625 0.03515625 0.04296875
1 0.6546875 0.253125 0.03828125 0.0390625
1 0.6546875 0.21171875 0.03828125 0.05078125
1 0.6265625 0.2703125 0.03515625 0.0484375
1 0.59609375 0.246875 0.04453125 0.04296875
1 0.62265625 0.30703125 0.028125 0.03671875
1 0.59453125 0.2921875 0.03828125 0.0390625
1 0.56484375 0.2703125 0.0296875 0.0484375
1 0.53828125 0.28984375 0.0296875 0.04296875
1 0.51171875 0.31484375 0.03359375 0.03515625
1 0.56796875 0.3109375 0.0296875 0.03125
1 0.59609375 0.3328125 0.03671875 0.0328125
1 0.6265625 0.39140625 0.0265625 0.0328125
1 0.6 0.3734375 0.03984375 0.04296875
1 0.54453125 0.36796875 0.03671875 0.04296875
1 0.51171875 0.35234375 0.025 0.0328125
1 0.82421875 0.715625 0.03515625 0.04296875
1 0.82421875 0.67734375 0.0484375 0.0484375
1 0.82578125 0.63203125 0.03359375 0.04453125
1 0.79921875 0.78203125 0.03515625 0.05625
1 0.77109375 0.79609375 0.03984375 0.05078125
1 0.7421875 0.78203125 0.03671875 0.046875
1 0.7140625 0.79765625 0.03984375 0.04296875
1 0.71796875 0.76484375 0.03671875 0.0390625
1 0.6609375 0.7625 0.03828125 0.040625
1 0.6015625 0.76640625 0.04296875 0.0390625
1 0.6296875 0.7453125 0.03984375 0.0484375
1 0.59609375 0.721875 0.03828125 0.04296875
1 0.6828125 0.7375 0.03359375 0.040625
1 0.659375 0.721875 0.03515625 0.0390625
1 0.79921875 0.7375 0.03828125 0.040625
1 0.79921875 0.62265625 0.03125 0.04453125
1 0.79765625 0.69296875 0.025 0.04453125
1 0.77578125 0.71953125 0.03671875 0.040625
1 0.7421875 0.7390625 0.0296875 0.03671875
1 0.7125 0.7234375 0.03359375 0.04453125
1 0.46171875 0.70625 0.03828125 0.04296875
1 0.7421875 0.7 0.03515625 0.0390625
1 0.77421875 0.6828125 0.03828125 0.04453125
1 0.77265625 0.6421875 0.04453125 0.04453125
1 0.77109375 0.5234375 0.03359375 0.0390625
1 0.77421875 0.59921875 0.03359375 0.04296875
1 0.77265625 0.5625 0.03984375 0.0328125
1 0.7375 0.66328125 0.03125 0.03671875
1 0.715625 0.64375 0.025 0.0328125
1 0.6859375 0.659375 0.03515625 0.046875
1 0.659375 0.67890625 0.03828125 0.0484375
1 0.6 0.67890625 0.03984375 0.046875
1 0.71796875 0.6125 0.0296875 0.03515625
1 0.7359375 0.578125 0.03359375 0.04453125
1 0.7140625 0.56640625 0.03125 0.040625
1 0.7359375 0.509375 0.0296875 0.04453125
1 0.7125 0.52109375 0.03515625 0.04296875
1 0.68125 0.58203125 0.03515625 0.03671875
1 0.6796875 0.54296875 0.03515625 0.0390625
1 0.684375 0.50546875 0.03125 0.0390625
1 0.6828125 0.46484375 0.04140625 0.046875
1 0.6546875 0.44921875 0.0296875 0.0328125
1 0.6546875 0.484375 0.03125 0.03515625
1 0.6546875 0.5234375 0.03515625 0.04296875
1 0.6359375 0.55234375 0.04296875 0.046875
1 0.628125 0.50546875 0.04140625 0.04453125
1 0.6265625 0.46875 0.03671875 0.040625
1 0.628125 0.4296875 0.03515625 0.04296875
1 0.54296875 0.68515625 0.0296875 0.0390625
1 0.57109375 0.66171875 0.03359375 0.04296875
1 0.51640625 0.66328125 0.025 0.03671875
1 0.546875 0.64765625 0.03359375 0.0390625
1 0.575 0.6203125 0.03515625 0.0390625
1 0.51484375 0.62421875 0.03359375 0.04453125
1 0.546875 0.60859375 0.03515625 0.04296875
1 0.6 0.603125 0.028125 0.03515625
1 0.6 0.5640625 0.03515625 0.04296875
1 0.5734375 0.58203125 0.03515625 0.05078125
1 0.546875 0.56640625 0.03671875 0.04453125
1 0.51484375 0.58359375 0.03515625 0.04296875
1 0.59765625 0.5234375 0.03671875 0.04296875
1 0.57109375 0.5078125 0.03984375 0.04296875
1 0.58125 0.4765625 0.0296875 0.03125
1 0.51640625 0.54453125 0.03515625 0.0390625
1 0.51484375 0.50546875 0.03671875 0.04296875
1 0.54296875 0.48671875 0.03125 0.040625
1 0.59765625 0.44921875 0.03359375 0.046875
1 0.6 0.4125 0.03359375 0.040625
1 0.57109375 0.43359375 0.03671875 0.05078125
1 0.54140625 0.40859375 0.03984375 0.04453125
1 0.51171875 0.3890625 0.03671875 0.04296875
1 0.54140625 0.4515625 0.03359375 0.0484375
1 0.51484375 0.47109375 0.04140625 0.040625
1 0.51640625 0.4359375 0.03984375 0.04296875
1 0.46015625 0.665625 0.0296875 0.04296875
1 0.43046875 0.64609375 0.03828125 0.04296875
1 0.46015625 0.628125 0.04140625 0.04296875
1 0.45859375 0.58984375 0.03671875 0.040625
1 0.40234375 0.628125 0.03671875 0.04296875
1 0.371875 0.65390625 0.03359375 0.04296875
1 0.40234375 0.5875 0.03515625 0.040625
1 0.43046875 0.56796875 0.03515625 0.040625
1 0.29375 0.67109375 0.03671875 0.04296875
1 0.315625 0.64375 0.03671875 0.03671875
1 0.2359375 0.67109375 0.03515625 0.04296875
1 0.3203125 0.61484375 0.03828125 0.03671875
1 0.36875 0.56640625 0.03125 0.0390625
1 0.346875 0.5859375 0.03125 0.03515625
1 0.31875 0.57421875 0.03125 0.040625
1 0.3453125 0.546875 0.03515625 0.0390625
1 0.3703125 0.52890625 0.03515625 0.040625
1 0.3984375 0.50390625 0.03984375 0.0484375
1 0.371875 0.4921875 0.03359375 0.040625
1 0.421875 0.47890625 0.03359375 0.04296875
1 0.453125 0.46484375 0.0296875 0.0328125
1 0.45703125 0.51328125 0.03828125 0.046875
1 0.45546875 0.43359375 0.025 0.0390625
1 0.2375 0.634375 0.03515625 0.0390625
1 0.2046875 0.65390625 0.03359375 0.04453125
1 0.2859375 0.58359375 0.03671875 0.03515625
1 0.2625 0.60859375 0.03828125 0.046875
1 0.2875 0.55078125 0.03671875 0.04453125
1 0.2609375 0.578125 0.03828125 0.040625
1 0.234375 0.58984375 0.03125 0.040625
1 0.20625 0.60859375 0.03828125 0.0484375
1 0.259375 0.53125 0.03359375 0.04453125
1 0.2359375 0.546875 0.03359375 0.04296875
1 0.2078125 0.53515625 0.03359375 0.040625
1 0.34375 0.475 0.03671875 0.0390625
1 0.31875 0.4921875 0.03671875 0.040625
1 0.2890625 0.47890625 0.03125 0.0390625
1 0.2609375 0.4921875 0.03359375 0.0390625
1 0.2328125 0.475 0.028125 0.03125
1 0.23125 0.44140625 0.03359375 0.03671875
1 0.20625 0.459375 0.0296875 0.0328125
1 0.17578125 0.475 0.03125 0.03515625
1 0.37734375 0.45703125 0.03515625 0.03671875
1 0.425 0.4515625 0.0296875 0.03125
1 0.4 0.4375 0.03125 0.0390625
1 0.3453125 0.43984375 0.0296875 0.03515625
1 0.31875 0.4203125 0.0296875 0.03671875
1 0.43046875 0.41640625 0.03515625 0.04296875
1 0.40234375 0.39921875 0.03125 0.03671875
1 0.3703125 0.41640625 0.03125 0.03515625
1 0.3421875 0.396875 0.03515625 0.03671875
1 0.3734375 0.37734375 0.0296875 0.0328125
1 0.45546875 0.36015625 0.03125 0.03515625
1 0.45546875 0.23515625 0.025 0.02890625
1 0.42890625 0.25703125 0.025 0.02734375
1 0.42890625 0.21796875 0.0296875 0.04453125
1 0.4 0.19453125 0.0296875 0.03125
1 0.4265625 0.3328125 0.03125 0.04296875
1 0.4 0.31328125 0.03125 0.03515625
1 0.4 0.27421875 0.03359375 0.04453125
1 0.40234375 0.36171875 0.0296875 0.0390625
1 0.371875 0.33828125 0.03671875 0.040625
1 0.3703125 0.3 0.03125 0.0390625
1 0.3703125 0.25859375 0.0296875 0.0390625
1 0.3703125 0.215625 0.03515625 0.046875
1 0.3421875 0.36015625 0.03359375 0.03671875
1 0.3421875 0.32109375 0.03359375 0.0390625
1 0.3421875 0.28046875 0.03125 0.04296875
1 0.3421875 0.24296875 0.0296875 0.03671875
1 0.3390625 0.20234375 0.03359375 0.04453125
1 0.3671875 0.17890625 0.03671875 0.03671875
1 0.3671875 0.13984375 0.03671875 0.03671875
1 0.3390625 0.11875 0.0296875 0.0390625
1 0.3390625 0.159375 0.0265625 0.0390625
1 0.3140625 0.1421875 0.0296875 0.046875
1 0.2859375 0.12265625 0.03515625 0.0390625
1 0.17265625 0.6265625 0.03671875 0.046875
1 0.17421875 0.59140625 0.03671875 0.04453125
1 0.17421875 0.55078125 0.03359375 0.040625
1 0.17578125 0.51328125 0.03671875 0.04296875
1 0.14609375 0.53671875 0.03125 0.0484375
1 0.11953125 0.55078125 0.03984375 0.0484375
1 0.14765625 0.4921875 0.03125 0.03671875
1 0.11953125 0.48046875 0.0296875 0.0390625
1 0.09296875 0.4609375 0.03125 0.02890625
1 0.06328125 0.44375 0.03359375 0.04453125
1 0.03359375 0.4609375 0.03515625 0.03671875
1 0.12109375 0.44140625 0.03125 0.04296875
1 0.08984375 0.42578125 0.03671875 0.04453125
1 0.03359375 0.4203125 0.03125 0.04296875
1 0.11953125 0.396875 0.03515625 0.04296875
1 0.09140625 0.37734375 0.03515625 0.046875
1 0.06171875 0.36171875 0.03125 0.046875
1 0.03125 0.38125 0.03671875 0.0390625
1 0.03515625 0.3484375 0.025 0.0328125
1 0.2890625 0.36015625 0.03828125 0.03671875
1 0.3140625 0.33828125 0.028125 0.0328125
1 0.25390625 0.3421875 0.03359375 0.0390625
1 0.2328125 0.3640625 0.028125 0.03125
1 0.2046875 0.340625 0.03515625 0.04453125
1 0.17265625 0.3640625 0.0296875 0.0390625
1 0.14765625 0.34609375 0.0296875 0.04453125
1 0.12109375 0.3640625 0.0296875 0.03671875
1 0.03125 0.303125 0.03125 0.040625
1 0.11796875 0.325 0.03984375 0.046875
1 0.14921875 0.303125 0.03359375 0.04296875
1 0.11953125 0.28203125 0.03515625 0.03671875
1 0.08828125 0.303125 0.03515625 0.05078125
1 0.20234375 0.29765625 0.03515625 0.03671875
1 0.03359375 0.26640625 0.0296875 0.03671875
1 0.20234375 0.2609375 0.03359375 0.0390625
1 0.17265625 0.24296875 0.03671875 0.04453125
1 0.06015625 0.24921875 0.03515625 0.0390625
1 0.08984375 0.22734375 0.03125 0.040625
1 0.05625 0.2078125 0.03515625 0.04296875
1 0.028125 0.22578125 0.03515625 0.046875
1 0.03359375 0.18671875 0.03125 0.0390625
1 0.25546875 0.2625 0.03359375 0.04296875
1 0.28203125 0.159375 0.03125 0.03671875
1 0.2859375 0.32109375 0.04140625 0.0484375
1 0.3140625 0.3 0.0296875 0.0390625
1 0.3140625 0.2625 0.03359375 0.03671875
1 0.3125 0.22578125 0.03671875 0.040625
1 0.3125 0.18125 0.03125 0.0390625
1 0.284375 0.196875 0.03828125 0.03671875
1 0.28203125 0.24140625 0.03671875 0.0484375
1 0.2859375 0.28046875 0.03125 0.03671875
1 0.25546875 0.14375 0.0203125 0.025
1 0.25234375 0.10703125 0.03359375 0.03515625
1 0.22421875 0.12265625 0.03359375 0.04453125
1 0.22421875 0.0875 0.03828125 0.0328125
1 0.20078125 0.1046875 0.0265625 0.0328125
1 0.17421875 0.0875 0.0296875 0.0328125
1 0.17265625 0.1203125 0.03515625 0.03671875
1 0.17421875 0.16328125 0.03125 0.03671875
1 0.14609375 0.18515625 0.021875 0.02109375
1 0.14609375 0.14609375 0.0296875 0.04296875
1 0.11796875 0.165625 0.03671875 0.046875
1 0.08984375 0.18515625 0.03828125 0.04296875
1 0.05625 0.165625 0.03125 0.04296875
1 0.0296875 0.14609375 0.028125 0.040625
1 0.084375 0.14609375 0.03125 0.03671875
1 0.14296875 0.1046875 0.0296875 0.03671875
1 0.14609375 0.06796875 0.0296875 0.03671875
1 0.11796875 0.12421875 0.03671875 0.0390625
1 0.11640625 0.08359375 0.03671875 0.0390625
1 0.11796875 0.05078125 0.03828125 0.03515625
1 0.08671875 0.103125 0.03515625 0.04453125
1 0.0546875 0.05625 0.03828125 0.04296875
1 0.0546875 0.0953125 0.0296875 0.03671875
1 0.0296875 0.103125 0.03125 0.0328125
1 0.028125 0.0703125 0.03671875 0.03671875