1 0.015625 0.73828125 0.03125 0.096875
1 0.8515625 0.084375 0.1015625 0.10078125
1 0.5234375 0.040625 0.0671875 0.08046875
1 0.075 0.00703125 0.0875 0.0125
1 0.0234375 0.040625 0.0453125 0.07890625
1 0.025 0.18671875 0.05 0.0953125
1 0.0265625 0.2890625 0.0515625 0.0953125
1 0.0203125 0.45625 0.040625 0.11171875
1 0.13125 0.65234375 0.071875 0.10078125
1 0.0171875 0.6484375 0.034375 0.08828125
1 0.0640625 0.61015625 0.0859375 0.09375
1 0.06875 0.5125 0.0859375 0.09921875
1 0.025 0.37734375 0.0484375 0.0953125
1 0.2 0.521875 0.096875 0.10078125
1 0.015625 0.56015625 0.03125 0.09140625
1 0.128125 0.4703125 0.08125 0.1046875
1 0.059375 0.3203125 0.0828125 0.08828125
1 0.071875 0.234375 0.0859375 0.1078125
1 0.140625 0.10234375 0.1078125 0.08984375
1 0.184375 0.43046875 0.090625 0.0953125
1 0.446875 0.52578125 0.090625 0.096875
1 0.2625 0.4703125 0.0765625 0.09140625
1 0.2640625 0.384375 0.090625 0.09375
1 0.1890625 0.34609375 0.078125 0.08203125
1 0.1359375 0.20703125 0.090625 0.1078125
1 0.20625 0.24921875 0.0890625 0.11171875
1 0.265625 0.03125 0.09375 0.0625
1 0.275 0.11015625 0.0734375 0.084375
1 0.215625 0.14453125 0.075 0.09140625
1 0.278125 0.1921875 0.059375 0.0765625
1 0.275 0.2890625 0.075 0.09375
1 0.3328125 0.340625 0.0625 0.08203125
1 0.3421875 0.15546875 0.0921875 0.08828125
1 0.3375 0.253125 0.084375 0.08984375
1 0.390625 0.040625 0.08125 0.0625
1 0.4609375 0.021875 0.078125 0.04375
1 0.7109375 0.34453125 0.0890625 0.0953125
1 0.721875 0.1609375 0.08125 0.1171875
1 0.5875 0.34609375 0.084375 0.09921875
1 0.5171875 0.38828125 0.0828125 0.11875
1 0.6515625 0.4796875 0.0984375 0.12109375
1 0.5890625 0.1703125 0.084375 0.10234375
1 0.4640625 0.1703125 0.0765625 0.10078125
1 0.396875 0.12265625 0.0734375 0.0765625
1 0.3953125 0.30390625 0.071875 0.08203125
1 0.025 0.11015625 0.05 0.0859375
1 0.3921875 0.46875 0.0765625 0.08828125
1 0.4578125 0.25625 0.071875 0.06796875
1 0.525 0.29296875 0.075 0.0765625
1 0.525 0.2125 0.059375 0.08828125
1 0.459375 0.34609375 0.0640625 0.096875
1 0.459375 0.434375 0.059375 0.07890625
1 0.396875 0.384375 0.0671875 0.09140625
1 0.4109375 0.20859375 0.075 0.0859375
1 0.653125 0.040625 0.1 0.08046875
1 0.728125 0.02734375 0.059375 0.053125
1 0.653125 0.11875 0.078125 0.096875
1 0.6515625 0.21953125 0.071875 0.0953125
1 0.71875 0.25859375 0.08125 0.09921875
1 0.590625 0.25625 0.0671875 0.08828125
1 0.134375 0.90859375 0.1 0.1046875
1 0.19375 0.78359375 0.0828125 0.09375
1 0.253125 0.74140625 0.090625 0.11171875
1 0.3296875 0.68828125 0.0796875 0.1171875
1 0.31875 0.96328125 0.0984375 0.0734375
1 0.3234375 0.88828125 0.0859375 0.0859375
1 0.3296875 0.8 0.0859375 0.084375
1 0.5203125 0.8421875 0.071875 0.08984375
1 0.509375 0.92890625 0.0578125 0.0734375
1 0.4015625 0.946875 0.0765625 0.0625
1 0.4 0.85546875 0.0765625 0.09140625
1 0.528125 0.6484375 0.0671875 0.1078125
1 0.4625 0.69765625 0.0765625 0.08984375
1 0.4625 0.796875 0.0828125 0.0953125
1 0.3984375 0.74921875 0.0609375 0.08203125
1 0.4578125 0.88671875 0.05625 0.0859375
1 0.578125 0.7890625 0.090625 0.1046875
1 0.65625 0.7546875 0.078125 0.08828125
1 0.65 0.84765625 0.09375 0.09375
1 0.634375 0.934375 0.0796875 0.0640625
1 0.7796875 0.934375 0.1140625 0.10625
1 0.721875 0.7125 0.0828125 0.09921875
1 0.7828125 0.75859375 0.0859375 0.09921875
1 0.853125 0.70546875 0.0796875 0.10234375
1 0.6484375 0.58828125 0.08125 0.08984375
1 0.71875 0.615625 0.0703125 0.08046875
1 0.7828125 0.5734375 0.0890625 0.09375
1 0.7828125 0.4765625 0.0765625 0.0859375
1 0.85 0.340625 0.1 0.0953125
1 0.84375 0.4453125 0.075 0.084375
1 0.8515625 0.54375 0.0890625 0.0953125
1 0.9140625 0.49609375 0.078125 0.0859375
1 0.9125 0.4046875 0.084375 0.1078125
1 0.971875 0.43984375 0.05625 0.11015625
1 0.971875 0.54375 0.05625 0.06953125
1 0.9203125 0.3078125 0.08125 0.08984375
1 0.978125 0.35 0.04375 0.07890625
1 0.9234375 0.221875 0.0890625 0.10078125
1 0.9203125 0.1265625 0.08125 0.0859375
1 0.975 0.1796875 0.0484375 0.096875
1 0.859375 0.01796875 0.075 0.0359375
1 0.9640625 0.03125 0.0703125 0.0625
1 0.45625 0.07109375 0.071875 0.084375
1 0.1796875 0.0859375 0.021875 0.03125
1 0.2109375 0.07109375 0.05 0.0546875
1 0.5390625 0.98515625 0.0921875 0.02734375
1 0.6109375 0.99453125 0.071875 0.009375
1 0.9125 0.7546875 0.065625 0.0765625
1 0.9609375 0.81328125 0.078125 0.08828125
1 0.9609375 0.959375 0.0765625 0.08046875
1 0.8421875 0.96171875 0.0953125 0.075
1 0.6796875 0.98515625 0.0765625 0.02734375