1 0.94453125 0.12421875 0.1109375 0.1421875
1 0.94453125 0.928125 0.1109375 0.14375
1 0.02890625 0.10625 0.0578125 0.19140625
1 0.21875 0.02578125 0.15546875 0.05078125
1 0.22578125 0.1359375 0.1375 0.16796875
1 0.33359375 0.20234375 0.153125 0.2171875
1 0.5765625 0.04609375 0.153125 0.09140625
1 0.45703125 0.10546875 0.140625 0.2109375
1 0.95234375 0.43515625 0.0953125 0.17265625
1 0.84296875 0.346875 0.13203125 0.2125
1 0.71328125 0.27421875 0.11875 0.18515625
1 0.5953125 0.3640625 0.1640625 0.1765625
1 0.590625 0.1890625 0.12265625 0.15546875
1 0.4515625 0.4421875 0.14296875 0.17265625
1 0.60078125 0.534375 0.15 0.2
1 0.4640625 0.63203125 0.15546875 0.19375
1 0.59765625 0.7171875 0.13515625 0.17265625
1 0.60625 0.8640625 0.140625 0.140625
1 0.22734375 0.77421875 0.16640625 0.2125
1 0.35703125 0.846875 0.128125 0.1765625
1 0.10078125 0.8703125 0.12421875 0.19140625
1 0.0234375 0.92578125 0.046875 0.1484375
1 0.24921875 0.93828125 0.1296875 0.1234375
1 0.36875 0.9703125 0.13203125 0.059375
1 0.61171875 0.96171875 0.15859375 0.0765625
1 0.7328125 0.934375 0.0875 0.13125
1 0.02890625 0.296875 0.0578125 0.21953125
1 0.090625 0.359375 0.13203125 0.19140625
1 0.2109375 0.4296875 0.13359375 0.16796875
1 0.0328125 0.615625 0.06484375 0.1890625
1 0.9421875 0.265625 0.115625 0.1578125