1 0.63515625 0.5796875 0.19921875 0.2265625
1 0.775 0.31328125 0.23671875 0.28203125
1 0.6109375 0.08046875 0.19765625 0.1609375
1 0.38984375 0.62265625 0.24140625 0.2796875
1 0.34453125 0.2578125 0.19609375 0.2265625
1 0.40546875 0.02265625 0.1921875 0.0453125
1 0.22578125 0.05703125 0.1796875 0.1140625
1 0.884375 0.08828125 0.20078125 0.1765625
1 0.1234375 0.94140625 0.2328125 0.1171875
1 0.04609375 0.165625 0.0921875 0.228125
1 0.95625 0.5296875 0.0875 0.221875
1 0.95078125 0.315625 0.09765625 0.19453125
1 0.959375 0.02734375 0.08125 0.0546875
1 0.97421875 0.14921875 0.0515625 0.1796875
1 0.1234375 0.63515625 0.1859375 0.1828125
1 0.1015625 0.7953125 0.15703125 0.1703125
1 0.03359375 0.68984375 0.0671875 0.25625
1 0.76015625 0.040625 0.15859375 0.08125
1 0.10625 0.265625 0.17734375 0.20625
1 0.76171875 0.98671875 0.15859375 0.02578125
1 0.21640625 0.353125 0.16875 0.1921875
1 0.246875 0.51953125 0.1640625 0.2140625