1 0.87421875 0.04453125 0.1125 0.0890625
1 0.51171875 0.0140625 0.0734375 0.028125
1 0.08046875 0.65703125 0.07890625 0.11015625
1 0.02734375 0.61171875 0.0546875 0.10234375
1 0.0296875 0.5046875 0.059375 0.11015625
1 0.15703125 0.51328125 0.10546875 0.11015625
1 0.07890625 0.45703125 0.0890625 0.1140625
1 0.02421875 0.29296875 0.04765625 0.096875
1 0.03125 0.1984375 0.0625 0.11796875
1 0.0921875 0.05 0.11875 0.09921875
1 0.13828125 0.4125 0.10078125 0.1046875
1 0.42890625 0.5171875 0.09921875 0.10625
1 0.22578125 0.45703125 0.084375 0.10078125
1 0.22734375 0.3625 0.09921875 0.10234375
1 0.1453125 0.321875 0.0859375 0.09140625
1 0.0875 0.16640625 0.09921875 0.11796875
1 0.16328125 0.21328125 0.09765625 0.121875
1 0.2296875 0.00390625 0.10234375 0.0078125
1 0.2390625 0.06015625 0.08046875 0.09140625
1 0.1734375 0.09921875 0.0828125 0.10078125
1 0.2421875 0.15078125 0.0640625 0.08515625
1 0.2390625 0.2578125 0.0828125 0.10234375
1 0.30390625 0.3140625 0.06796875 0.09140625
1 0.31328125 0.11015625 0.10234375 0.096875
1 0.30859375 0.2171875 0.0921875 0.09921875
1 0.36640625 0.01015625 0.0890625 0.0203125
1 0.71953125 0.31796875 0.09921875 0.1046875
1 0.73125 0.11796875 0.0890625 0.1296875
1 0.584375 0.321875 0.09375 0.10859375
1 0.50625 0.36640625 0.090625 0.13203125
1 0.653125 0.4671875 0.10859375 0.13359375
1 0.584375 0.128125 0.09375 0.1125
1 0.446875 0.12578125 0.084375 0.11015625
1 0.37265625 0.07578125 0.08046875 0.08515625
1 0.37109375 0.275 0.07890625 0.09140625
1 0.36796875 0.45546875 0.084375 0.096875
1 0.440625 0.22265625 0.07890625 0.07578125
1 0.51484375 0.26171875 0.0828125 0.08359375
1 0.51484375 0.17421875 0.0640625 0.096875
1 0.4421875 0.31953125 0.06953125 0.10859375
1 0.4421875 0.41875 0.065625 0.08515625
1 0.37265625 0.3625 0.07421875 0.10078125
1 0.3890625 0.1703125 0.0828125 0.0953125
1 0.6546875 0.0140625 0.109375 0.028125
1 0.65546875 0.06953125 0.0875 0.10625
1 0.653125 0.18203125 0.07890625 0.1046875
1 0.72734375 0.22265625 0.0890625 0.10859375
1 0.5875 0.22109375 0.07421875 0.096875
1 0.084375 0.93984375 0.1109375 0.11640625
1 0.15 0.80234375 0.0921875 0.10234375
1 0.21640625 0.75546875 0.09921875 0.121875
1 0.3 0.69765625 0.0875 0.128125
1 0.2859375 0.9796875 0.10703125 0.040625
1 0.2921875 0.91640625 0.09609375 0.0953125
1 0.3 0.81953125 0.09375 0.09296875
1 0.51015625 0.86640625 0.07734375 0.09921875
1 0.49609375 0.9625 0.0640625 0.075
1 0.37734375 0.975 0.084375 0.05
1 0.3765625 0.88203125 0.084375 0.10078125
1 0.51796875 0.653125 0.07265625 0.1203125
1 0.4453125 0.70703125 0.084375 0.09921875
1 0.4453125 0.815625 0.090625 0.10625
1 0.37421875 0.76328125 0.06796875 0.09140625
1 0.440625 0.91484375 0.0609375 0.0953125
1 0.57421875 0.81015625 0.09921875 0.11640625
1 0.65859375 0.77109375 0.0859375 0.096875
1 0.6515625 0.87421875 0.10390625 0.10234375
1 0.634375 0.9671875 0.0875 0.065625
1 0.79453125 0.9546875 0.1265625 0.090625
1 0.73125 0.72265625 0.090625 0.10859375
1 0.796875 0.775 0.09375 0.11015625
1 0.87421875 0.71484375 0.0875 0.1125
1 0.65 0.58515625 0.0890625 0.09921875
1 0.72734375 0.61640625 0.07734375 0.0875
1 0.7984375 0.571875 0.09921875 0.10234375
1 0.7984375 0.46328125 0.084375 0.0953125
1 0.87109375 0.315625 0.10859375 0.1046875
1 0.86484375 0.43046875 0.0828125 0.09296875
1 0.87265625 0.53671875 0.09921875 0.10625
1 0.9421875 0.484375 0.0859375 0.0953125
1 0.940625 0.38359375 0.09375 0.1203125
1 0.98671875 0.42421875 0.0265625 0.1203125
1 0.98671875 0.5390625 0.0265625 0.07734375
1 0.94921875 0.27734375 0.0890625 0.09921875
1 0.99296875 0.3265625 0.0140625 0.0875
1 0.95078125 0.18359375 0.0984375 0.1109375
1 0.94921875 0.07734375 0.0890625 0.0953125
1 0.98984375 0.13828125 0.01953125 0.10625
1 0.4390625 0.0328125 0.07890625 0.065625
1 0.13515625 0.03515625 0.025 0.03515625
1 0.16953125 0.025 0.0546875 0.05
1 0.940625 0.77109375 0.07265625 0.08515625
1 0.975 0.83515625 0.04921875 0.096875
1 0.975 0.97578125 0.04921875 0.0484375
1 0.86171875 0.97890625 0.1046875 0.0421875