1 0.5703125 0.71328125 0.17109375 0.20078125
1 0.8 0.7296875 0.11875 0.16640625
1 0.9296875 0.61796875 0.140625 0.20234375
1 0.928125 0.93515625 0.125 0.1296875
1 0.6953125 0.93203125 0.14375 0.1359375
1 0.46015625 0.8203125 0.1171875 0.16015625
1 0.33828125 0.6984375 0.11875 0.18125
1 0.20859375 0.62265625 0.1453125 0.1921875
1 0.08828125 0.38359375 0.13125 0.18984375
1 0.4546875 0.2828125 0.13125 0.18125
1 0.665625 0.2890625 0.1546875 0.18359375
1 0.31953125 0.07421875 0.14921875 0.14765625
1 0.92890625 0.29296875 0.1421875 0.18984375
1 0.7875 0.20234375 0.1421875 0.19609375
1 0.65859375 0.103125 0.140625 0.17265625
1 0.78203125 0.05703125 0.1328125 0.1140625
1 0.91171875 0.09921875 0.13671875 0.175
1 0.02265625 0.6296875 0.0453125 0.17109375
1 0.01875 0.8125 0.0375 0.17265625
1 0.09375 0.88203125 0.12734375 0.18984375
1 0.21953125 0.934375 0.1328125 0.13046875
1 0.3515625 0.9703125 0.14921875 0.059375
1 0.984375 0.05390625 0.03046875 0.1078125
1 0.4546875 0.025 0.14375 0.05
1 0.4546875 0.61796875 0.1171875 0.14765625
1 0.559375 0.53359375 0.1203125 0.13046875
1 0.9921875 0.88984375 0.015625 0.1765625
1 0.09765625 0.9875 0.14921875 0.025