1 0.98984375 0.02890625 0.0203125 0.0578125
1 0.99375 0.0890625 0.0125 0.06171875
1 0.9921875 0.15234375 0.015625 0.0671875
1 0.99296875 0.21640625 0.0140625 0.0609375
1 0.87109375 0.20078125 0.05625 0.0703125
1 0.91640625 0.29453125 0.06015625 0.06640625
1 0.9671875 0.25 0.05078125 0.05546875
1 0.96015625 0.1859375 0.05625 0.06640625
1 0.87109375 0.1328125 0.0546875 0.06640625
1 0.9125 0.0921875 0.06171875 0.07265625
1 0.96875 0.32265625 0.0578125 0.075
1 0.99453125 0.2828125 0.0109375 0.0703125
1 0.965625 0.38671875 0.05234375 0.0640625
1 0.99375 0.35390625 0.0125 0.06171875
1 0.99375 0.41875 0.0125 0.06015625
1 0.8203125 0.290625 0.04921875 0.05546875
1 0.01875 0.98828125 0.0375 0.0234375
1 0.05703125 0.975 0.0515625 0.05
1 0.0171875 0.9359375 0.034375 0.0515625
1 0.05234375 0.9015625 0.0453125 0.06015625
1 0.015625 0.871875 0.03125 0.0640625
1 0.01640625 0.7984375 0.0328125 0.06171875
1 0.04921875 0.83515625 0.04921875 0.0578125
1 0.0109375 0.7390625 0.021875 0.06015625
1 0.0453125 0.778125 0.05234375 0.05546875
1 0.0453125 0.715625 0.05234375 0.0578125
1 0.0109375 0.675 0.021875 0.06015625
1 0.0109375 0.60390625 0.021875 0.06171875
1 0.01484375 0.540625 0.02890625 0.0640625
1 0.01328125 0.47734375 0.0265625 0.0578125
1 0.00859375 0.40703125 0.0171875 0.0578125
1 0.01015625 0.284375 0.0203125 0.07265625
1 0.03671875 0.24765625 0.05234375 0.06171875
1 0.009375 0.21796875 0.01796875 0.06015625
1 0.01171875 0.1484375 0.0234375 0.0578125
1 0.0109375 0.08203125 0.021875 0.06171875
1 0.01015625 0.02421875 0.0203125 0.0484375
1 0.03828125 0.0125 0.0515625 0.025
1 0.034375 0.05546875 0.04921875 0.0578125
1 0.03984375 0.115625 0.04765625 0.053125
1 0.03984375 0.18125 0.05078125 0.053125
1 0.03984375 0.3140625 0.06015625 0.07265625
1 0.03828125 0.38046875 0.0546875 0.06640625
1 0.04375 0.446875 0.05625 0.06640625
1 0.0453125 0.5125 0.05234375 0.06640625
1 0.04765625 0.58125 0.05234375 0.06015625
1 0.04765625 0.64765625 0.06171875 0.06171875
1 0.10390625 0.98828125 0.0546875 0.0234375
1 0.1 0.94453125 0.05625 0.0578125
1 0.1 0.878125 0.0578125 0.0578125
1 0.0984375 0.81875 0.0421875 0.0515625
1 0.1 0.75 0.05078125 0.0578125
1 0.09609375 0.68125 0.0546875 0.06171875
1 0.09453125 0.6109375 0.0453125 0.053125
1 0.090625 0.546875 0.0546875 0.0578125
1 0.09453125 0.47421875 0.0546875 0.0765625
1 0.09296875 0.4078125 0.05625 0.0515625
1 0.0890625 0.34375 0.06015625 0.06015625
1 0.090625 0.2796875 0.05234375 0.06171875
1 0.0890625 0.209375 0.05078125 0.0640625
1 0.090625 0.14765625 0.04765625 0.053125
1 0.0875 0.08515625 0.0453125 0.0578125
1 0.08671875 0.0234375 0.04921875 0.046875
1 0.1375 0.00625 0.05625 0.0125
1 0.13671875 0.046875 0.0578125 0.06171875
1 0.13671875 0.10859375 0.0578125 0.06171875
1 0.134375 0.1734375 0.05234375 0.0640625
1 0.13984375 0.2390625 0.0578125 0.06015625
1 0.14375 0.30546875 0.05625 0.0703125
1 0.1421875 0.36953125 0.05234375 0.0578125
1 0.1421875 0.43984375 0.05078125 0.06640625
1 0.1421875 0.50859375 0.06015625 0.06875
1 0.1421875 0.5765625 0.0546875 0.06875
1 0.1421875 0.64296875 0.0578125 0.06875
1 0.14375 0.7140625 0.04765625 0.06171875
1 0.1453125 0.77578125 0.0546875 0.0703125
1 0.1453125 0.83515625 0.0546875 0.06640625
1 0.14765625 0.9078125 0.0546875 0.06875
1 0.15234375 0.96953125 0.0484375 0.0609375
1 0.184375 0.0171875 0.0453125 0.034375
1 0.18203125 0.07890625 0.0421875 0.06015625
1 0.18515625 0.14765625 0.04921875 0.0765625
1 0.1890625 0.2734375 0.05078125 0.06640625
1 0.1890625 0.33515625 0.04765625 0.06171875
1 0.23671875 0.3078125 0.0546875 0.0640625
1 0.234375 0.2375 0.0578125 0.06875
1 0.234375 0.37421875 0.04921875 0.06640625
1 0.18515625 0.40625 0.04921875 0.06015625
1 0.190625 0.4703125 0.05078125 0.0640625
1 0.19296875 0.53828125 0.0546875 0.06171875
1 0.19296875 0.6109375 0.05234375 0.0578125
1 0.1890625 0.6734375 0.0453125 0.053125
1 0.96875 0.115625 0.05078125 0.0578125
1 0.96328125 0.053125 0.05234375 0.06640625
1 0.96015625 0.0078125 0.0578125 0.01484375
1 0.9171875 0.0265625 0.06015625 0.053125
1 0.8671875 0.046875 0.04375 0.06015625
1 0.22890625 0.046875 0.05625 0.0640625
1 0.2328125 0.10703125 0.04921875 0.06171875
1 0.234375 0.16875 0.0546875 0.0640625
1 0.28359375 0.08125 0.04921875 0.06015625
1 0.28359375 0.1390625 0.04765625 0.06171875
1 0.67734375 0.01171875 0.04921875 0.0234375
1 0.771875 0.01484375 0.05625 0.0296875
1 0.821875 0.02578125 0.0546875 0.0515625
1 0.8234375 0.08515625 0.05078125 0.07265625
1 0.76875 0.06640625 0.05625 0.07265625
1 0.76875 0.13671875 0.04921875 0.075
1 0.8203125 0.16015625 0.04765625 0.0578125
1 0.778125 0.203125 0.0453125 0.05546875
1 0.7203125 0.0359375 0.05078125 0.05546875
1 0.56796875 0.0140625 0.05625 0.028125
1 0.62578125 0.034375 0.05625 0.0578125
1 0.32578125 0.04296875 0.06171875 0.0703125
1 0.33125 0.10859375 0.06171875 0.06875
1 0.33125 0.17109375 0.04765625 0.0515625
1 0.28515625 0.20703125 0.0546875 0.06640625
1 0.3796875 0.01953125 0.05078125 0.03828125
1 0.4765625 0.0234375 0.0546875 0.046875
1 0.5234375 0.040625 0.04765625 0.05546875
1 0.5671875 0.07265625 0.05078125 0.0703125
1 0.621875 0.0984375 0.0578125 0.06015625
1 0.67421875 0.0640625 0.05078125 0.06640625
1 0.7203125 0.10078125 0.05078125 0.0640625
1 0.42734375 0.04921875 0.04921875 0.06171875
1 0.38359375 0.0765625 0.0546875 0.0578125
1 0.478125 0.0765625 0.04921875 0.04921875
1 0.521875 0.0984375 0.04765625 0.0515625
1 0.578125 0.1328125 0.04765625 0.05546875
1 0.62734375 0.16015625 0.0453125 0.06015625
1 0.67421875 0.1984375 0.05078125 0.06015625
1 0.6765625 0.12421875 0.04375 0.053125
1 0.7203125 0.1625 0.04765625 0.0578125
1 0.77109375 0.25625 0.04375 0.0515625
1 0.42578125 0.11328125 0.0421875 0.040625
1 0.38203125 0.134375 0.04375 0.0578125
1 0.2875 0.2734375 0.06171875 0.053125
1 0.32734375 0.31015625 0.05234375 0.046875
1 0.32890625 0.23515625 0.05625 0.06875
1 0.38203125 0.203125 0.05625 0.0640625
1 0.42578125 0.17109375 0.06015625 0.06640625
1 0.4765625 0.14296875 0.0453125 0.05546875
1 0.521875 0.1625 0.05078125 0.06171875
1 0.5765625 0.1921875 0.0546875 0.053125
1 0.62578125 0.2265625 0.05078125 0.06015625
1 0.42578125 0.24140625 0.0453125 0.053125
1 0.3796875 0.26953125 0.0453125 0.0515625
1 0.42578125 0.303125 0.05078125 0.0578125
1 0.38359375 0.3375 0.0421875 0.046875
1 0.4765625 0.2734375 0.04375 0.06171875
1 0.52578125 0.23046875 0.0453125 0.04921875
1 0.5765625 0.2625 0.04765625 0.05546875
1 0.52734375 0.3015625 0.05234375 0.046875
1 0.67265625 0.25859375 0.04921875 0.06015625
1 0.7203125 0.28828125 0.04765625 0.053125
1 0.7671875 0.3203125 0.0453125 0.06015625
1 0.81796875 0.3546875 0.05234375 0.05546875
1 0.91796875 0.41484375 0.04765625 0.0515625
1 0.87265625 0.446875 0.04375 0.04921875
1 0.91640625 0.471875 0.05078125 0.07265625
1 0.8234375 0.4234375 0.04765625 0.053125
1 0.62734375 0.3015625 0.05234375 0.053125
1 0.67265625 0.33125 0.04765625 0.05546875
1 0.721875 0.35859375 0.05234375 0.05546875
1 0.77265625 0.39296875 0.05078125 0.0640625
1 0.965625 0.459375 0.04375 0.05546875
1 0.99296875 0.4796875 0.0140625 0.06875
1 0.9671875 0.5171875 0.0546875 0.0640625
1 0.8203125 0.4890625 0.06015625 0.05546875
1 0.87265625 0.51484375 0.05078125 0.06640625
1 0.878125 0.57890625 0.03671875 0.04921875
1 0.82578125 0.5578125 0.04921875 0.0515625
1 0.9234375 0.61328125 0.04765625 0.07265625
1 0.96171875 0.5765625 0.0546875 0.06171875
1 0.99453125 0.615625 0.0109375 0.0640625
1 0.96875 0.64140625 0.04921875 0.0703125
1 0.9765625 0.9765625 0.046875 0.04375
1 0.97578125 0.91328125 0.0484375 0.0578125
1 0.97421875 0.84375 0.0453125 0.06640625
1 0.97421875 0.77578125 0.0453125 0.05546875
1 0.971875 0.70859375 0.05625 0.06171875
1 0.32890625 0.37421875 0.0453125 0.0515625
1 0.2890625 0.40390625 0.0578125 0.053125
1 0.23828125 0.43984375 0.05625 0.06640625
1 0.38203125 0.40390625 0.04921875 0.06015625
1 0.43125 0.37421875 0.0546875 0.053125
1 0.48203125 0.33515625 0.06875 0.06015625
1 0.53125 0.3609375 0.04765625 0.06171875
1 0.578125 0.33359375 0.04375 0.0515625
1 0.5796875 0.39921875 0.04765625 0.06640625
1 0.621875 0.365625 0.04921875 0.05546875
1 0.678125 0.39921875 0.0546875 0.06171875
1 0.7234375 0.42109375 0.03828125 0.05546875
1 0.77265625 0.46171875 0.0546875 0.0640625
1 0.77109375 0.5234375 0.0421875 0.06015625
1 0.48359375 0.40625 0.0578125 0.0703125
1 0.5328125 0.4296875 0.0453125 0.0578125
1 0.578125 0.459375 0.0421875 0.06171875
1 0.62890625 0.43359375 0.04921875 0.0640625
1 0.6234375 0.49375 0.05234375 0.06171875
1 0.6765625 0.459375 0.04375 0.05546875
1 0.72578125 0.4875 0.0453125 0.0578125
1 0.678125 0.528125 0.05078125 0.06875
1 0.72578125 0.55546875 0.04765625 0.06640625
1 0.77265625 0.5875 0.0453125 0.06171875
1 0.42734375 0.43828125 0.04921875 0.0578125
1 0.33671875 0.43984375 0.04375 0.040625
1 0.28359375 0.47421875 0.03984375 0.06015625
1 0.2453125 0.50625 0.05234375 0.06171875
1 0.2421875 0.575 0.0546875 0.0578125
1 0.2875 0.534375 0.0453125 0.06171875
1 0.3328125 0.5 0.0546875 0.06875
1 0.38359375 0.465625 0.05625 0.06171875
1 0.4796875 0.4765625 0.04921875 0.05546875
1 0.52734375 0.49765625 0.0546875 0.05546875
1 0.57421875 0.5296875 0.04765625 0.0640625
1 0.62578125 0.56171875 0.05625 0.06015625
1 0.678125 0.59609375 0.0453125 0.0578125
1 0.67421875 0.65625 0.0453125 0.0578125
1 0.43125 0.50625 0.05234375 0.06171875
1 0.38203125 0.534375 0.05078125 0.06171875
1 0.334375 0.57265625 0.05625 0.053125
1 0.2890625 0.60234375 0.05234375 0.0640625
1 0.334375 0.63671875 0.05078125 0.04921875
1 0.38359375 0.6109375 0.05234375 0.06015625
1 0.43125 0.575 0.04921875 0.053125
1 0.48359375 0.5359375 0.05625 0.06171875
1 0.52734375 0.5640625 0.0421875 0.06640625
1 0.57421875 0.59375 0.04765625 0.0578125
1 0.63125 0.628125 0.04921875 0.06015625
1 0.63125 0.70078125 0.04765625 0.0640625
1 0.2421875 0.6390625 0.05234375 0.06015625
1 0.2890625 0.67109375 0.05078125 0.0515625
1 0.23828125 0.70546875 0.06015625 0.06171875
1 0.48359375 0.6046875 0.05078125 0.06171875
1 0.43125 0.634375 0.05078125 0.0578125
1 0.52890625 0.6328125 0.04375 0.053125
1 0.5796875 0.6625 0.05625 0.0578125
1 0.48203125 0.66640625 0.05078125 0.0640625
1 0.5234375 0.70078125 0.05078125 0.053125
1 0.33671875 0.70546875 0.05078125 0.046875
1 0.3875 0.73515625 0.04921875 0.05546875
1 0.43125 0.696875 0.05234375 0.06640625
1 0.72890625 0.62578125 0.05234375 0.06171875
1 0.77421875 0.64921875 0.04375 0.0578125
1 0.72734375 0.69453125 0.0546875 0.06640625
1 0.8234375 0.6171875 0.0453125 0.05546875
1 0.8203125 0.68359375 0.04921875 0.04921875
1 0.7765625 0.715625 0.04765625 0.05546875
1 0.5796875 0.73046875 0.04921875 0.053125
1 0.48359375 0.7375 0.04765625 0.053125
1 0.53125 0.7625 0.04765625 0.053125
1 0.43671875 0.77109375 0.05078125 0.05546875
1 0.334375 0.76484375 0.05078125 0.05546875
1 0.38515625 0.79453125 0.06015625 0.05546875
1 0.48359375 0.796875 0.0453125 0.06015625
1 0.52890625 0.82890625 0.05234375 0.0578125
1 0.58359375 0.79453125 0.05234375 0.0640625
1 0.63125 0.75859375 0.04921875 0.0640625
1 0.6796875 0.7265625 0.05078125 0.053125
1 0.72578125 0.75390625 0.05078125 0.04921875
1 0.68203125 0.78828125 0.04921875 0.053125
1 0.7796875 0.778125 0.05234375 0.06640625
1 0.8234375 0.75 0.05078125 0.06171875
1 0.72734375 0.81171875 0.04765625 0.0640625
1 0.6328125 0.8203125 0.04765625 0.053125
1 0.58515625 0.8546875 0.0453125 0.05546875
1 0.43671875 0.83359375 0.06328125 0.06015625
1 0.87421875 0.64140625 0.05625 0.0703125
1 0.9203125 0.67734375 0.04921875 0.0578125
1 0.8765625 0.715625 0.0546875 0.06171875
1 0.921875 0.74375 0.04765625 0.0578125
1 0.87109375 0.778125 0.04765625 0.0640625
1 0.91796875 0.8078125 0.0546875 0.06171875
1 0.9203125 0.87421875 0.0546875 0.06875
1 0.9234375 0.9421875 0.0546875 0.06640625
1 0.87890625 0.975 0.0421875 0.05
1 0.87421875 0.9125 0.05078125 0.07265625
1 0.87265625 0.8421875 0.05078125 0.0640625
1 0.82734375 0.8140625 0.05625 0.06015625
1 0.7796875 0.84609375 0.06328125 0.06875
1 0.678125 0.8546875 0.04921875 0.0578125
1 0.72578125 0.884375 0.05234375 0.06171875
1 0.778125 0.9125 0.04921875 0.05546875
1 0.82734375 0.878125 0.04921875 0.0578125
1 0.82890625 0.946875 0.05625 0.0640625
1 0.7796875 0.9765625 0.05078125 0.046875
1 0.734375 0.9484375 0.05234375 0.06640625
1 0.68828125 0.9765625 0.05234375 0.046875
1 0.68203125 0.91640625 0.0546875 0.06171875
1 0.62890625 0.884375 0.05234375 0.0640625
1 0.6328125 0.953125 0.04921875 0.05546875
1 0.58359375 0.92109375 0.05078125 0.06015625
1 0.58671875 0.9796875 0.0453125 0.040625
1 0.52890625 0.89140625 0.04921875 0.0578125
1 0.53671875 0.959375 0.05078125 0.06171875
1 0.19921875 0.98671875 0.0515625 0.0265625
1 0.19453125 0.7375 0.04921875 0.0703125
1 0.19453125 0.803125 0.04765625 0.0578125
1 0.19609375 0.86953125 0.04921875 0.07265625
1 0.2421875 0.76484375 0.06171875 0.0640625
1 0.2421875 0.82890625 0.06328125 0.06875
1 0.23984375 0.89765625 0.05625 0.0640625
1 0.23828125 0.9640625 0.05625 0.0640625
1 0.29609375 0.7328125 0.05625 0.06015625
1 0.29296875 0.796875 0.0578125 0.05546875
1 0.290625 0.8671875 0.04921875 0.06015625
1 0.29296875 0.9296875 0.0546875 0.053125
1 0.29296875 0.9796875 0.0546875 0.040625
1 0.34375 0.99375 0.0546875 0.0125
1 0.3890625 0.98046875 0.04375 0.03828125
1 0.43984375 0.9890625 0.05078125 0.02109375
1 0.48984375 0.98515625 0.0421875 0.0296875
1 0.48359375 0.8609375 0.04765625 0.04921875
1 0.490625 0.92734375 0.04921875 0.06875
1 0.43828125 0.95703125 0.05234375 0.04921875
1 0.3421875 0.95546875 0.05078125 0.06171875
1 0.3421875 0.89765625 0.05078125 0.06015625
1 0.3421875 0.83125 0.05234375 0.06171875
1 0.390625 0.86328125 0.0546875 0.075
1 0.39296875 0.92734375 0.0546875 0.06640625
1 0.4421875 0.89921875 0.0578125 0.07265625