1 0.5609375 0.8671875 0.08671875 0.11171875
1 0.559375 0.9578125 0.0828125 0.084375
1 0.3328125 0.934375 0.0828125 0.1015625
1 0.0359375 0.990625 0.071875 0.01875
1 0.03515625 0.9328125 0.0703125 0.1140625
1 0.10078125 0.87734375 0.096875 0.12265625
1 0.1765625 0.8375 0.08984375 0.11171875
1 0.259375 0.88203125 0.08125 0.109375
1 0.3328125 0.8125 0.0953125 0.103125
1 0.40859375 0.7640625 0.084375 0.103125
1 0.03515625 0.71640625 0.0703125 0.11640625
1 0.040625 0.81953125 0.08125 0.11171875
1 0.10625 0.759375 0.08984375 0.09296875
1 0.1078125 0.66015625 0.09140625 0.103125
1 0.190625 0.721875 0.08125 0.11171875
1 0.259375 0.75703125 0.09140625 0.09921875
1 0.259375 0.66875 0.084375 0.096875
1 0.33828125 0.71328125 0.07578125 0.096875
1 0.40859375 0.66484375 0.07578125 0.096875
1 0.33984375 0.6078125 0.09921875 0.10546875
1 0.415625 0.55703125 0.08125 0.103125
1 0.5015625 0.6203125 0.0703125 0.09921875
1 0.49453125 0.50625 0.0828125 0.1015625
1 0.56796875 0.5609375 0.06484375 0.07578125
1 0.03984375 0.59609375 0.07890625 0.09921875
1 0.04609375 0.49453125 0.09140625 0.11640625
1 0.109375 0.553125 0.1078125 0.11796875
1 0.18359375 0.609375 0.0953125 0.109375
1 0.25390625 0.55078125 0.10625 0.10546875
1 0.33671875 0.5 0.10078125 0.11640625
1 0.25390625 0.4515625 0.08828125 0.0953125
1 0.04921875 0.403125 0.0984375 0.103125
1 0.0453125 0.2921875 0.08984375 0.12421875
1 0.12265625 0.3609375 0.09921875 0.12265625
1 0.2 0.39453125 0.08125 0.090625
1 0.27890625 0.36953125 0.09921875 0.1140625
1 0.33828125 0.29140625 0.08984375 0.1015625
1 0.42421875 0.24296875 0.084375 0.1015625
1 0.5734375 0.1515625 0.07578125 0.08828125
1 0.2 0.30390625 0.096875 0.090625
1 0.1203125 0.25078125 0.096875 0.103125
1 0.05 0.1921875 0.084375 0.08828125
1 0.2015625 0.19375 0.0828125 0.09921875
1 0.2625 0.253125 0.08125 0.103125
1 0.26796875 0.15 0.09921875 0.109375
1 0.12734375 0.1375 0.10078125 0.11640625
1 0.0515625 0.08515625 0.10234375 0.11640625
1 0.1296875 0.03984375 0.096875 0.0796875
1 0.0671875 0.01875 0.08125 0.0375
1 0.4171875 0.13046875 0.0828125 0.1015625
1 0.5 0.08671875 0.096875 0.109375
1 0.56796875 0.03515625 0.0578125 0.06953125
1 0.34140625 0.08046875 0.08984375 0.1015625
1 0.190625 0.08828125 0.096875 0.11796875
1 0.27578125 0.0453125 0.09921875 0.090625
1 0.33828125 0.015625 0.1015625 0.03125
1 0.415625 0.04453125 0.08984375 0.08828125
1 0.79921875 0.00703125 0.0734375 0.0140625
1 0.99296875 0.0359375 0.0140625 0.071875
1 0.79296875 0.2828125 0.07578125 0.08671875
1 0.8 0.1796875 0.05234375 0.053125
1 0.8828125 0.1375 0.07578125 0.11171875
1 0.95546875 0.08203125 0.0890625 0.1140625
1 0.87421875 0.234375 0.08671875 0.096875
1 0.95859375 0.190625 0.0828125 0.11171875
1 0.99765625 0.13515625 0.0046875 0.1078125
1 0.953125 0.29140625 0.09140625 0.0953125
1 0.87265625 0.34609375 0.08671875 0.0953125
1 0.78515625 0.98828125 0.06640625 0.0234375
1 0.99609375 0.96640625 0.00703125 0.0671875
1 0.88046875 0.9578125 0.0703125 0.084375
1 0.95 0.91328125 0.0828125 0.08671875
1 0.87578125 0.8546875 0.08125 0.09296875
1 0.9515625 0.81015625 0.07890625 0.08671875
1 0.8 0.8078125 0.07734375 0.09296875
1 0.78984375 0.70078125 0.0734375 0.08203125
1 0.7875 0.6015625 0.07890625 0.103125
1 0.7984375 0.49140625 0.09140625 0.1015625
1 0.8828125 0.43046875 0.0734375 0.08203125
1 0.9578125 0.39765625 0.084375 0.09921875
1 0.87734375 0.74921875 0.084375 0.09921875
1 0.953125 0.7109375 0.08984375 0.1078125
1 0.87578125 0.64140625 0.08828125 0.10546875
1 0.95625 0.60234375 0.0875 0.0953125
1 0.87578125 0.53828125 0.0828125 0.1015625
1 0.9515625 0.49765625 0.08125 0.10546875
1 0.99765625 0.86171875 0.0046875 0.0765625
1 0.99765625 0.7609375 0.0046875 0.075
1 0.99296875 0.34140625 0.0140625 0.109375
1 0.99296875 0.4421875 0.0140625 0.09921875
1 0.99296875 0.54921875 0.0140625 0.11640625
1 0.99609375 0.65703125 0.00703125 0.11640625