1 0.0390625 0.93671875 0.078125 0.121875
1 0.0390625 0.8 0.0765625 0.16015625
1 0.0375 0.63984375 0.0734375 0.16640625
1 0.034375 0.478125 0.06875 0.1640625
1 0.034375 0.3203125 0.06875 0.1703125
1 0.115625 0.2359375 0.1109375 0.14140625
1 0.115625 0.39375 0.115625 0.175
1 0.11875 0.55546875 0.128125 0.1578125
1 0.11875 0.709375 0.125 0.1578125
1 0.121875 0.86328125 0.1140625 0.15390625
1 0.121875 0.96953125 0.121875 0.0609375
1 0.234375 0.94375 0.115625 0.1125
1 0.228125 0.80234375 0.1171875 0.18515625
1 0.228125 0.6296875 0.103125 0.16171875
1 0.225 0.471875 0.1046875 0.14296875
1 0.3265625 0.39375 0.115625 0.18125
1 0.328125 0.56015625 0.103125 0.14921875
1 0.3375 0.71796875 0.1109375 0.1765625
1 0.3484375 0.8671875 0.1328125 0.14921875
1 0.33984375 0.96328125 0.1109375 0.0734375
1 0.4453125 0.93125 0.115625 0.13671875
1 0.4421875 0.78984375 0.103125 0.14296875
1 0.4359375 0.63125 0.10625 0.17265625
1 0.434375 0.46953125 0.103125 0.1515625
1 0.428125 0.315625 0.109375 0.1640625
1 0.5453125 0.96484375 0.10625 0.0703125
1 0.5375 0.8609375 0.1296875 0.15546875
1 0.5375 0.70546875 0.1140625 0.16171875
1 0.5375 0.54921875 0.1140625 0.16015625
1 0.525 0.38984375 0.10625 0.15390625
1 0.5296875 0.225 0.1078125 0.1765625
1 0.653125 0.92265625 0.11875 0.1546875
1 0.65625 0.78515625 0.1171875 0.1578125
1 0.65 0.6234375 0.1125 0.1578125
1 0.6453125 0.4671875 0.1140625 0.16171875
1 0.640625 0.29453125 0.1171875 0.18125
1 0.3265625 0.225 0.1 0.14765625
1 0.2203125 0.16171875 0.1171875 0.17890625
1 0.7578125 0.9640625 0.1078125 0.071875
1 0.8625 0.92109375 0.121875 0.1578125
1 0.95546875 0.95703125 0.0859375 0.0859375
1 0.953125 0.83828125 0.0921875 0.1640625
1 0.7578125 0.83828125 0.11875 0.17265625
1 0.7546875 0.690625 0.1140625 0.15390625
1 0.8609375 0.7640625 0.10625 0.16171875
1 0.953125 0.6734375 0.0921875 0.16875
1 0.8578125 0.60390625 0.1078125 0.1578125
1 0.7515625 0.534375 0.11875 0.15390625
1 0.953125 0.5140625 0.0921875 0.14921875
1 0.8609375 0.45078125 0.1046875 0.14765625
1 0.7515625 0.3828125 0.1234375 0.15390625
1 0.9515625 0.36015625 0.096875 0.14921875
1 0.859375 0.29453125 0.096875 0.15390625
1 0.7515625 0.22109375 0.1171875 0.1640625
1 0.95 0.20625 0.1 0.1515625
1 0.85625 0.134375 0.10625 0.15390625
1 0.6390625 0.12421875 0.1171875 0.16640625
1 0.0390625 0.03984375 0.0765625 0.078125
1 0.0375 0.14921875 0.075 0.16875
1 0.1171875 0.078125 0.1203125 0.15390625
1 0.2140625 0.03984375 0.121875 0.078125
1 0.434375 0.14921875 0.1125 0.17265625
1 0.321875 0.08203125 0.1234375 0.16015625
1 0.4421875 0.0359375 0.121875 0.06953125
1 0.53125 0.0734375 0.10625 0.146875
1 0.6390625 0.03125 0.1171875 0.0609375
1 0.74375 0.065625 0.115625 0.128125
1 0.9484375 0.0609375 0.103125 0.1203125
1 0.8515625 0.03125 0.1125 0.0625