1 0.81171875 0.3625 0.13203125 0.1890625
1 0.984375 0.06640625 0.03125 0.1328125
1 0.8125 0.06796875 0.11015625 0.13515625
1 0.68671875 0.13515625 0.13203125 0.17890625
1 0.56640625 0.05546875 0.1265625 0.1109375
1 0.6609375 0.2984375 0.1234375 0.13125
1 0.6765625 0.45390625 0.12734375 0.19921875
1 0.80546875 0.55546875 0.1359375 0.1875
1 0.91875 0.63125 0.1625 0.203125
1 0.796875 0.8703125 0.14609375 0.1953125
1 0.90859375 0.80078125 0.13046875 0.14375
1 0.97265625 0.85859375 0.05390625 0.16328125
1 0.96796875 0.97421875 0.0640625 0.0515625
1 0.56953125 0.5359375 0.15625 0.19140625
1 0.4390625 0.4625 0.14765625 0.209375
1 0.32578125 0.36484375 0.115625 0.17109375
1 0.31171875 0.53359375 0.140625 0.1875
1 0.32578125 0.840625 0.14921875 0.17734375
1 0.31796875 0.965625 0.1515625 0.06875
1 0.1984375 0.428125 0.1421875 0.1671875
1 0.2 0.60390625 0.13046875 0.16328125
1 0.09140625 0.175 0.17109375 0.19296875
1 0.08828125 0.3703125 0.17265625 0.18125
1 0.01796875 0.1078125 0.0359375 0.1671875
1 0.0109375 0.2984375 0.021875 0.18359375
1 0.01484375 0.58984375 0.0296875 0.2203125
1 0.08984375 0.5359375 0.0984375 0.15546875
1 0.09765625 0.965625 0.1171875 0.06875
1 0.22578125 0.025 0.159375 0.05
1 0.915625 0.02890625 0.121875 0.0578125
1 0.69765625 0.01953125 0.1515625 0.0390625