1 0.146875 0.0296875 0.0625 0.059375
1 0.15625 0.21484375 0.0625 0.0796875
1 0.0578125 0.2109375 0.0640625 0.07578125
1 0.01640625 0.00859375 0.0328125 0.0171875
1 0.06796875 0.0953125 0.0421875 0.0421875
1 0.08828125 0.0109375 0.0578125 0.021875
1 0.246875 0.01953125 0.046875 0.0390625
1 0.33984375 0.025 0.05625 0.05
1 0.2875 0.0078125 0.0421875 0.015625
1 0.19609375 0.0046875 0.0578125 0.009375
1 0.42734375 0.0640625 0.05078125 0.0578125
1 0.384375 0.115625 0.0578125 0.06171875
1 0.43203125 0.1390625 0.05078125 0.059375
1 0.484375 0.17734375 0.05390625 0.06953125
1 0.3390625 0.20546875 0.0625 0.071875
1 0.521875 0.065625 0.04765625 0.04375
1 0.53125 0.02109375 0.0625 0.0421875
1 0.47421875 0.00390625 0.07109375 0.0078125
1 0.5796875 0.00234375 0.0609375 0.00390625
1 0.66796875 0.0296875 0.04765625 0.05
1 0.62734375 0.115625 0.05390625 0.0578125
1 0.61875 0.06171875 0.040625 0.05
1 0.81015625 0.0171875 0.0578125 0.03359375
1 0.80859375 0.06796875 0.0578125 0.059375
1 0.7640625 0.11328125 0.0609375 0.07734375
1 0.8625 0.10546875 0.0640625 0.07734375
1 0.859375 0.1734375 0.06953125 0.06171875
1 0.85390625 0.23515625 0.059375 0.06953125
1 0.8609375 0.3109375 0.07265625 0.0859375
1 0.80859375 0.13359375 0.0609375 0.0734375
1 0.984375 0.01328125 0.03046875 0.02578125
1 0.9921875 0.12265625 0.015625 0.0578125
1 0.9890625 0.1875 0.021875 0.059375
1 0.990625 0.24765625 0.01875 0.06171875
1 0.98671875 0.3140625 0.0265625 0.065625
1 0.990625 0.3671875 0.01875 0.0578125
1 0.9859375 0.459375 0.028125 0.06875
1 0.9921875 0.51484375 0.015625 0.05390625
1 0.9921875 0.571875 0.015625 0.059375
1 0.9890625 0.6328125 0.021875 0.065625
1 0.9921875 0.70390625 0.015625 0.06171875
1 0.990625 0.77109375 0.01875 0.0640625
1 0.9921875 0.83984375 0.015625 0.065625
1 0.9921875 0.90546875 0.015625 0.0578125
1 0.99375 0.9671875 0.01171875 0.065625
1 0.56640625 0.165625 0.0640625 0.0796875
1 0.621875 0.20703125 0.05234375 0.0640625
1 0.7203125 0.1953125 0.04765625 0.0578125
1 0.7640625 0.2328125 0.06640625 0.07578125
1 0.4375 0.21484375 0.05078125 0.05
1 0.621875 0.334375 0.05390625 0.059375
1 0.66796875 0.303125 0.05078125 0.05546875
1 0.7640625 0.296875 0.0578125 0.06171875
1 0.7609375 0.36484375 0.0609375 0.06953125
1 0.81328125 0.3984375 0.05625 0.0734375
1 0.440625 0.27265625 0.059375 0.071875
1 0.4828125 0.303125 0.0578125 0.065625
1 0.38828125 0.30859375 0.06640625 0.071875
1 0.3390625 0.340625 0.06640625 0.0734375
1 0.39296875 0.38046875 0.0609375 0.06796875
1 0.34375 0.4125 0.0625 0.0640625
1 0.34765625 0.478125 0.0609375 0.059375
1 0.4421875 0.40859375 0.0578125 0.06171875
1 0.484375 0.36875 0.0609375 0.0640625
1 0.53203125 0.40234375 0.0578125 0.0734375
1 0.484375 0.4421875 0.059375 0.06953125
1 0.440625 0.4921875 0.06953125 0.07578125
1 0.5375 0.47578125 0.05625 0.065625
1 0.52890625 0.5421875 0.06796875 0.071875
1 0.5375 0.66171875 0.05390625 0.065625
1 0.7625 0.4359375 0.059375 0.065625
1 0.76640625 0.50390625 0.0625 0.071875
1 0.721875 0.53359375 0.0625 0.07578125
1 0.77109375 0.5578125 0.04921875 0.05546875
1 0.721875 0.59765625 0.05625 0.059375
1 0.76953125 0.621875 0.0578125 0.06953125
1 0.81875 0.5953125 0.05234375 0.07578125
1 0.28984375 0.30859375 0.05625 0.0578125
1 0.29140625 0.3765625 0.059375 0.071875
1 0.24609375 0.4046875 0.06640625 0.07578125
1 0.203125 0.4421875 0.0609375 0.06796875
1 0.24375 0.46640625 0.04921875 0.0578125
1 0.29140625 0.50390625 0.0640625 0.06953125
1 0.20703125 0.51171875 0.0625 0.071875
1 0.0171875 0.24609375 0.03359375 0.06953125
1 0.015625 0.3125 0.03046875 0.0640625
1 0.05234375 0.28515625 0.04765625 0.06171875
1 0.10859375 0.3046875 0.0578125 0.0734375
1 0.05234375 0.3484375 0.0640625 0.06796875
1 0.196875 0.3109375 0.04921875 0.06171875
1 0.15234375 0.34296875 0.04765625 0.059375
1 0.15078125 0.40625 0.059375 0.071875
1 0.10546875 0.4421875 0.0578125 0.06796875
1 0.15234375 0.478125 0.0578125 0.065625
1 0.1578125 0.54375 0.05625 0.06953125
1 0.20546875 0.5796875 0.0578125 0.06796875
1 0.01875 0.51796875 0.0375 0.0640625
1 0.01953125 0.57890625 0.0390625 0.0734375
1 0.82890625 0.67109375 0.05234375 0.071875
1 0.77265625 0.69140625 0.05390625 0.06796875
1 0.73203125 0.71328125 0.04765625 0.05546875
1 0.8234375 0.72890625 0.05390625 0.071875
1 0.76953125 0.75859375 0.0578125 0.0734375
1 0.7203125 0.790625 0.05625 0.059375
1 0.77265625 0.825 0.0578125 0.07578125
1 0.82578125 0.790625 0.05234375 0.0640625
1 0.87421875 0.88828125 0.05625 0.0734375
1 0.72578125 0.85859375 0.05390625 0.07578125
1 0.67265625 0.89609375 0.059375 0.0859375
1 0.72578125 0.92421875 0.0609375 0.07578125
1 0.77421875 0.89609375 0.05625 0.065625
1 0.821875 0.92421875 0.04921875 0.0734375
1 0.784375 0.96796875 0.05390625 0.0640625
1 0.7296875 0.97265625 0.06875 0.0546875
1 0.81875 0.9796875 0.053125 0.040625
1 0.87421875 0.9921875 0.05390625 0.015625
1 0.6375 0.97890625 0.05078125 0.0421875
1 0.10703125 0.6375 0.0625 0.06796875
1 0.115625 0.703125 0.06640625 0.065625
1 0.03203125 0.675 0.0421875 0.0375
1 0.0203125 0.70625 0.040625 0.0578125
1 0.0609375 0.73671875 0.0609375 0.07578125
1 0.021875 0.76796875 0.04375 0.05390625
1 0.02734375 0.83984375 0.05390625 0.08203125
1 0.07109375 0.803125 0.05625 0.065625
1 0.07265625 0.8765625 0.05390625 0.06796875
1 0.0265625 0.96484375 0.05234375 0.06953125
1 0.06953125 0.9828125 0.05390625 0.03359375
1 0.11875 0.96796875 0.059375 0.0640625
1 0.540625 0.9796875 0.059375 0.040625
1 0.34609375 0.59375 0.04375 0.059375
1 0.4421875 0.59921875 0.05234375 0.06171875
1 0.39453125 0.6296875 0.05625 0.06796875
1 0.39453125 0.7015625 0.0578125 0.06953125
1 0.39453125 0.7671875 0.0609375 0.059375
1 0.1609375 0.80078125 0.059375 0.06953125
1 0.21328125 0.77265625 0.0609375 0.06796875
1 0.29453125 0.76328125 0.06640625 0.06171875
1 0.25625 0.7984375 0.04921875 0.059375
1 0.21328125 0.83671875 0.0578125 0.0578125
1 0.24921875 0.86875 0.04765625 0.06171875
1 0.2984375 0.8328125 0.0609375 0.065625
1 0.34609375 0.803125 0.05078125 0.04765625
1 0.29453125 0.90078125 0.05625 0.0578125
1 0.25078125 0.934375 0.05625 0.065625
1 0.209375 0.97421875 0.0625 0.0515625
1 0.5828125 0.81875 0.04765625 0.065625
1 0.584375 0.88828125 0.05625 0.06953125
1 0.5359375 0.78671875 0.04375 0.05390625
1 0.5359375 0.85859375 0.0421875 0.08359375
1 0.49453125 0.82265625 0.04921875 0.059375
1 0.49453125 0.88828125 0.04765625 0.071875
1 0.45234375 0.86484375 0.05234375 0.0578125
1 0.4015625 0.8984375 0.05625 0.071875
1 0.34765625 0.93046875 0.059375 0.06171875
1 0.4 0.9625 0.05625 0.06171875
1 0.44921875 0.9359375 0.0578125 0.06953125
1 0.34453125 0.978125 0.0625 0.04375
1 0.44765625 0.98203125 0.06796875 0.0359375