1 0.0375 0.00546875 0.0734375 0.0109375
1 0.16796875 0.003125 0.0765625 0.00546875
1 0.2390625 0.02578125 0.0625 0.0515625
1 0.2984375 0.003125 0.06875 0.00546875
1 0.3703125 0.025 0.08125 0.04921875
1 0.44140625 0.0140625 0.0828125 0.02734375
1 0.5109375 0.028125 0.06875 0.05625
1 0.578125 0.0109375 0.078125 0.021875
1 0.70625 0.0140625 0.0625 0.02734375
1 0.965625 0.01953125 0.06875 0.03828125
1 0.89921875 0.0328125 0.0703125 0.065625
1 0.0078125 0.096875 0.015625 0.08046875
1 0.0359375 0.1453125 0.0703125 0.0859375
1 0.1015625 0.103125 0.0796875 0.08984375
1 0.1046875 0.18359375 0.0671875 0.075
1 0.1671875 0.14296875 0.06875 0.09375
1 0.2375 0.10078125 0.0734375 0.09140625
1 0.3046875 0.15078125 0.0703125 0.09375
1 0.375 0.10625 0.0765625 0.09921875
1 0.4421875 0.08984375 0.0671875 0.08984375
1 0.0046875 0.190625 0.009375 0.084375
1 0.0453125 0.23671875 0.0765625 0.103125
1 0.003125 0.27890625 0.00625 0.10078125
1 0.0296875 0.33359375 0.059375 0.07890625
1 0.109375 0.27734375 0.0765625 0.0859375
1 0.16875 0.23671875 0.0734375 0.0953125
1 0.2390625 0.28828125 0.0671875 0.0859375
1 0.296875 0.23828125 0.071875 0.08046875
1 0.3609375 0.2015625 0.071875 0.09375
1 0.434375 0.16484375 0.0765625 0.09140625
1 0.5078125 0.115625 0.08125 0.084375
1 0.578125 0.0953125 0.0796875 0.09140625
1 0.640625 0.1171875 0.0515625 0.053125
1 0.00625 0.378125 0.0125 0.08828125
1 0.0046875 0.4609375 0.0078125 0.0953125
1 0.00625 0.55078125 0.0109375 0.0953125
1 0.034375 0.496875 0.06875 0.08984375
1 0.0375 0.41484375 0.0734375 0.08046875
1 0.0953125 0.359375 0.0765625 0.08828125
1 0.1671875 0.32265625 0.0796875 0.08984375
1 0.1 0.4546875 0.0734375 0.08828125
1 0.1671875 0.41484375 0.08125 0.10859375
1 0.234375 0.37265625 0.0765625 0.08984375
1 0.3046875 0.328125 0.0796875 0.103125
1 0.365625 0.2953125 0.0765625 0.09140625
1 0.428125 0.2546875 0.06875 0.0859375
1 0.5046875 0.2 0.0703125 0.071875
1 0.5796875 0.17265625 0.0640625 0.07890625
1 0.575 0.25859375 0.071875 0.09140625
1 0.50625 0.28984375 0.0703125 0.09140625
1 0.434375 0.3453125 0.0671875 0.0828125
1 0.3703125 0.3875 0.071875 0.08984375
1 0.303125 0.42421875 0.084375 0.08828125
1 0.2421875 0.46640625 0.0828125 0.09921875
1 0.1609375 0.50625 0.0796875 0.096875
1 0.096875 0.5578125 0.0859375 0.09921875
1 0.034375 0.5984375 0.0671875 0.1046875
1 0.0390625 0.67890625 0.078125 0.08984375
1 0.0953125 0.73203125 0.0734375 0.0859375
1 0.1015625 0.6515625 0.078125 0.08828125
1 0.159375 0.6 0.0734375 0.0859375
1 0.2328125 0.5578125 0.08125 0.08828125
1 0.296875 0.51171875 0.084375 0.0953125
1 0.3734375 0.4609375 0.0828125 0.084375
1 0.4375 0.421875 0.0828125 0.09140625
1 0.5015625 0.38515625 0.0734375 0.08984375
1 0.5671875 0.42578125 0.05625 0.06640625
1 0.578125 0.346875 0.0765625 0.08984375
1 0.5078125 0.475 0.065625 0.08046875
1 0.56875 0.52265625 0.0703125 0.09921875
1 0.44375 0.515625 0.071875 0.09921875
1 0.375 0.55390625 0.08125 0.10078125
1 0.428125 0.6015625 0.0640625 0.0625
1 0.3 0.60390625 0.075 0.09375
1 0.2328125 0.653125 0.0703125 0.09921875
1 0.1640625 0.684375 0.0828125 0.096875
1 0.0328125 0.95390625 0.0640625 0.08984375
1 0.034375 0.86953125 0.06875 0.1046875
1 0.0359375 0.77265625 0.0703125 0.08984375
1 0.0984375 0.821875 0.0890625 0.10859375
1 0.1640625 0.778125 0.0828125 0.096875
1 0.0875 0.9140625 0.0765625 0.084375
1 0.0875 0.97578125 0.0734375 0.04765625
1 0.15390625 0.96640625 0.0734375 0.0671875
1 0.1625 0.884375 0.0890625 0.103125
1 0.2328125 0.7375 0.0890625 0.10859375
1 0.2328125 0.82734375 0.0828125 0.0953125
1 0.2296875 0.91953125 0.084375 0.10078125
1 0.2265625 0.9796875 0.078125 0.03828125
1 0.9078125 0.12265625 0.0796875 0.096875
1 0.9671875 0.16875 0.0625 0.11015625
1 0.640625 0.2125 0.0734375 0.084375
1 0.7015625 0.16484375 0.0765625 0.0859375
1 0.7703125 0.125 0.0734375 0.0734375
1 0.8375 0.17421875 0.0734375 0.08046875
1 0.9046875 0.22421875 0.075 0.09375
1 0.965625 0.26640625 0.06875 0.10625
1 0.965625 0.359375 0.06875 0.0953125
1 0.634375 0.29375 0.071875 0.08984375
1 0.696875 0.25703125 0.0671875 0.08046875
1 0.765625 0.2125 0.0734375 0.09921875
1 0.8328125 0.2609375 0.0765625 0.10078125
1 0.896875 0.315625 0.075 0.08828125
1 0.903125 0.39296875 0.0734375 0.09140625
1 0.965625 0.44609375 0.0671875 0.09375
1 0.771875 0.30078125 0.0671875 0.08984375
1 0.83125 0.35234375 0.0640625 0.08828125
1 0.76875 0.3796875 0.08125 0.0828125
1 0.6984375 0.3375 0.071875 0.0859375
1 0.6359375 0.378125 0.0703125 0.0828125
1 0.63125 0.559375 0.06875 0.084375
1 0.6921875 0.51015625 0.0671875 0.08828125
1 0.634375 0.46953125 0.0734375 0.09375
1 0.6984375 0.42734375 0.0859375 0.084375
1 0.76875 0.56484375 0.0796875 0.08984375
1 0.76875 0.471875 0.078125 0.09375
1 0.8328125 0.43828125 0.0703125 0.09140625
1 0.90625 0.4828125 0.06875 0.09140625
1 0.96875 0.5359375 0.0609375 0.096875
1 0.8421875 0.525 0.0859375 0.08828125
1 0.9015625 0.57421875 0.0671875 0.08828125
1 0.3015625 0.6953125 0.06875 0.08984375
1 0.2984375 0.78203125 0.06875 0.09140625
1 0.3 0.8734375 0.071875 0.103125
1 0.290625 0.96171875 0.071875 0.075
1 0.3625 0.91953125 0.0734375 0.07890625
1 0.42578125 0.96640625 0.0765625 0.0671875
1 0.3703125 0.64921875 0.071875 0.07890625
1 0.3671875 0.7453125 0.08125 0.10859375
1 0.365625 0.83125 0.0765625 0.08046875
1 0.4359375 0.86953125 0.0671875 0.08984375
1 0.434375 0.78359375 0.0734375 0.0859375
1 0.4359375 0.68828125 0.071875 0.09375
1 0.496875 0.640625 0.0765625 0.096875
1 0.5640625 0.60703125 0.06875 0.07890625
1 0.56875 0.68984375 0.0703125 0.0859375
1 0.4953125 0.7390625 0.071875 0.084375
1 0.5 0.82734375 0.078125 0.08828125
1 0.5 0.91171875 0.06875 0.09140625
1 0.4921875 0.978125 0.0625 0.0421875
1 0.5609375 0.96171875 0.0625 0.071875
1 0.6296875 0.9796875 0.08125 0.03828125
1 0.5625 0.875 0.0703125 0.0828125
1 0.5609375 0.78203125 0.0796875 0.09140625
1 0.6328125 0.6421875 0.078125 0.09375
1 0.6375 0.74296875 0.0765625 0.08046875
1 0.6375 0.821875 0.0734375 0.0828125
1 0.634375 0.91171875 0.0953125 0.096875
1 0.696875 0.6015625 0.06875 0.075
1 0.703125 0.703125 0.065625 0.09140625
1 0.7609375 0.66796875 0.075 0.0953125
1 0.834375 0.6125 0.084375 0.07890625
1 0.9 0.6625 0.071875 0.08984375
1 0.9625 0.61484375 0.0734375 0.0859375
1 0.9640625 0.71171875 0.0703125 0.09140625
1 0.7015625 0.7875 0.075 0.08828125
1 0.69375 0.88828125 0.078125 0.10078125
1 0.6984375 0.9703125 0.075 0.05703125
1 0.76875 0.7484375 0.0734375 0.084375
1 0.8328125 0.71171875 0.0796875 0.08984375
1 0.8984375 0.7484375 0.071875 0.084375
1 0.9640625 0.80390625 0.0703125 0.09140625
1 0.9625 0.896875 0.0734375 0.1046875
1 0.959375 0.96875 0.0796875 0.0609375
1 0.75390625 0.9921875 0.0609375 0.015625
1 0.828125 0.96875 0.0734375 0.0625
1 0.89375 0.99296875 0.08125 0.0125
1 0.896875 0.9390625 0.08125 0.08828125
1 0.9015625 0.84921875 0.071875 0.103125
1 0.7609375 0.93046875 0.075 0.096875
1 0.7625 0.840625 0.071875 0.0828125
1 0.834375 0.79453125 0.0796875 0.0734375
1 0.8328125 0.89140625 0.0796875 0.09140625