1 0.84921875 0.9578125 0.11875 0.08359375
1 0.4640625 0.9890625 0.07890625 0.02109375
1 0.0234375 0.3109375 0.046875 0.11875
1 0.0859375 0.46171875 0.11328125 0.11796875
1 0.025 0.52265625 0.04921875 0.12265625
1 0.0390625 0.95078125 0.078125 0.0984375
1 0.06796875 0.56875 0.10625 0.11171875
1 0.37578125 0.45703125 0.10625 0.1140625
1 0.159375 0.52109375 0.08984375 0.10703125
1 0.1609375 0.62265625 0.10625 0.109375
1 0.0734375 0.6671875 0.09140625 0.096875
1 0.03203125 0.83125 0.0640625 0.1265625
1 0.09375 0.78125 0.1046875 0.13125
1 0.17421875 0.94453125 0.0859375 0.0984375
1 0.1046875 0.903125 0.08828125 0.10703125
1 0.17734375 0.84765625 0.06953125 0.08984375
1 0.17421875 0.73359375 0.08828125 0.109375
1 0.24140625 0.6734375 0.0734375 0.096875
1 0.253125 0.890625 0.1078125 0.103125
1 0.246875 0.7765625 0.09921875 0.10546875
1 0.68515625 0.66953125 0.1046875 0.11171875
1 0.69765625 0.884375 0.0953125 0.1375
1 0.540625 0.6671875 0.09921875 0.115625
1 0.4578125 0.61796875 0.096875 0.13984375
1 0.615625 0.5109375 0.115625 0.14140625
1 0.5421875 0.8734375 0.09921875 0.1203125
1 0.3953125 0.8734375 0.08984375 0.11796875
1 0.3171875 0.92890625 0.0859375 0.08984375
1 0.31484375 0.71640625 0.084375 0.096875
1 0.31171875 0.5234375 0.08984375 0.103125
1 0.38828125 0.77265625 0.084375 0.0796875
1 0.4671875 0.7296875 0.08828125 0.08984375
1 0.4671875 0.82421875 0.06953125 0.103125
1 0.38984375 0.6671875 0.075 0.1140625
1 0.38984375 0.5640625 0.06953125 0.0921875
1 0.3171875 0.62265625 0.07890625 0.10703125
1 0.33359375 0.828125 0.08828125 0.10078125
1 0.6171875 0.9890625 0.1171875 0.02109375
1 0.6171875 0.93359375 0.09140625 0.1140625
1 0.615625 0.815625 0.084375 0.11171875
1 0.69375 0.7703125 0.0953125 0.115625
1 0.54375 0.77265625 0.07890625 0.103125
1 0.03359375 0.0359375 0.0671875 0.071875
1 0.07890625 0.1546875 0.096875 0.109375
1 0.1484375 0.20390625 0.10625 0.13125
1 0.23828125 0.26640625 0.09375 0.1375
1 0.2296875 0.0421875 0.10078125 0.08359375
1 0.23828125 0.13515625 0.10078125 0.0984375
1 0.46171875 0.0859375 0.084375 0.10546875
1 0.44765625 0.0140625 0.06796875 0.028125
1 0.3203125 0.07109375 0.08984375 0.10703125
1 0.4703125 0.31328125 0.07890625 0.1265625
1 0.39375 0.25546875 0.08984375 0.10546875
1 0.39375 0.13984375 0.096875 0.11171875
1 0.31875 0.1953125 0.07109375 0.096875
1 0.38828125 0.04296875 0.065625 0.0859375
1 0.5296875 0.1484375 0.10625 0.12265625
1 0.62109375 0.1890625 0.09140625 0.103125
1 0.61328125 0.0796875 0.11015625 0.109375
1 0.59453125 0.00859375 0.09375 0.0171875
1 0.76484375 0.0203125 0.13359375 0.040625
1 0.69765625 0.23828125 0.096875 0.115625
1 0.76953125 0.184375 0.10078125 0.115625
1 0.8515625 0.246875 0.09375 0.1203125
1 0.61171875 0.384375 0.0953125 0.10546875
1 0.69375 0.3515625 0.08203125 0.09453125
1 0.76953125 0.4015625 0.1046875 0.109375
1 0.76953125 0.51484375 0.08984375 0.10078125
1 0.84765625 0.6734375 0.1171875 0.11171875
1 0.840625 0.5515625 0.08828125 0.0984375
1 0.85 0.4359375 0.1046875 0.11171875
1 0.9234375 0.49140625 0.09140625 0.10078125
1 0.92109375 0.5984375 0.09921875 0.1265625
1 0.97890625 0.5578125 0.0421875 0.12890625
1 0.97890625 0.4359375 0.0421875 0.08125
1 0.93046875 0.7125 0.0953125 0.10546875
1 0.9859375 0.6640625 0.02734375 0.0921875
1 0.934375 0.81328125 0.1046875 0.11796875
1 0.93046875 0.925 0.0953125 0.10078125
1 0.98203125 0.86484375 0.0359375 0.1140625
1 0.3859375 0.9703125 0.084375 0.059375
1 0.0625 0.971875 0.02578125 0.03671875
1 0.0984375 0.97890625 0.059375 0.0421875
1 0.92109375 0.1890625 0.0765625 0.08984375
1 0.965625 0.1203125 0.06875 0.103125