1 0.61640625 0.8921875 0.0796875 0.10390625
1 0.61484375 0.96875 0.0765625 0.0625
1 0.4046875 0.95390625 0.0765625 0.0921875
1 0.04140625 0.97890625 0.0828125 0.0421875
1 0.053125 0.89375 0.075 0.09609375
1 0.1203125 0.95 0.08359375 0.1
1 0.18984375 0.90234375 0.08984375 0.1140625
1 0.26015625 0.86484375 0.08359375 0.10390625
1 0.33671875 0.90625 0.075 0.10234375
1 0.4046875 0.84140625 0.08828125 0.09609375
1 0.475 0.79609375 0.078125 0.09609375
1 0.01328125 0.853125 0.0265625 0.1140625
1 0.02265625 0.75390625 0.0453125 0.1078125
1 0.0203125 0.64296875 0.03984375 0.12578125
1 0.0546875 0.79609375 0.08359375 0.10625
1 0.06171875 0.69765625 0.08671875 0.1140625
1 0.121875 0.753125 0.08203125 0.1078125
1 0.128125 0.84921875 0.08671875 0.10390625
1 0.1953125 0.7921875 0.08359375 0.0859375
1 0.196875 0.7 0.08515625 0.09609375
1 0.2734375 0.75703125 0.075 0.10390625
1 0.33671875 0.78984375 0.08515625 0.0921875
1 0.33671875 0.7078125 0.078125 0.08984375
1 0.41015625 0.74921875 0.0703125 0.08984375
1 0.475 0.70390625 0.0703125 0.08984375
1 0.41171875 0.65078125 0.09140625 0.09765625
1 0.48203125 0.60390625 0.075 0.09609375
1 0.56171875 0.6625 0.06484375 0.0921875
1 0.5546875 0.55703125 0.0765625 0.09375
1 0.6234375 0.6078125 0.06015625 0.0703125
1 0.1234375 0.64140625 0.09296875 0.0921875
1 0.0546875 0.59765625 0.0734375 0.08203125
1 0.1296875 0.546875 0.103125 0.1078125
1 0.1984375 0.6 0.1 0.11015625
1 0.26640625 0.653125 0.08828125 0.10234375
1 0.33203125 0.59765625 0.0984375 0.09765625
1 0.40859375 0.55078125 0.09296875 0.1078125
1 0.33203125 0.50625 0.08203125 0.08828125
1 0.05703125 0.51796875 0.0796875 0.0859375
1 0.009375 0.44765625 0.01796875 0.15078125
1 0.05703125 0.41953125 0.08984375 0.11953125
1 0.13828125 0.4625 0.1 0.09609375
1 0.13515625 0.35859375 0.09140625 0.115625
1 0.21015625 0.421875 0.09140625 0.1140625
1 0.28203125 0.453125 0.075 0.084375
1 0.3546875 0.4296875 0.09140625 0.10625
1 0.41015625 0.35703125 0.08359375 0.09375
1 0.48984375 0.31171875 0.078125 0.09375
1 0.628125 0.22734375 0.0703125 0.08203125
1 0.28203125 0.36875 0.08984375 0.084375
1 0.20859375 0.31953125 0.08984375 0.09609375
1 0.14296875 0.26484375 0.078125 0.08203125
1 0.28359375 0.26640625 0.0765625 0.0921875
1 0.33984375 0.321875 0.075 0.09609375
1 0.3453125 0.22578125 0.09140625 0.10234375
1 0.21484375 0.2140625 0.09296875 0.1078125
1 0.13984375 0.16640625 0.1046875 0.1078125
1 0.21640625 0.1140625 0.08984375 0.09609375
1 0.16015625 0.084375 0.075 0.0765625
1 0.13515625 0.04921875 0.071875 0.0921875
1 0.14140625 0.00390625 0.08671875 0.0078125
1 0.48359375 0.2078125 0.0765625 0.09375
1 0.56015625 0.16640625 0.08984375 0.10234375
1 0.6234375 0.1140625 0.053125 0.07421875
1 0.6296875 0.0359375 0.08125 0.071875
1 0.41328125 0.1609375 0.08359375 0.09375
1 0.2734375 0.16875 0.08984375 0.11015625
1 0.353125 0.11953125 0.09140625 0.10390625
1 0.41171875 0.06640625 0.0953125 0.1
1 0.34921875 0.0359375 0.1203125 0.071875
1 0.48203125 0.11796875 0.08359375 0.10234375
1 0.4859375 0.03515625 0.1015625 0.0703125
1 0.56484375 0.046875 0.06640625 0.0765625
1 0.56171875 0.01171875 0.0796875 0.0234375
1 0.015625 0.26953125 0.03125 0.1140625
1 0.0171875 0.16015625 0.034375 0.1078125
1 0.02265625 0.0625 0.0453125 0.10625
1 0.0265625 0.0078125 0.053125 0.015625
1 0.06953125 0.0390625 0.0953125 0.078125
1 0.83828125 0.07265625 0.06796875 0.05703125
1 0.92578125 0.021875 0.06796875 0.04296875
1 0.9734375 0.0078125 0.053125 0.015625
1 0.9796875 0.06484375 0.03984375 0.0625
1 0.83203125 0.34921875 0.0703125 0.08046875
1 0.83828125 0.253125 0.0484375 0.04921875
1 0.91484375 0.2140625 0.0703125 0.10390625
1 0.9703125 0.1625 0.059375 0.10625
1 0.90703125 0.30390625 0.0796875 0.08984375
1 0.9734375 0.2640625 0.053125 0.10390625
1 0.96796875 0.35625 0.06328125 0.08828125
1 0.9046875 0.4078125 0.0796875 0.08828125
1 0.9125 0.96875 0.06484375 0.0625
1 0.96875 0.93359375 0.0625 0.0796875
1 0.90859375 0.88046875 0.075 0.0859375
1 0.9703125 0.8375 0.059375 0.08125
1 0.83828125 0.8375 0.071875 0.0859375
1 0.828125 0.7375 0.06796875 0.0765625
1 0.8265625 0.6453125 0.0734375 0.09609375
1 0.83671875 0.54296875 0.08515625 0.09375
1 0.91484375 0.4859375 0.06796875 0.0765625
1 0.97265625 0.45625 0.0546875 0.0921875
1 0.91015625 0.78203125 0.078125 0.0921875
1 0.96875 0.7453125 0.0625 0.1
1 0.90859375 0.68203125 0.08203125 0.09765625
1 0.97109375 0.6453125 0.0578125 0.0875
1 0.90859375 0.5859375 0.0765625 0.09375
1 0.96953125 0.5484375 0.0609375 0.096875