1 0.08828125 0.9046875 0.1234375 0.14921875
1 0.07734375 0.7015625 0.11640625 0.14921875
1 0.0140625 0.4765625 0.02734375 0.2125
1 0.95390625 0.925 0.0921875 0.14921875
1 0.84140625 0.8828125 0.1640625 0.20546875
1 0.8359375 0.68828125 0.14375 0.175
1 0.71953125 0.61875 0.1625 0.22734375
1 0.71484375 0.95 0.15703125 0.09921875
1 0.59765625 0.99140625 0.1515625 0.0171875
1 0.46484375 0.8421875 0.1625 0.2125
1 0.590625 0.72734375 0.14765625 0.23359375
1 0.590625 0.9296875 0.12578125 0.140625
1 0.32109375 0.89140625 0.10859375 0.175
1 0.0609375 0.3765625 0.121875 0.18203125
1 0.184375 0.4671875 0.13828125 0.22265625
1 0.32265625 0.54296875 0.12578125 0.19296875
1 0.44453125 0.4484375 0.1734375 0.1859375
1 0.45234375 0.63203125 0.12890625 0.1625
1 0.59765625 0.36796875 0.14921875 0.1796875
1 0.4390625 0.2703125 0.15703125 0.21015625
1 0.5828125 0.16875 0.1640625 0.203125
1 0.4453125 0.0859375 0.14375 0.171875
1 0.83515625 0.06484375 0.175 0.1296875
1 0.9546875 0.45546875 0.090625 0.2015625
1 0.85078125 0.37890625 0.13984375 0.175
1 0.071875 0.5515625 0.14375 0.16484375
1 0.4484375 0.96328125 0.1734375 0.0734375