1 0.02109375 0.97578125 0.04140625 0.0484375
1 0.22890625 0.92578125 0.115625 0.09296875
1 0.2328125 0.9890625 0.1296875 0.02109375
1 0.07734375 0.93203125 0.09375 0.09921875
1 0.08515625 0.81953125 0.115625 0.1125
1 0.221875 0.815625 0.08671875 0.1125
1 0.0234375 0.77578125 0.046875 0.1140625
1 0.02421875 0.56640625 0.0484375 0.12890625
1 0.08125 0.30546875 0.12421875 0.13359375
1 0.01171875 0.3484375 0.0234375 0.09921875
1 0.02578125 0.45546875 0.0515625 0.0953125
1 0.1390625 0.5484375 0.09921875 0.10390625
1 0.15703125 0.6609375 0.115625 0.1125
1 0.29765625 0.65703125 0.103125 0.1375
1 0.39140625 0.71171875 0.08125 0.09140625
1 0.38125 0.8265625 0.11875 0.125
1 0.29765625 0.7796875 0.07734375 0.078125
1 0.2890625 0.31953125 0.12109375 0.11640625
1 0.2671875 0.4234375 0.12265625 0.09296875
1 0.39375 0.51484375 0.103125 0.1125
1 0.14296875 0.14375 0.1171875 0.125
1 0.50546875 0.0890625 0.09375 0.11015625
1 0.37578125 0.184375 0.1046875 0.09921875
1 0.5140625 0.28203125 0.09375 0.12109375
1 0.44609375 0.3390625 0.10625 0.13125
1 0.65859375 0.40078125 0.1140625 0.12265625
1 0.72890625 0.51484375 0.10625 0.0953125
1 0.8046875 0.578125 0.0828125 0.11640625
1 0.87578125 0.50859375 0.10078125 0.1140625
1 0.9515625 0.33828125 0.096875 0.1078125
1 0.9578125 0.153125 0.084375 0.090625
1 0.79453125 0.06171875 0.1046875 0.12265625
1 0.88671875 0.02734375 0.1015625 0.0546875
1 0.990625 0.040625 0.01796875 0.08046875
1 0.9546875 0.06328125 0.07734375 0.10625
1 0.8734375 0.18203125 0.0828125 0.09765625
1 0.87890625 0.09765625 0.071875 0.08671875
1 0.803125 0.24375 0.09921875 0.1140625
1 0.8125 0.3625 0.08828125 0.1015625
1 0.72578125 0.2921875 0.08828125 0.11640625
1 0.73125 0.62109375 0.103125 0.10390625
1 0.68046875 0.7078125 0.1046875 0.1015625
1 0.53046875 0.60390625 0.1046875 0.13359375
1 0.58515625 0.434375 0.07734375 0.1140625
1 0.5125 0.48125 0.0796875 0.09765625
1 0.61015625 0.559375 0.06640625 0.09140625
1 0.72578125 0.81953125 0.09375 0.11875
1 0.80859375 0.77578125 0.08515625 0.12890625
1 0.978125 0.70859375 0.04296875 0.14609375
1 0.9578125 0.86796875 0.084375 0.1109375
1 0.81875 0.98046875 0.071875 0.0390625
1 0.6703125 0.9890625 0.103125 0.02109375
1 0.95546875 0.9640625 0.08828125 0.071875
1 0.52890625 0.80078125 0.09375 0.13984375
1 0.384375 0.97890625 0.09765625 0.0421875
1 0.45390625 0.95546875 0.09921875 0.0890625
1 0.60625 0.9609375 0.090625 0.078125
1 0.53359375 0.99140625 0.07734375 0.0171875
1 0.525 0.921875 0.08671875 0.10390625
1 0.59375 0.8640625 0.090625 0.09140625
1 0.7328125 0.94609375 0.1046875 0.1078125
1 0.815625 0.89609375 0.1046875 0.1015625
1 0.8828125 0.821875 0.09765625 0.12734375
1 0.9921875 0.82109375 0.015625 0.0953125
1 0.99609375 0.946875 0.00703125 0.10625
1 0.95390625 0.4578125 0.0921875 0.09765625
1 0.95859375 0.56953125 0.0828125 0.10625
1 0.9984375 0.50625 0.003125 0.11875
1 0.58515625 0.14375 0.0921875 0.08046875
1 0.41328125 0.05078125 0.09375 0.09296875
1 0.28359375 0.125 0.10078125 0.1140625
1 0.140625 0.04453125 0.08125 0.0890625
1 0.01953125 0.1578125 0.0390625 0.096875
1 0.01484375 0.05625 0.0296875 0.10625
1 0.37578125 0.4046875 0.0828125 0.12734375
1 0.65859375 0.59140625 0.08671875 0.10625
1 0.29765625 0.5 0.0828125 0.0953125