1 0.25625 0.01796875 0.0625 0.0359375
1 0.3875 0.0171875 0.08125 0.034375
1 0.45859375 0.00625 0.0828125 0.0125
1 0.528125 0.02109375 0.06875 0.0421875
1 0.596875 0.00390625 0.078125 0.00703125
1 0.725 0.00625 0.0625 0.0125
1 0.97265625 0.01171875 0.0515625 0.0234375
1 0.9171875 0.02578125 0.0703125 0.0515625
1 0.0171875 0.0828125 0.0328125 0.08046875
1 0.05 0.13046875 0.0765625 0.0859375
1 0.11875 0.08828125 0.0796875 0.08984375
1 0.121875 0.16875 0.0671875 0.075
1 0.184375 0.128125 0.06875 0.09375
1 0.25625 0.0859375 0.0734375 0.09140625
1 0.3234375 0.1359375 0.0703125 0.09375
1 0.3921875 0.09140625 0.0765625 0.09921875
1 0.459375 0.075 0.0671875 0.08984375
1 0.0140625 0.17578125 0.0265625 0.084375
1 0.0625 0.221875 0.0765625 0.103125
1 0.0125 0.2640625 0.0234375 0.10078125
1 0.046875 0.31953125 0.0609375 0.07890625
1 0.128125 0.2625 0.0765625 0.0859375
1 0.1859375 0.221875 0.0734375 0.0953125
1 0.25625 0.2734375 0.0671875 0.0859375
1 0.3140625 0.22421875 0.071875 0.08046875
1 0.378125 0.1875 0.071875 0.09375
1 0.453125 0.15078125 0.0765625 0.09140625
1 0.525 0.10078125 0.08125 0.084375
1 0.5953125 0.08046875 0.0796875 0.09140625
1 0.6578125 0.103125 0.0515625 0.053125
1 0.015625 0.36328125 0.03125 0.08828125
1 0.0125 0.44609375 0.025 0.0953125
1 0.0140625 0.5359375 0.028125 0.0953125
1 0.0515625 0.4828125 0.0703125 0.08984375
1 0.053125 0.4 0.0734375 0.08046875
1 0.1140625 0.3453125 0.0765625 0.08828125
1 0.184375 0.30859375 0.0796875 0.08984375
1 0.11875 0.440625 0.0734375 0.08828125
1 0.184375 0.4 0.08125 0.10859375
1 0.2515625 0.3578125 0.0765625 0.08984375
1 0.321875 0.3140625 0.0796875 0.103125
1 0.3828125 0.28046875 0.0765625 0.09140625
1 0.4453125 0.240625 0.06875 0.0859375
1 0.521875 0.18515625 0.0703125 0.071875
1 0.596875 0.1578125 0.0640625 0.07890625
1 0.59375 0.24375 0.071875 0.09140625
1 0.5234375 0.275 0.0703125 0.09140625
1 0.453125 0.33046875 0.0671875 0.0828125
1 0.3890625 0.37265625 0.071875 0.08984375
1 0.321875 0.409375 0.084375 0.08828125
1 0.259375 0.4515625 0.0828125 0.09921875
1 0.1796875 0.49140625 0.0796875 0.096875
1 0.115625 0.54296875 0.0859375 0.09921875
1 0.0453125 0.58359375 0.0796875 0.1046875
1 0.0109375 0.62421875 0.0203125 0.08828125
1 0.009375 0.71171875 0.01875 0.0953125
1 0.0546875 0.6640625 0.084375 0.08984375
1 0.1125 0.71953125 0.0734375 0.0859375
1 0.11875 0.63671875 0.078125 0.08828125
1 0.1765625 0.58515625 0.0734375 0.0859375
1 0.25 0.54296875 0.08125 0.08828125
1 0.315625 0.496875 0.084375 0.0953125
1 0.390625 0.44609375 0.0828125 0.084375
1 0.45625 0.40703125 0.0828125 0.09140625
1 0.51875 0.3703125 0.0734375 0.08984375
1 0.5859375 0.4109375 0.05625 0.06640625
1 0.596875 0.33203125 0.0765625 0.08984375
1 0.5265625 0.4609375 0.065625 0.08046875
1 0.5875 0.50859375 0.0703125 0.09921875
1 0.4609375 0.50078125 0.071875 0.09921875
1 0.3921875 0.5390625 0.08125 0.10078125
1 0.446875 0.5875 0.0640625 0.0625
1 0.3171875 0.5890625 0.075 0.09375
1 0.2515625 0.63828125 0.0703125 0.09921875
1 0.1828125 0.66953125 0.0828125 0.096875
1 0.00625 0.809375 0.0125 0.0859375
1 0.0078125 0.8953125 0.015625 0.084375
1 0.0109375 0.97421875 0.021875 0.0515625
1 0.0421875 0.94140625 0.0828125 0.09375
1 0.04375 0.8546875 0.0859375 0.1046875
1 0.04375 0.7578125 0.0875 0.08984375
1 0.115625 0.80703125 0.0890625 0.10859375
1 0.18125 0.76328125 0.0828125 0.096875
1 0.10625 0.89921875 0.0765625 0.084375
1 0.1046875 0.96875 0.0734375 0.0625
1 0.171875 0.959375 0.0734375 0.08046875
1 0.18125 0.86953125 0.0890625 0.103125
1 0.25 0.72265625 0.0890625 0.10859375
1 0.25 0.8125 0.0828125 0.0953125
1 0.246875 0.9046875 0.084375 0.10078125
1 0.2453125 0.97265625 0.078125 0.053125
1 0.9265625 0.10859375 0.0796875 0.096875
1 0.9765625 0.15390625 0.0453125 0.11015625
1 0.6578125 0.1984375 0.0734375 0.084375
1 0.71875 0.15078125 0.0765625 0.0859375
1 0.7875 0.11015625 0.0734375 0.0734375
1 0.85625 0.159375 0.0734375 0.08046875
1 0.9234375 0.209375 0.075 0.09375
1 0.9734375 0.2515625 0.0515625 0.10625
1 0.975 0.3453125 0.05 0.0953125
1 0.6515625 0.27890625 0.071875 0.08984375
1 0.715625 0.2421875 0.0671875 0.08046875
1 0.7828125 0.1984375 0.0734375 0.09921875
1 0.8515625 0.24765625 0.0765625 0.10078125
1 0.915625 0.30078125 0.075 0.08828125
1 0.9203125 0.378125 0.0734375 0.09140625
1 0.975 0.43125 0.0484375 0.09375
1 0.790625 0.2859375 0.0671875 0.08984375
1 0.85 0.3375 0.0640625 0.08828125
1 0.7875 0.36484375 0.08125 0.0828125
1 0.715625 0.32265625 0.071875 0.0859375
1 0.6546875 0.36328125 0.0703125 0.0828125
1 0.65 0.5453125 0.06875 0.084375
1 0.7109375 0.4953125 0.0671875 0.08828125
1 0.653125 0.4546875 0.0734375 0.09375
1 0.7171875 0.4125 0.0859375 0.084375
1 0.7859375 0.55078125 0.0796875 0.08984375
1 0.7859375 0.45703125 0.078125 0.09375
1 0.8515625 0.42578125 0.0703125 0.09140625
1 0.925 0.46796875 0.06875 0.09140625
1 0.978125 0.52109375 0.0421875 0.096875
1 0.859375 0.51015625 0.0859375 0.08828125
1 0.91875 0.559375 0.0671875 0.08828125
1 0.3203125 0.68046875 0.06875 0.08984375
1 0.3171875 0.7671875 0.06875 0.09140625
1 0.31875 0.85859375 0.071875 0.103125
1 0.3078125 0.95390625 0.071875 0.08984375
1 0.38125 0.9046875 0.0734375 0.07890625
1 0.44375 0.95390625 0.0765625 0.0734375
1 0.3875 0.63515625 0.071875 0.07890625
1 0.384375 0.73046875 0.08125 0.10859375
1 0.3828125 0.81640625 0.0765625 0.08046875
1 0.4546875 0.8546875 0.0671875 0.08984375
1 0.4515625 0.76875 0.0734375 0.0859375
1 0.453125 0.6734375 0.071875 0.09375
1 0.5140625 0.62578125 0.0765625 0.096875
1 0.58125 0.59296875 0.06875 0.07890625
1 0.5859375 0.675 0.0703125 0.0859375
1 0.5125 0.725 0.071875 0.084375
1 0.51875 0.8125 0.078125 0.08828125
1 0.51875 0.896875 0.06875 0.09140625
1 0.5109375 0.9703125 0.0625 0.05703125
1 0.578125 0.946875 0.0625 0.071875
1 0.646875 0.97265625 0.08125 0.053125
1 0.58125 0.8609375 0.0703125 0.0828125
1 0.5796875 0.7671875 0.0796875 0.09140625
1 0.65 0.62734375 0.078125 0.09375
1 0.6546875 0.728125 0.0765625 0.08046875
1 0.6546875 0.80703125 0.0734375 0.0828125
1 0.6515625 0.896875 0.0953125 0.096875
1 0.715625 0.5875 0.06875 0.075
1 0.7203125 0.68828125 0.065625 0.09140625
1 0.778125 0.653125 0.075 0.0953125
1 0.853125 0.5984375 0.084375 0.07890625
1 0.91875 0.64765625 0.071875 0.08984375
1 0.971875 0.6 0.05625 0.0859375
1 0.9734375 0.696875 0.053125 0.09140625
1 0.71875 0.77265625 0.075 0.08828125
1 0.7109375 0.8734375 0.078125 0.10078125
1 0.715625 0.96328125 0.075 0.071875
1 0.7859375 0.73359375 0.0734375 0.084375
1 0.85 0.696875 0.0796875 0.08984375
1 0.9171875 0.73359375 0.071875 0.084375
1 0.9734375 0.7890625 0.053125 0.09140625
1 0.971875 0.8828125 0.05625 0.1046875
1 0.96875 0.96171875 0.0609375 0.075
1 0.771875 0.98515625 0.0609375 0.0296875
1 0.84453125 0.9609375 0.0734375 0.078125
1 0.9109375 0.98515625 0.08125 0.02734375
1 0.9140625 0.925 0.08125 0.08828125
1 0.91875 0.83515625 0.071875 0.103125
1 0.778125 0.915625 0.075 0.096875
1 0.7796875 0.82578125 0.071875 0.0828125
1 0.8515625 0.7796875 0.0796875 0.0734375
1 0.85 0.87734375 0.0796875 0.09140625