1 0.959375 0.98359375 0.034375 0.0328125
1 0.99375 0.98359375 0.0125 0.03125
1 0.82734375 0.99765625 0.0359375 0.0046875
1 0.7984375 0.98359375 0.0390625 0.03125
1 0.771875 0.97421875 0.0296875 0.03828125
1 0.7703125 0.99453125 0.034375 0.0109375
1 0.7234375 0.97578125 0.0328125 0.03828125
1 0.50859375 0.99765625 0.0265625 0.0046875
1 0.515625 0.97421875 0.03125 0.040625
1 0.55625 0.9984375 0.0328125 0.0015625
1 0.55859375 0.98125 0.0296875 0.0375
1 0.61484375 0.99765625 0.0328125 0.0046875
1 0.640625 0.98515625 0.034375 0.02734375
1 0.6140625 0.9796875 0.0359375 0.03828125
1 0.6453125 0.959375 0.0359375 0.040625
1 0.615625 0.9453125 0.0359375 0.04921875
1 0.584375 0.96171875 0.0296875 0.040625
1 0.559375 0.9453125 0.034375 0.04921875
1 0.5890625 0.91953125 0.0359375 0.04609375
1 0.55625 0.9046875 0.034375 0.0421875
1 0.5328125 0.925 0.028125 0.0421875
1 0.5140625 0.90625 0.03125 0.03671875
1 0.5109375 0.875 0.0265625 0.040625
1 0.5328125 0.8859375 0.0296875 0.04375
1 0.5296875 0.853125 0.0359375 0.040625
1 0.509375 0.8015625 0.028125 0.04375
1 0.5328125 0.821875 0.03125 0.0515625
1 0.5609375 0.83828125 0.0375 0.04921875
1 0.590625 0.884375 0.0390625 0.03828125
1 0.5875 0.853125 0.034375 0.040625
1 0.5828125 0.821875 0.03125 0.04765625
1 0.6125 0.7984375 0.0328125 0.03828125
1 0.609375 0.83671875 0.03125 0.03671875
1 0.640625 0.9171875 0.0421875 0.04921875
1 0.6375 0.884375 0.0390625 0.04375
1 0.6140625 0.8640625 0.034375 0.04375
1 0.6671875 0.9140625 0.034375 0.0515625
1 0.690625 0.853125 0.0421875 0.0421875
1 0.721875 0.9375 0.034375 0.03828125
1 0.69375 0.9265625 0.034375 0.040625
1 0.6953125 0.89140625 0.0328125 0.04375
1 0.7234375 0.903125 0.0421875 0.040625
1 0.7203125 0.871875 0.0390625 0.04609375
1 0.71875 0.83515625 0.0421875 0.040625
1 0.746875 0.853125 0.0375 0.04609375
1 0.7421875 0.88828125 0.0328125 0.03515625
1 0.803125 0.92265625 0.025 0.02734375
1 0.771875 0.9046875 0.0359375 0.03671875
1 0.7703125 0.86953125 0.0328125 0.03671875
1 0.796875 0.84375 0.0359375 0.03828125
1 0.7984375 0.884375 0.0390625 0.040625
1 0.99375 0.9453125 0.0109375 0.040625
1 0.9015625 0.95390625 0.0390625 0.04375
1 0.828125 0.89921875 0.034375 0.04609375
1 0.8515625 0.88828125 0.0484375 0.04765625
1 0.978125 0.9375 0.028125 0.0421875
1 0.9578125 0.95625 0.03125 0.03671875
1 0.934375 0.9359375 0.03125 0.03828125
1 0.9578125 0.90859375 0.028125 0.040625
1 0.93125 0.89921875 0.03125 0.04375
1 0.9015625 0.9140625 0.0390625 0.040625
1 0.9046875 0.8859375 0.0359375 0.03515625
1 0.9328125 0.86796875 0.0265625 0.02578125
1 0.95625 0.853125 0.0296875 0.03671875
1 0.93125 0.83515625 0.0296875 0.03671875
1 0.9046875 0.8546875 0.034375 0.03125
1 0.8515625 0.84921875 0.0375 0.03515625
1 0.875 0.86796875 0.03125 0.03125
1 0.8765625 0.83671875 0.0328125 0.0421875
1 0.846875 0.81640625 0.0328125 0.03828125
1 0.8484375 0.778125 0.03125 0.03828125
1 0.9921875 0.871875 0.0125 0.02421875
1 0.9828125 0.8328125 0.034375 0.04765625
1 0.9578125 0.8125 0.034375 0.04609375
1 0.984375 0.79296875 0.0296875 0.03671875
1 0.984375 0.75625 0.0296875 0.04921875
1 0.95625 0.73203125 0.0375 0.04765625
1 0.95625 0.77421875 0.0375 0.03828125
1 0.9296875 0.75625 0.034375 0.04765625
1 0.9296875 0.8 0.0375 0.04375
1 0.9015625 0.81640625 0.034375 0.0421875
1 0.8765625 0.790625 0.0359375 0.0515625
1 0.9046875 0.77578125 0.034375 0.03828125
1 0.48125 0.9890625 0.03125 0.0203125
1 0.484375 0.96171875 0.0375 0.040625
1 0.4828125 0.92109375 0.0296875 0.03828125
1 0.4859375 0.88828125 0.0359375 0.040625
1 0.453125 0.90625 0.03125 0.03515625
1 0.45625 0.8734375 0.03125 0.0421875
1 0.4578125 0.9984375 0.03125 0.0015625
1 0.4328125 0.9890625 0.0328125 0.021875
1 0.3765625 0.990625 0.025 0.01640625
1 0.3765625 0.96875 0.0296875 0.03671875
1 0.3984375 0.9484375 0.0375 0.03671875
1 0.3765625 0.93046875 0.028125 0.03671875
1 0.346875 0.95078125 0.03125 0.03671875
1 0.375 0.89375 0.0328125 0.03671875
1 0.3515625 0.875 0.034375 0.03828125
1 0.3453125 0.91015625 0.034375 0.04609375
1 0.321875 0.96875 0.0390625 0.04375
1 0.3015625 0.9796875 0.034375 0.03828125
1 0.2984375 0.915625 0.03125 0.03515625
1 0.26875 0.9265625 0.0296875 0.03125
1 0.2703125 0.96875 0.0328125 0.04375
1 0.271875 0.990625 0.0359375 0.01640625
1 0.1125 0.99453125 0.028125 0.0109375
1 0.03515625 0.98671875 0.0328125 0.0265625
1 0.0125 0.9703125 0.025 0.03828125
1 0.0375 0.95234375 0.0296875 0.04609375
1 0.03125 0.9140625 0.040625 0.04375
1 0.0609375 0.89921875 0.0328125 0.040625
1 0.240625 0.98125 0.034375 0.0375
1 0.215625 0.96484375 0.034375 0.03515625
1 0.1921875 0.98515625 0.0359375 0.0296875
1 0.1640625 0.97265625 0.034375 0.053125
1 0.190625 0.95078125 0.0375 0.04375
1 0.2140625 0.925 0.0390625 0.03828125
1 0.1640625 0.93359375 0.0359375 0.0421875
1 0.1625 0.89375 0.0328125 0.03828125
1 0.2671875 0.85859375 0.03125 0.03671875
1 0.2140625 0.8609375 0.0296875 0.02734375
1 0.1625 0.82421875 0.025 0.03515625
1 0.0296875 0.8859375 0.03125 0.03515625
1 0.009375 0.8640625 0.01875 0.0421875
1 0.05625 0.8640625 0.0375 0.03828125
1 0.0296875 0.84375 0.0421875 0.04609375
1 0.009375 0.82578125 0.0171875 0.03671875
1 0.0265625 0.7375 0.03125 0.03828125
1 0.0546875 0.75390625 0.034375 0.03671875
1 0.0515625 0.7984375 0.025 0.03671875
1 0.0296875 0.8125 0.0328125 0.040625
1 0.0265625 0.77421875 0.0359375 0.0515625
1 0.0109375 0.79453125 0.0203125 0.04609375
1 0.0109375 0.75078125 0.0203125 0.0421875
1 0.2421875 0.84375 0.0328125 0.03828125
1 0.4015625 0.840625 0.0328125 0.03515625
1 0.4515625 0.8015625 0.0328125 0.0328125
1 0.4015625 0.8 0.0390625 0.03828125
1 0.48125 0.78359375 0.0375 0.040625
1 0.4515625 0.76484375 0.034375 0.0296875
1 0.425 0.78203125 0.034375 0.0421875
1 0.4234375 0.7453125 0.0328125 0.04375
1 0.4234375 0.70859375 0.0390625 0.04375
1 0.4796875 0.7453125 0.0390625 0.0421875
1 0.4515625 0.73046875 0.0359375 0.04375
1 0.2390625 0.80390625 0.0328125 0.040625
1 0.240625 0.7703125 0.03125 0.03515625
1 0.34375 0.76484375 0.034375 0.03828125
1 0.2921875 0.76875 0.0296875 0.03515625
1 0.3703125 0.7484375 0.0390625 0.040625
1 0.3421875 0.73046875 0.0375 0.0421875
1 0.3203125 0.75078125 0.0359375 0.03515625
1 0.3203125 0.715625 0.03125 0.03515625
1 0.2953125 0.73046875 0.034375 0.0421875
1 0.2671875 0.7484375 0.0296875 0.03671875
1 0.1625 0.75390625 0.0234375 0.02734375
1 0.1359375 0.7359375 0.028125 0.03125
1 0.1875 0.73359375 0.0296875 0.03515625
1 0.1609375 0.7140625 0.03125 0.03828125
1 0.1390625 0.69140625 0.03125 0.03515625
1 0.2953125 0.6953125 0.03125 0.0328125
1 0.2390625 0.6953125 0.0296875 0.03125
1 0.2140625 0.7140625 0.028125 0.0328125
1 0.1875 0.6953125 0.034375 0.0421875
1 0.2140625 0.67890625 0.0328125 0.03828125
1 0.159375 0.63671875 0.0359375 0.04375
1 0.1046875 0.64375 0.0265625 0.03515625
1 0.0796875 0.70078125 0.0375 0.04765625
1 0.05625 0.715625 0.0390625 0.04375
1 0.028125 0.6953125 0.03125 0.040625
1 0.009375 0.67890625 0.01875 0.040625
1 0.028125 0.6609375 0.0359375 0.04765625
1 0.05625 0.68046875 0.0296875 0.0421875
1 0.05625 0.6421875 0.0359375 0.0421875
1 0.00625 0.64609375 0.0125 0.03671875
1 0.00625 0.6109375 0.0125 0.03828125
1 0.05625 0.60390625 0.0328125 0.0421875
1 0.0296875 0.58515625 0.034375 0.040625
1 0.0828125 0.58359375 0.03125 0.03515625
1 0.0796875 0.5484375 0.0328125 0.03671875
1 0.053125 0.528125 0.0265625 0.03671875
1 0.0296875 0.51015625 0.040625 0.03671875
1 0.55625 0.7375 0.0375 0.03828125
1 0.028125 0.47890625 0.0328125 0.040625
1 0.025 0.4421875 0.040625 0.04375
1 0.025 0.36875 0.0296875 0.03515625
1 0.025 0.2953125 0.025 0.03125
1 0.0203125 0.25859375 0.0328125 0.03828125
1 0.0484375 0.275 0.03125 0.0421875
1 0.05 0.20703125 0.028125 0.03671875
1 0.04375 0.16171875 0.028125 0.03671875
1 0.021875 0.14140625 0.025 0.03125
1 0.0078125 0.1265625 0.0140625 0.03828125
1 0.015625 0.1140625 0.028125 0.02734375
1 0.0046875 0.09375 0.0078125 0.03671875
1 0.0140625 0.07734375 0.0265625 0.03515625
1 0.0421875 0.0640625 0.034375 0.03828125
1 0.021875 0.04375 0.0328125 0.04375
1 0.01875 0.01171875 0.0375 0.0234375
1 0.04375 0.02265625 0.0375 0.0453125
1 0.071875 0.0421875 0.0390625 0.04375
1 0.09765625 0.01953125 0.0328125 0.03828125
1 0.175 0.00859375 0.0375 0.01640625
1 0.178125 0.03515625 0.0375 0.03671875
1 0.1265625 0.03671875 0.0390625 0.040625
1 0.153125 0.0546875 0.0390625 0.03828125
1 0.0984375 0.05859375 0.03125 0.03671875
1 0.2578125 0.0140625 0.028125 0.02734375
1 0.259375 0.04375 0.028125 0.0328125
1 0.2328125 0.01015625 0.025 0.0203125
1 0.3375 0.0296875 0.0359375 0.040625
1 0.31015625 0.0171875 0.0328125 0.034375
1 0.3125 0.0515625 0.0265625 0.03125
1 0.2890625 0.03828125 0.0328125 0.03515625
1 0.471875 0.053125 0.0328125 0.03125
1 0.44375 0.03828125 0.03125 0.03515625
1 0.46796875 0.0171875 0.0390625 0.034375
1 0.4421875 0.00625 0.0375 0.0125
1 0.4171875 0.01953125 0.0375 0.03828125
1 0.3890625 0.03125 0.034375 0.040625
1 0.471875 0.15625 0.0328125 0.03515625
1 0.4453125 0.14296875 0.0359375 0.03515625
1 0.4203125 0.15234375 0.0328125 0.040625
1 0.428125 0.19296875 0.021875 0.02421875
1 0.4125 0.0859375 0.034375 0.0328125
1 0.3890625 0.06796875 0.028125 0.0328125
1 0.4171875 0.115625 0.034375 0.03828125
1 0.390625 0.13203125 0.0359375 0.0421875
1 0.390625 0.096875 0.0328125 0.03828125
1 0.3625 0.0859375 0.03125 0.03671875
1 0.3375 0.10625 0.0265625 0.03828125
1 0.3125 0.09140625 0.034375 0.04375
1 0.3140625 0.12109375 0.034375 0.03671875
1 0.2859375 0.1046875 0.0328125 0.04375
1 0.259375 0.08828125 0.0296875 0.0421875
1 0.23125 0.06640625 0.034375 0.040625
1 0.2046875 0.08984375 0.0328125 0.03828125
1 0.5328125 0.11953125 0.0296875 0.02734375
1 0.5265625 0.0859375 0.0328125 0.03515625
1 0.5265625 0.04765625 0.0296875 0.03515625
1 0.5453125 0.03125 0.034375 0.03828125
1 0.51796875 0.015625 0.0328125 0.03125
1 0.528125 0.2640625 0.03125 0.03125
1 0.5265625 0.23125 0.0296875 0.03515625
1 0.53125 0.190625 0.034375 0.03828125
1 0.553125 0.1703125 0.03125 0.03671875
1 0.5765625 0.1875 0.0328125 0.04375
1 0.5734375 0.115625 0.0328125 0.0421875
1 0.6046875 0.13203125 0.034375 0.03828125
1 0.5796875 0.0828125 0.03125 0.03125
1 0.6015625 0.0609375 0.03125 0.03515625
1 0.603125 0.0296875 0.034375 0.03828125
1 0.575 0.015625 0.034375 0.03125
1 0.575 0.0515625 0.034375 0.040625
1 0.60625 0.2421875 0.0390625 0.03515625
1 0.60625 0.20703125 0.040625 0.0421875
1 0.63125 0.1875 0.040625 0.04609375
1 0.60625 0.1671875 0.0328125 0.03671875
1 0.653125 0.02578125 0.0296875 0.0328125
1 0.68359375 0.0140625 0.0390625 0.02734375
1 0.76328125 0.01015625 0.0359375 0.0203125
1 0.7328125 0.015625 0.03125 0.03125
1 0.765625 0.03125 0.0328125 0.0328125
1 0.7328125 0.04375 0.0359375 0.0421875
1 0.7640625 0.0625 0.0359375 0.040625
1 0.709375 0.0625 0.0390625 0.04609375
1 0.7109375 0.103125 0.040625 0.04609375
1 0.684375 0.08046875 0.0328125 0.0421875
1 0.6578125 0.096875 0.034375 0.03828125
1 0.7640625 0.0953125 0.040625 0.03671875
1 0.7640625 0.13046875 0.03125 0.03671875
1 0.7609375 0.16484375 0.03125 0.03515625
1 0.709375 0.20546875 0.03125 0.03515625
1 0.68125 0.1875 0.0296875 0.03828125
1 0.659375 0.1671875 0.0265625 0.03671875
1 0.7359375 0.1875 0.0328125 0.03671875
1 0.7109375 0.1703125 0.0359375 0.040625
1 0.73125 0.14140625 0.0375 0.0421875
1 0.6828125 0.14140625 0.0359375 0.040625
1 0.7359375 0.1171875 0.034375 0.03671875
1 0.99375 0.29140625 0.0125 0.03671875
1 0.99375 0.25859375 0.0125 0.03671875
1 0.9796875 0.2 0.0375 0.04375
1 0.9890625 0.146875 0.0203125 0.04375
1 0.990625 0.11015625 0.0171875 0.04375
1 0.9734375 0.125 0.028125 0.0421875
1 0.8109375 0.0609375 0.0328125 0.03671875
1 0.8421875 0.115625 0.0296875 0.0328125
1 0.9203125 0.09921875 0.0296875 0.03125
1 0.921875 0.05859375 0.03125 0.03671875
1 0.990625 0.04375 0.01875 0.04375
1 0.97734375 0.02109375 0.0328125 0.0421875
1 0.94609375 0.0140625 0.0328125 0.02734375
1 0.92265625 0.02265625 0.0296875 0.0453125
1 0.89375 0.01015625 0.028125 0.0203125
1 0.9484375 0.1453125 0.0296875 0.03515625
1 0.95 0.178125 0.0265625 0.03515625
1 0.9234375 0.16328125 0.034375 0.03828125
1 0.9421875 0.2015625 0.0296875 0.03515625
1 0.921875 0.209375 0.0328125 0.04609375
1 0.9765625 0.2734375 0.028125 0.03671875
1 0.95625 0.2828125 0.0296875 0.03125
1 0.9484375 0.2546875 0.03125 0.040625
1 0.921875 0.23671875 0.0296875 0.03125
1 0.93125 0.303125 0.0296875 0.0328125
1 0.91875 0.2734375 0.0296875 0.03671875
1 0.8921875 0.25703125 0.03125 0.040625
1 0.8984375 0.28828125 0.025 0.02578125
1 0.8703125 0.240625 0.03125 0.03125
1 0.8703125 0.2734375 0.03125 0.03671875
1 0.86875 0.30859375 0.0296875 0.0421875
1 0.8453125 0.30078125 0.034375 0.0421875
1 0.8203125 0.27890625 0.0328125 0.03671875
1 0.84375 0.2609375 0.0296875 0.03515625
1 0.8703125 0.20546875 0.028125 0.03515625
1 0.8875 0.1890625 0.0140625 0.0125
1 0.8203125 0.209375 0.0140625 0.01640625
1 0.84375 0.2203125 0.025 0.02578125
1 0.871875 0.16328125 0.0328125 0.0421875
1 0.84375 0.1453125 0.0328125 0.03125
1 0.8421875 0.18359375 0.0421875 0.03828125
1 0.99375 0.3265625 0.0109375 0.03515625
1 0.99375 0.3671875 0.0109375 0.03125
1 0.9953125 0.40390625 0.0078125 0.03515625
1 0.978125 0.3890625 0.028125 0.03125
1 0.9828125 0.42734375 0.0234375 0.02734375
1 0.9921875 0.47734375 0.0140625 0.04765625
1 0.9828125 0.496875 0.025 0.03828125
1 0.953125 0.51171875 0.0359375 0.0421875
1 0.99375 0.5890625 0.0109375 0.0421875
1 0.98125 0.56328125 0.0265625 0.04375
1 0.99375 0.61640625 0.0125 0.02734375
1 0.984375 0.63828125 0.0296875 0.04375
1 0.9828125 0.67734375 0.03125 0.0421875
1 0.9546875 0.6953125 0.028125 0.03125
1 0.953125 0.6609375 0.0296875 0.03828125
1 0.9296875 0.64609375 0.0234375 0.040625
1 0.9015625 0.65859375 0.03125 0.03515625
1 0.8765625 0.68046875 0.0265625 0.02578125
1 0.875 0.64375 0.028125 0.03671875
1 0.846875 0.6640625 0.0296875 0.0328125
1 0.8453125 0.6296875 0.034375 0.0421875
1 0.875 0.57265625 0.028125 0.0328125
1 0.8734375 0.53359375 0.0296875 0.03125
1 0.8484375 0.51953125 0.0296875 0.03515625
1 0.821875 0.53359375 0.0265625 0.0328125
1 0.7953125 0.525 0.0296875 0.040625
1 0.8484375 0.484375 0.034375 0.03515625
1 0.8703125 0.46640625 0.0265625 0.03671875
1 0.9 0.40546875 0.0296875 0.0328125
1 0.89375 0.37265625 0.034375 0.03828125
1 0.9015625 0.3375 0.028125 0.0421875
1 0.8734375 0.39609375 0.028125 0.03515625
1 0.846875 0.4109375 0.028125 0.03828125
1 0.8453125 0.44765625 0.0296875 0.03828125
1 0.8703125 0.35390625 0.028125 0.0421875
1 0.846875 0.3703125 0.03125 0.040625
1 0.8203125 0.35234375 0.0328125 0.04609375
1 0.8203125 0.46640625 0.0296875 0.03671875
1 0.79375 0.484375 0.028125 0.03671875
1 0.79375 0.453125 0.0234375 0.03828125
1 0.7890625 0.4125 0.0328125 0.03515625
1 0.7671875 0.42734375 0.0296875 0.03671875
1 0.765625 0.39609375 0.025 0.03671875
1 0.7921875 0.37421875 0.0328125 0.040625
1 0.7625 0.3578125 0.028125 0.03515625
1 0.79375 0.3359375 0.03125 0.03671875
1 0.7640625 0.3140625 0.0359375 0.04921875
1 0.790625 0.296875 0.0296875 0.04375
1 0.7671875 0.27734375 0.0265625 0.03515625
1 0.7359375 0.3390625 0.03125 0.03515625
1 0.734375 0.29921875 0.03125 0.04375
1 0.7359375 0.2609375 0.0359375 0.03671875
1 0.7671875 0.24375 0.03125 0.03515625
1 0.7078125 0.24609375 0.03125 0.04375
1 0.6859375 0.2609375 0.0296875 0.03671875
1 0.71875 0.390625 0.0328125 0.03515625
1 0.7171875 0.46640625 0.0328125 0.03515625
1 0.6875 0.409375 0.025 0.03125
1 0.6609375 0.39609375 0.0359375 0.03671875
1 0.70625 0.31953125 0.0359375 0.04375
1 0.6875 0.3359375 0.034375 0.04609375
1 0.6609375 0.35234375 0.0328125 0.040625
1 0.6609375 0.28046875 0.0359375 0.03671875
1 0.6609375 0.2421875 0.0359375 0.04765625
1 0.634375 0.296875 0.0328125 0.04609375
1 0.60625 0.275 0.0421875 0.040625
1 0.63125 0.33203125 0.0265625 0.03515625
1 0.6046875 0.3171875 0.0359375 0.03671875
1 0.5765625 0.296875 0.028125 0.04609375
1 0.5515625 0.315625 0.028125 0.040625
1 0.5265625 0.3390625 0.03125 0.0328125
1 0.5796875 0.3359375 0.028125 0.0296875
1 0.60625 0.35625 0.034375 0.03125
1 0.634375 0.4109375 0.025 0.03125
1 0.609375 0.39453125 0.0375 0.040625
1 0.5578125 0.3890625 0.034375 0.040625
1 0.5265625 0.37421875 0.0234375 0.03125
1 0.8203125 0.7171875 0.0328125 0.040625
1 0.8203125 0.68046875 0.0453125 0.04609375
1 0.8203125 0.63828125 0.03125 0.0421875
1 0.796875 0.7796875 0.0328125 0.053125
1 0.7703125 0.79296875 0.0375 0.04765625
1 0.74375 0.7796875 0.034375 0.04375
1 0.7171875 0.79453125 0.0375 0.040625
1 0.7203125 0.76328125 0.034375 0.03671875
1 0.6671875 0.76171875 0.0359375 0.03828125
1 0.6109375 0.76484375 0.040625 0.03671875
1 0.6359375 0.7453125 0.0375 0.04609375
1 0.60625 0.72265625 0.0359375 0.040625
1 0.6875 0.7375 0.03125 0.03828125
1 0.665625 0.72265625 0.0328125 0.03671875
1 0.796875 0.7375 0.0359375 0.03828125
1 0.796875 0.6296875 0.0296875 0.0421875
1 0.7953125 0.6953125 0.0234375 0.0421875
1 0.7734375 0.72109375 0.034375 0.03828125
1 0.74375 0.7390625 0.028125 0.03515625
1 0.715625 0.725 0.03125 0.0421875
1 0.4796875 0.70859375 0.0359375 0.040625
1 0.74375 0.703125 0.0328125 0.03671875
1 0.771875 0.6859375 0.0359375 0.0421875
1 0.7703125 0.64765625 0.0421875 0.0421875
1 0.7703125 0.5359375 0.03125 0.03671875
1 0.7734375 0.60703125 0.03125 0.040625
1 0.7703125 0.57265625 0.0375 0.03125
1 0.7390625 0.66796875 0.0296875 0.03515625
1 0.71875 0.64921875 0.0234375 0.03125
1 0.690625 0.6640625 0.0328125 0.04375
1 0.665625 0.6828125 0.0359375 0.04609375
1 0.609375 0.6828125 0.0375 0.04375
1 0.71875 0.6203125 0.028125 0.0328125
1 0.7375 0.5875 0.03125 0.0421875
1 0.7171875 0.57578125 0.0296875 0.03828125
1 0.7359375 0.52265625 0.028125 0.0421875
1 0.715625 0.53359375 0.0328125 0.040625
1 0.6859375 0.590625 0.0328125 0.03515625
1 0.684375 0.55390625 0.0328125 0.03671875
1 0.6890625 0.51953125 0.0296875 0.03671875
1 0.6875 0.48046875 0.0390625 0.04375
1 0.6609375 0.46640625 0.028125 0.03125
1 0.6609375 0.49921875 0.0296875 0.0328125
1 0.6609375 0.5359375 0.0328125 0.040625
1 0.64375 0.56328125 0.040625 0.04375
1 0.6359375 0.51953125 0.0390625 0.0421875
1 0.634375 0.484375 0.034375 0.03828125
1 0.6359375 0.44765625 0.0328125 0.040625
1 0.55625 0.68828125 0.028125 0.03671875
1 0.58125 0.66640625 0.03125 0.040625
1 0.5296875 0.66796875 0.0234375 0.03515625
1 0.559375 0.653125 0.03125 0.03671875
1 0.584375 0.62734375 0.0328125 0.03671875
1 0.5296875 0.63125 0.03125 0.0421875
1 0.559375 0.61640625 0.0328125 0.040625
1 0.609375 0.6109375 0.0265625 0.0328125
1 0.609375 0.57421875 0.0328125 0.040625
1 0.584375 0.590625 0.0328125 0.04765625
1 0.559375 0.57578125 0.034375 0.0421875
1 0.5296875 0.59296875 0.0328125 0.040625
1 0.6078125 0.5359375 0.034375 0.040625
1 0.5828125 0.52109375 0.0375 0.040625
1 0.5921875 0.49140625 0.028125 0.0296875
1 0.53125 0.55625 0.0328125 0.03671875
1 0.5296875 0.51953125 0.034375 0.040625
1 0.55625 0.50078125 0.0296875 0.03828125
1 0.6078125 0.46640625 0.03125 0.04375
1 0.609375 0.43125 0.03125 0.03828125
1 0.5828125 0.4515625 0.034375 0.04765625
1 0.5546875 0.42734375 0.0375 0.0421875
1 0.5265625 0.409375 0.034375 0.040625
1 0.5546875 0.46796875 0.03125 0.04609375
1 0.5296875 0.4859375 0.0390625 0.03828125
1 0.53125 0.453125 0.0375 0.040625
1 0.478125 0.66953125 0.028125 0.040625
1 0.45 0.6515625 0.0359375 0.040625
1 0.478125 0.63515625 0.0390625 0.040625
1 0.4765625 0.5984375 0.034375 0.03828125
1 0.421875 0.63515625 0.034375 0.040625
1 0.3953125 0.65859375 0.03125 0.040625
1 0.4234375 0.59609375 0.0328125 0.03828125
1 0.45 0.578125 0.0328125 0.03828125
1 0.3203125 0.675 0.034375 0.040625
1 0.3421875 0.64921875 0.034375 0.03515625
1 0.2671875 0.675 0.0328125 0.040625
1 0.346875 0.621875 0.0359375 0.03515625
1 0.3921875 0.57578125 0.0296875 0.03671875
1 0.3703125 0.59453125 0.0296875 0.0328125
1 0.3453125 0.58359375 0.0296875 0.03828125
1 0.3703125 0.5578125 0.0328125 0.03671875
1 0.39375 0.54140625 0.0328125 0.03828125
1 0.4203125 0.5171875 0.0375 0.04609375
1 0.3953125 0.50625 0.03125 0.03828125
1 0.440625 0.49375 0.03125 0.040625
1 0.4703125 0.48046875 0.028125 0.03125
1 0.475 0.5265625 0.0359375 0.04375
1 0.4734375 0.4515625 0.0234375 0.03671875
1 0.2671875 0.640625 0.0328125 0.03671875
1 0.2375 0.65859375 0.03125 0.0421875
1 0.3125 0.59296875 0.034375 0.0328125
1 0.2921875 0.61640625 0.0359375 0.04375
1 0.315625 0.56171875 0.034375 0.0421875
1 0.290625 0.5875 0.0359375 0.03828125
1 0.265625 0.5984375 0.0296875 0.03828125
1 0.2390625 0.61640625 0.0359375 0.04609375
1 0.2890625 0.54296875 0.03125 0.0421875
1 0.2671875 0.5578125 0.03125 0.040625
1 0.240625 0.546875 0.03125 0.03828125
1 0.36875 0.48984375 0.034375 0.03671875
1 0.3453125 0.50625 0.034375 0.03828125
1 0.3171875 0.49375 0.0296875 0.03671875
1 0.290625 0.50625 0.03125 0.03671875
1 0.2640625 0.48984375 0.0265625 0.0296875
1 0.2625 0.45859375 0.03125 0.03515625
1 0.2390625 0.475 0.028125 0.03125
1 0.2109375 0.48984375 0.0296875 0.0328125
1 0.4 0.4734375 0.0328125 0.03515625
1 0.4453125 0.46796875 0.028125 0.0296875
1 0.421875 0.4546875 0.0296875 0.03671875
1 0.3703125 0.45703125 0.028125 0.0328125
1 0.3453125 0.43828125 0.028125 0.03515625
1 0.45 0.43515625 0.0328125 0.040625
1 0.421875 0.41796875 0.0296875 0.03515625
1 0.39375 0.43515625 0.0296875 0.0328125
1 0.3671875 0.41640625 0.0328125 0.03515625
1 0.396875 0.3984375 0.028125 0.03125
1 0.4734375 0.38203125 0.0296875 0.0328125
1 0.4734375 0.2640625 0.0234375 0.02734375
1 0.4484375 0.284375 0.0234375 0.02578125
1 0.4484375 0.24765625 0.028125 0.0421875
1 0.421875 0.22578125 0.028125 0.0296875
1 0.446875 0.35625 0.0296875 0.040625
1 0.421875 0.3375 0.0296875 0.0328125
1 0.421875 0.30078125 0.03125 0.0421875
1 0.421875 0.38359375 0.028125 0.03671875
1 0.3953125 0.36171875 0.034375 0.03828125
1 0.39375 0.325 0.0296875 0.03671875
1 0.39375 0.2859375 0.028125 0.03671875
1 0.39375 0.24609375 0.0328125 0.04375
1 0.3671875 0.38203125 0.03125 0.03515625
1 0.3671875 0.3453125 0.03125 0.03671875
1 0.3671875 0.30625 0.0296875 0.040625
1 0.3671875 0.271875 0.028125 0.03515625
1 0.3640625 0.2328125 0.03125 0.0421875
1 0.390625 0.2109375 0.034375 0.03515625
1 0.390625 0.17421875 0.034375 0.03515625
1 0.3625 0.15390625 0.028125 0.03671875
1 0.3640625 0.19296875 0.025 0.03671875
1 0.340625 0.17578125 0.028125 0.04375
1 0.3140625 0.1578125 0.0328125 0.03671875
1 0.2078125 0.6328125 0.034375 0.04375
1 0.209375 0.6 0.034375 0.0421875
1 0.209375 0.56171875 0.03125 0.03828125
1 0.2109375 0.5265625 0.034375 0.040625
1 0.1828125 0.5484375 0.0296875 0.04609375
1 0.1578125 0.56171875 0.0375 0.04609375
1 0.184375 0.50625 0.0296875 0.03515625
1 0.1578125 0.4953125 0.028125 0.03671875
1 0.1328125 0.47734375 0.0296875 0.02734375
1 0.1046875 0.4609375 0.03125 0.0421875
1 0.0765625 0.47734375 0.0328125 0.03515625
1 0.159375 0.45859375 0.0296875 0.040625
1 0.1296875 0.44375 0.034375 0.0421875
1 0.0765625 0.43828125 0.0296875 0.040625
1 0.1578125 0.41640625 0.0328125 0.040625
1 0.13125 0.3984375 0.0328125 0.04375
1 0.103125 0.38359375 0.0296875 0.04375
1 0.075 0.4015625 0.034375 0.03671875
1 0.0765625 0.3703125 0.0234375 0.03125
1 0.3171875 0.38203125 0.0359375 0.03515625
1 0.340625 0.36171875 0.0265625 0.03125
1 0.284375 0.36484375 0.03125 0.03671875
1 0.2625 0.38515625 0.0265625 0.0296875
1 0.2375 0.36328125 0.0328125 0.0421875
1 0.2078125 0.38515625 0.028125 0.03671875
1 0.184375 0.36875 0.028125 0.0421875
1 0.159375 0.38515625 0.028125 0.03515625
1 0.075 0.328125 0.0296875 0.03828125
1 0.15625 0.3484375 0.0375 0.04375
1 0.1859375 0.328125 0.03125 0.040625
1 0.1578125 0.30859375 0.0328125 0.03515625
1 0.128125 0.328125 0.0328125 0.04765625
1 0.2359375 0.32265625 0.0328125 0.03515625
1 0.0765625 0.29375 0.028125 0.03515625
1 0.2359375 0.28828125 0.03125 0.03671875
1 0.2078125 0.271875 0.034375 0.0421875
1 0.1015625 0.27734375 0.0328125 0.03671875
1 0.1296875 0.25703125 0.0296875 0.03828125
1 0.0984375 0.23828125 0.0328125 0.040625
1 0.071875 0.2546875 0.0328125 0.04375
1 0.0765625 0.21796875 0.0296875 0.03671875
1 0.2859375 0.28984375 0.03125 0.040625
1 0.3109375 0.19296875 0.0296875 0.03515625
1 0.3140625 0.3453125 0.0390625 0.04609375
1 0.340625 0.325 0.028125 0.03671875
1 0.340625 0.28984375 0.03125 0.03515625
1 0.3390625 0.2546875 0.034375 0.03828125
1 0.3390625 0.2125 0.0296875 0.03671875
1 0.3125 0.22734375 0.0359375 0.03515625
1 0.3109375 0.26953125 0.034375 0.04609375
1 0.3140625 0.30625 0.0296875 0.03515625
1 0.2859375 0.178125 0.01875 0.02421875
1 0.2828125 0.14296875 0.03125 0.0328125
1 0.25625 0.1578125 0.03125 0.0421875
1 0.25625 0.125 0.0359375 0.03125
1 0.234375 0.14140625 0.025 0.03125
1 0.209375 0.125 0.028125 0.03125
1 0.2078125 0.15625 0.0328125 0.03515625
1 0.209375 0.19609375 0.0296875 0.03515625
1 0.1828125 0.21640625 0.0203125 0.0203125
1 0.1828125 0.1796875 0.028125 0.040625
1 0.15625 0.1984375 0.034375 0.04375
1 0.1296875 0.21640625 0.0359375 0.040625
1 0.0984375 0.1984375 0.0296875 0.040625
1 0.0734375 0.1796875 0.0265625 0.03828125
1 0.125 0.1796875 0.0296875 0.03515625
1 0.1796875 0.14140625 0.028125 0.03515625
1 0.1828125 0.10625 0.028125 0.03515625
1 0.15625 0.159375 0.034375 0.03671875
1 0.1546875 0.12109375 0.034375 0.03671875
1 0.15625 0.08984375 0.0359375 0.0328125
1 0.1265625 0.1390625 0.0328125 0.0421875
1 0.096875 0.0953125 0.0359375 0.040625
1 0.096875 0.13203125 0.028125 0.03515625
1 0.0734375 0.1390625 0.0296875 0.03125
1 0.071875 0.10859375 0.034375 0.03515625