1 0.03515625 0.96875 0.0703125 0.0625
1 0.25 0.946875 0.134375 0.10625
1 0.13359375 0.8921875 0.1359375 0.215625
1 0.25078125 0.80234375 0.128125 0.1765625
1 0.0375 0.821875 0.07421875 0.21640625
1 0.0453125 0.62109375 0.08984375 0.18125
1 0.04140625 0.440625 0.0828125 0.19296875
1 0.046875 0.1 0.09375 0.2
1 0.03984375 0.27109375 0.0796875 0.16953125
1 0.13828125 0.040625 0.13515625 0.08125
1 0.13515625 0.1765625 0.12421875 0.2
1 0.1421875 0.35078125 0.12109375 0.16484375
1 0.13671875 0.5328125 0.12421875 0.2046875
1 0.13515625 0.728125 0.12109375 0.1953125
1 0.25625 0.08046875 0.1421875 0.16015625
1 0.25234375 0.2578125 0.12265625 0.19296875
1 0.25625 0.44453125 0.13359375 0.17890625
1 0.2453125 0.63046875 0.1421875 0.2140625
1 0.37578125 0.98125 0.128125 0.0375
1 0.48046875 0.95078125 0.1296875 0.09765625
1 0.60703125 0.921875 0.1421875 0.15546875
1 0.725 0.95546875 0.11796875 0.08828125
1 0.9421875 0.95 0.115625 0.1
1 0.8453125 0.90703125 0.13359375 0.1859375
1 0.73046875 0.81875 0.11953125 0.20234375
1 0.47890625 0.8234375 0.13671875 0.18359375
1 0.37578125 0.7046875 0.1265625 0.21171875
1 0.49296875 0.65078125 0.11796875 0.19296875
1 0.37578125 0.53046875 0.12421875 0.190625
1 0.38203125 0.34453125 0.13984375 0.1953125
1 0.3875 0.171875 0.15234375 0.1859375
1 0.390625 0.0453125 0.13515625 0.090625
1 0.4890625 0.00625 0.11875 0.0125
1 0.4875 0.09296875 0.1109375 0.1859375
1 0.49296875 0.28828125 0.146875 0.20234375
1 0.48984375 0.47421875 0.1296875 0.2
1 0.60234375 0.7375 0.13125 0.22109375
1 0.60546875 0.553125 0.13515625 0.190625
1 0.6109375 0.3671875 0.128125 0.21171875
1 0.6109375 0.18828125 0.1296875 0.1953125
1 0.6078125 0.05234375 0.1296875 0.1046875
1 0.725 0.0109375 0.128125 0.021875
1 0.7234375 0.109375 0.13671875 0.190625
1 0.725 0.290625 0.128125 0.190625
1 0.72109375 0.46015625 0.13984375 0.18359375
1 0.725 0.63046875 0.1296875 0.19765625
1 0.946875 0.02890625 0.10546875 0.0578125
1 0.84453125 0.05703125 0.12421875 0.1140625
1 0.84453125 0.20703125 0.13828125 0.1953125
1 0.840625 0.390625 0.128125 0.18125
1 0.8390625 0.56484375 0.11796875 0.21171875
1 0.83203125 0.7421875 0.13359375 0.18125
1 0.9484375 0.66484375 0.103125 0.1859375
1 0.9453125 0.4859375 0.109375 0.171875
1 0.94375 0.31484375 0.1125 0.21171875
1 0.94375 0.1328125 0.1125 0.171875