1 0.9421875 0.04453125 0.115625 0.0890625
1 0.825 0.10625 0.12109375 0.146875
1 0.9453125 0.15703125 0.109375 0.1453125
1 0.8359375 0.30625 0.1140625 0.146875
1 0.9453125 0.32890625 0.109375 0.1703125
1 0.9421875 0.52734375 0.115625 0.20859375
1 0.94921875 0.8796875 0.10078125 0.20625
1 0.01171875 0.0796875 0.0234375 0.159375
1 0.08828125 0.12734375 0.1609375 0.20234375
1 0.09375 0.31953125 0.140625 0.17265625
1 0.2078125 0.3875 0.15859375 0.2234375
1 0.21171875 0.05546875 0.153125 0.1109375
1 0.3265625 0.01484375 0.14765625 0.0296875
1 0.45703125 0.16796875 0.15859375 0.20859375
1 0.33359375 0.28046875 0.14453125 0.2296875
1 0.33359375 0.08046875 0.12265625 0.140625
1 0.59765625 0.11953125 0.10625 0.17265625
1 0.85390625 0.62578125 0.12265625 0.17890625
1 0.73125 0.5359375 0.13515625 0.21953125
1 0.5953125 0.46171875 0.12265625 0.1890625
1 0.4765625 0.55546875 0.16953125 0.1828125
1 0.46953125 0.37421875 0.1265625 0.159375
1 0.3265625 0.634375 0.14609375 0.1765625
1 0.48203125 0.7296875 0.153125 0.20625
1 0.34140625 0.8296875 0.1609375 0.2
1 0.4765625 0.91328125 0.140625 0.1734375
1 0.09375 0.93359375 0.171875 0.1328125
1 0.228125 0.98046875 0.13203125 0.03828125
1 0.0796875 0.6234375 0.1375 0.17265625
1 0.84296875 0.453125 0.14296875 0.16171875
1 0.471875 0.0421875 0.16875 0.084375