1 0.71015625 0.16796875 0.0875 0.11328125
1 0.70625 0.05859375 0.08359375 0.115625
1 0.54921875 0.003125 0.11328125 0.00625
1 0.4765625 0.02265625 0.09375 0.0453125
1 0.4796875 0.10078125 0.08359375 0.10078125
1 0.17109375 0.0265625 0.09296875 0.05234375
1 0.08515625 0.046875 0.0890625 0.09375
1 0.0203125 0.1046875 0.040625 0.09609375
1 0.096875 0.165625 0.08203125 0.1046875
1 0.17109375 0.10078125 0.09140625 0.115625
1 0.2453125 0.15703125 0.096875 0.12265625
1 0.321875 0.1984375 0.09140625 0.11328125
1 0.40546875 0.153125 0.08203125 0.11171875
1 0.4796875 0.225 0.096875 0.1046875
1 0.55546875 0.27265625 0.08515625 0.1046875
1 0.03359375 0.209375 0.0671875 0.12265625
1 0.04375 0.31640625 0.0875 0.11796875
1 0.040625 0.4375 0.08125 0.1375
1 0.0984375 0.27109375 0.0890625 0.11328125
1 0.10625 0.37734375 0.09296875 0.12265625
1 0.17109375 0.32109375 0.0890625 0.115625
1 0.178125 0.2140625 0.09453125 0.11328125
1 0.25078125 0.275 0.09140625 0.09375
1 0.253125 0.37734375 0.09140625 0.10234375
1 0.33671875 0.3140625 0.08203125 0.11328125
1 0.40546875 0.27734375 0.09296875 0.10078125
1 0.40546875 0.36875 0.08515625 0.0984375
1 0.48515625 0.3234375 0.0765625 0.0984375
1 0.55546875 0.3734375 0.0765625 0.0984375
1 0.48671875 0.43046875 0.0984375 0.10703125
1 0.56328125 0.4828125 0.08203125 0.1046875
1 0.6484375 0.4171875 0.0703125 0.0984375
1 0.64140625 0.5328125 0.08359375 0.10234375
1 0.7171875 0.478125 0.06484375 0.07890625
1 0.17265625 0.4390625 0.1 0.10078125
1 0.1 0.48671875 0.0796875 0.08984375
1 0.18046875 0.54375 0.11328125 0.11796875
1 0.2546875 0.484375 0.1078125 0.11796875
1 0.32890625 0.428125 0.09453125 0.11171875
1 0.4 0.48671875 0.10625 0.10703125
1 0.48359375 0.5375 0.10234375 0.11796875
1 0.4 0.5875 0.0890625 0.09609375
1 0.1 0.57421875 0.0875 0.09375
1 0.0296875 0.64765625 0.059375 0.1640625
1 0.1 0.67890625 0.096875 0.12890625
1 0.18984375 0.63515625 0.1078125 0.1046875
1 0.1859375 0.746875 0.0984375 0.1265625
1 0.26796875 0.67890625 0.1 0.12421875
1 0.34375 0.64609375 0.08203125 0.09140625
1 0.42578125 0.6703125 0.1 0.11328125
1 0.48359375 0.74921875 0.0890625 0.10234375
1 0.57265625 0.796875 0.08515625 0.10078125
1 0.7234375 0.88828125 0.0765625 0.08984375
1 0.34609375 0.7359375 0.096875 0.09140625
1 0.265625 0.78828125 0.096875 0.1046875
1 0.1953125 0.84921875 0.08515625 0.08984375
1 0.34765625 0.846875 0.08359375 0.10078125
1 0.40859375 0.7859375 0.08203125 0.10234375
1 0.4125 0.89296875 0.0984375 0.109375
1 0.27109375 0.90390625 0.10234375 0.11796875
1 0.18828125 0.94765625 0.11328125 0.1046875
1 0.27421875 0.98046875 0.0984375 0.0390625
1 0.56484375 0.9125 0.08359375 0.10234375
1 0.64609375 0.94921875 0.0984375 0.1015625
1 0.7171875 0.984375 0.059375 0.03046875
1 0.48828125 0.95390625 0.09140625 0.09140625
1 0.33515625 0.9453125 0.0984375 0.109375
1 0.42265625 0.9734375 0.0984375 0.05234375
1 0.5625 0.97578125 0.09140625 0.04765625
1 0.0359375 0.840625 0.071875 0.125
1 0.0390625 0.95078125 0.078125 0.0984375
1 0.9421875 0.7578125 0.0765625 0.0875
1 0.95 0.8625 0.05234375 0.0546875
1 0.990625 0.80546875 0.01875 0.09609375
1 0.98828125 0.69375 0.0234375 0.096875
1 0.93671875 0.02734375 0.0671875 0.0546875
1 0.95 0.22734375 0.078125 0.09375
1 0.93828125 0.3359375 0.07421875 0.0828125
1 0.93671875 0.43671875 0.0796875 0.10234375
1 0.94765625 0.54609375 0.09296875 0.10234375
1 0.990625 0.39375 0.01875 0.10703125
1 0.99140625 0.49921875 0.01640625 0.10234375