1 0.4015625 0.54296875 0.196875 0.22421875
1 0.2640625 0.2828125 0.2328125 0.27734375
1 0.42734375 0.06484375 0.1953125 0.1296875
1 0.6421875 0.58515625 0.2375 0.275
1 0.6890625 0.22578125 0.1921875 0.22421875
1 0.62734375 0.00859375 0.1890625 0.01640625
1 0.8046875 0.0421875 0.1765625 0.084375
1 0.15703125 0.07265625 0.1984375 0.1453125
1 0.8953125 0.92109375 0.2078125 0.1578125
1 0.96875 0.1359375 0.0625 0.22421875
1 0.065625 0.4953125 0.1296875 0.21796875
1 0.06875 0.284375 0.1375 0.19296875
1 0.06171875 0.01171875 0.1234375 0.0234375
1 0.046875 0.11953125 0.0921875 0.17578125
1 0.90625 0.5984375 0.1828125 0.1796875
1 0.925 0.75625 0.15 0.16875
1 0.9796875 0.6515625 0.0390625 0.253125
1 0.2796875 0.0265625 0.15625 0.053125
1 0.9171875 0.23515625 0.1640625 0.20390625
1 0.278125 0.96484375 0.15625 0.06796875
1 0.815625 0.32109375 0.165625 0.1890625
1 0.7859375 0.484375 0.1609375 0.2109375