1 0.915625 0.01875 0.1171875 0.0375
1 0.9015625 0.09375 0.12265625 0.1265625
1 0.9109375 0.203125 0.11875 0.1328125
1 0.825 0.25078125 0.10625 0.1421875
1 0.6078125 0.053125 0.10625 0.10625
1 0.76015625 0.40625 0.096875 0.11328125
1 0.88828125 0.43671875 0.10234375 0.1375
1 0.9703125 0.36796875 0.059375 0.11171875
1 0.89375 0.6640625 0.12265625 0.14609375
1 0.96875 0.59609375 0.0625 0.1109375
1 0.83046875 0.8015625 0.11328125 0.1421875
1 0.89765625 0.88828125 0.1078125 0.109375
1 0.96171875 0.93828125 0.0765625 0.1234375
1 0.7609375 0.953125 0.1171875 0.09375
1 0.8921875 0.975 0.1 0.05
1 0.6765625 0.78359375 0.10625 0.109375
1 0.753125 0.8515625 0.109375 0.109375
1 0.6671875 0.90625 0.08359375 0.09375
1 0.53359375 0.77265625 0.10625 0.0984375
1 0.59296875 0.96015625 0.1203125 0.0796875
1 0.52265625 0.98203125 0.0703125 0.0359375
1 0.596875 0.84296875 0.08203125 0.10703125
1 0.509375 0.88828125 0.0984375 0.11171875
1 0.4328125 0.953125 0.12265625 0.09375
1 0.43828125 0.73125 0.11328125 0.1328125
1 0.59453125 0.62421875 0.10625 0.10703125
1 0.51640625 0.56953125 0.09140625 0.11796875
1 0.60625 0.28359375 0.078125 0.12421875
1 0.5296875 0.346875 0.09296875 0.13515625
1 0.440625 0.390625 0.1 0.10703125
1 0.44453125 0.2796875 0.09140625 0.10078125
1 0.371875 0.11328125 0.11171875 0.1328125
1 0.26953125 0.17265625 0.096875 0.1265625
1 0.284375 0.053125 0.115625 0.10625
1 0.053125 0.0390625 0.103125 0.078125
1 0.1921875 0.028125 0.1 0.05625
1 0.00703125 0.1421875 0.0140625 0.125
1 0.20078125 0.346875 0.1265625 0.13125
1 0.00703125 0.378125 0.0140625 0.128125
1 0.13359375 0.60078125 0.0703125 0.09375
1 0.19140625 0.67265625 0.08515625 0.0875
1 0.26796875 0.7203125 0.096875 0.0984375
1 0.43515625 0.51328125 0.09453125 0.1265625
1 0.353125 0.55859375 0.1 0.12265625
1 0.275 0.5109375 0.109375 0.115625
1 0.26796875 0.615625 0.08515625 0.1046875
1 0.34765625 0.68125 0.0796875 0.13125
1 0.43828125 0.6203125 0.10234375 0.0984375
1 0.25625 0.8296875 0.11171875 0.12421875
1 0.3546875 0.89296875 0.11171875 0.1265625
1 0.1875 0.89765625 0.11875 0.1375
1 0.184375 0.984375 0.11171875 0.03046875
1 0.27265625 0.95078125 0.08359375 0.0984375
1 0.34296875 0.98203125 0.0796875 0.0359375
1 0.9671875 0.26875 0.06484375 0.09140625
1 0.1171875 0.83828125 0.10234375 0.10234375
1 0.04609375 0.9 0.0921875 0.1125
1 0.04609375 0.6578125 0.0921875 0.10625
1 0.05 0.76328125 0.1 0.11171875
1 0.146875 0.5984375 0.1484375 0.08984375