1 0.009375 0.1890625 0.0171875 0.17578125
1 0.003125 0.390625 0.00625 0.190625
1 0.0046875 0.5984375 0.0078125 0.20703125
1 0.0609375 0.903125 0.121875 0.19296875
1 0.0796875 0.7046875 0.159375 0.19453125
1 0.075 0.51015625 0.1484375 0.18203125
1 0.0765625 0.303125 0.1484375 0.21484375
1 0.0796875 0.10859375 0.1453125 0.19453125
1 0.2359375 0.21640625 0.1796875 0.1984375
1 0.234375 0.421875 0.15625 0.17421875
1 0.228125 0.60703125 0.1609375 0.1671875
1 0.225 0.8109375 0.15625 0.17265625
1 0.2234375 0.959375 0.1875 0.08046875
1 0.38515625 0.90234375 0.1359375 0.1953125
1 0.3875 0.72265625 0.13125 0.17578125
1 0.38125 0.53046875 0.165625 0.1875
1 0.3703125 0.32265625 0.1640625 0.221875
1 0.390625 0.1140625 0.1359375 0.1703125
1 0.528125 0.96484375 0.1609375 0.06796875
1 0.5328125 0.82578125 0.1765625 0.20390625
1 0.525 0.640625 0.159375 0.19296875
1 0.528125 0.43125 0.1640625 0.2
1 0.5359375 0.23515625 0.16875 0.21484375
1 0.6984375 0.9171875 0.18125 0.16484375
1 0.6796875 0.7453125 0.15625 0.1875
1 0.6859375 0.55078125 0.1515625 0.1984375
1 0.690625 0.3265625 0.1578125 0.1984375
1 0.6953125 0.11171875 0.15625 0.2234375
1 0.5359375 0.0671875 0.159375 0.13359375
1 0.840625 0.23828125 0.1609375 0.21640625
1 0.84140625 0.06328125 0.1640625 0.1265625
1 0.840625 0.46640625 0.175 0.19609375
1 0.834375 0.65703125 0.1515625 0.146875
1 0.83125 0.8296875 0.1609375 0.18359375
1 0.83125 0.98359375 0.1390625 0.03125
1 0.9515625 0.9359375 0.0953125 0.1265625
1 0.953125 0.76171875 0.09375 0.1796875
1 0.9625 0.55234375 0.075 0.2203125
1 0.965625 0.34140625 0.0671875 0.19453125
1 0.9625 0.12578125 0.075 0.2515625
1 0.00078125 0.04296875 0.0015625 0.0859375
1 0.2328125 0.05390625 0.1625 0.1078125