1 0.13125 0.64375 0.22109375 0.26796875
1 0.72734375 0.08828125 0.2265625 0.1765625
1 0.4515625 0.4515625 0.24609375 0.240625
1 0.62421875 0.74296875 0.24296875 0.22578125
1 0.971875 0.65859375 0.05546875 0.24453125
1 0.7484375 0.4390625 0.18671875 0.23203125
1 0.32578125 0.7640625 0.19765625 0.259375
1 0.4515625 0.07890625 0.225 0.1578125
1 0.15625 0.25546875 0.23046875 0.2640625
1 0.43515625 0.97421875 0.1890625 0.0515625
1 0.97421875 0.85546875 0.0515625 0.1765625
1 0.6078125 0.33984375 0.153125 0.20703125
1 0.453125 0.24921875 0.18515625 0.19609375
1 0.30546875 0.13046875 0.13828125 0.1875
1 0.7265625 0.25078125 0.10625 0.1390625
1 0.0546875 0.0359375 0.109375 0.071875
1 0.29921875 0.946875 0.1421875 0.10546875
1 0.77734375 0.66640625 0.1296875 0.14765625
1 0.59140625 0.91875 0.22265625 0.1625
1 0.45 0.8625 0.16875 0.19375