1 0.359375 0.91953125 0.1375 0.1484375
1 0.52734375 0.93359375 0.13203125 0.13203125
1 0.44921875 0.88046875 0.13046875 0.159375
1 0.71328125 0.93203125 0.1390625 0.1359375
1 0.6140625 0.87421875 0.1109375 0.146875
1 0.7203125 0.81171875 0.13046875 0.15078125
1 0.53515625 0.77890625 0.1234375 0.1546875
1 0.62109375 0.7375 0.109375 0.140625
1 0.02265625 0.6671875 0.0453125 0.125
1 0.02578125 0.7953125 0.05078125 0.14453125
1 0.07890625 0.859375 0.1109375 0.13046875
1 0.1796875 0.8078125 0.11953125 0.159375
1 0.2625 0.72734375 0.11640625 0.13203125
1 0.36640625 0.67578125 0.125 0.1484375
1 0.07421875 0.50234375 0.1109375 0.13046875
1 0.1828125 0.55390625 0.11796875 0.128125
1 0.25703125 0.60546875 0.109375 0.13203125
1 0.27109375 0.50625 0.11953125 0.140625
1 0.36796875 0.55390625 0.10703125 0.13046875
1 0.446875 0.51640625 0.1109375 0.12578125
1 0.53359375 0.5890625 0.1109375 0.12578125
1 0.6234375 0.63828125 0.096875 0.10546875
1 0.7203125 0.70078125 0.109375 0.096875
1 0.72734375 0.5953125 0.1109375 0.11953125
1 0.375 0.44609375 0.0953125 0.09921875
1 0.5421875 0.45625 0.1109375 0.1484375
1 0.63359375 0.525 0.1109375 0.11328125
1 0.0234375 0.1671875 0.046875 0.1375
1 0.07421875 0.01484375 0.10546875 0.02890625
1 0.09140625 0.1078125 0.10703125 0.1546875
1 0.19375 0.0546875 0.10546875 0.109375
1 0.021875 0.29921875 0.04375 0.13203125
1 0.084375 0.36171875 0.13046875 0.1671875
1 0.18515625 0.30390625 0.08984375 0.11796875
1 0.26796875 0.37578125 0.12109375 0.14453125
1 0.2765625 0.23984375 0.11796875 0.146875
1 0.440625 0.02421875 0.09375 0.0484375
1 0.37109375 0.3140625 0.0984375 0.12421875
1 0.43515625 0.25234375 0.10234375 0.13671875
1 0.553125 0.0453125 0.07734375 0.090625
1 0.53203125 0.1796875 0.11796875 0.15703125
1 0.446875 0.390625 0.10546875 0.121875
1 0.53359375 0.3203125 0.1109375 0.12421875
1 0.63203125 0.3984375 0.1 0.134375
1 0.63203125 0.25859375 0.10546875 0.13671875
1 0.7203125 0.3328125 0.0953125 0.12578125
1 0.72734375 0.45625 0.10546875 0.13046875
1 0.8203125 0.38046875 0.13359375 0.17734375
1 0.9140625 0.31796875 0.10546875 0.11171875
1 0.81796875 0.028125 0.096875 0.05546875
1 0.96875 0.03359375 0.0625 0.0671875
1 0.97265625 0.140625 0.0546875 0.15703125
1 0.821875 0.53125 0.0953125 0.12421875
1 0.81171875 0.63828125 0.09140625 0.109375
1 0.92421875 0.45625 0.12890625 0.146875
1 0.915625 0.5765625 0.13359375 0.13046875
1 0.9140625 0.70625 0.11796875 0.153125
1 0.97109375 0.76484375 0.0578125 0.128125
1 0.96875 0.6375 0.0625 0.153125