1 0.971875 0.040625 0.046875 0.06953125
1 0.9734375 0.096875 0.0515625 0.0515625
1 0.9765625 0.1484375 0.046875 0.0515625
1 0.9734375 0.2015625 0.0515625 0.04921875
1 0.971875 0.2546875 0.05625 0.0609375
1 0.975 0.3171875 0.05 0.05703125
1 0.9765625 0.37265625 0.0453125 0.053125
1 0.978125 0.42734375 0.0421875 0.0609375
1 0.978125 0.4859375 0.0421875 0.05703125
1 0.978125 0.5484375 0.0421875 0.05703125
1 0.978125 0.6015625 0.0421875 0.05859375
1 0.9765625 0.653125 0.046875 0.0609375
1 0.978125 0.71171875 0.0421875 0.053125
1 0.9796875 0.7671875 0.0390625 0.05859375
1 0.978125 0.82421875 0.0421875 0.0625
1 0.978125 0.87890625 0.0421875 0.06796875
1 0.9984375 0.1171875 0.0015625 0.040625
1 0.9984375 0.0625 0.003125 0.0609375
1 0.853125 0.0015625 0.0421875 0.0015625
1 0.7609375 0.00390625 0.05 0.00546875
1 0.68125 0.0125 0.05625 0.02421875
1 0.6828125 0.04609375 0.0515625 0.05703125
1 0.721875 0.0640625 0.0421875 0.0609375
1 0.7640625 0.09921875 0.05 0.053125
1 0.85 0.1359375 0.040625 0.0421875
1 0.765625 0.15625 0.0484375 0.06640625
1 0.765625 0.20390625 0.053125 0.05703125
1 0.8484375 0.2546875 0.03125 0.03671875
1 0.7671875 0.3171875 0.05 0.05703125
1 0.8484375 0.3703125 0.04375 0.0515625
1 0.8484375 0.48984375 0.04375 0.0546875
1 0.8515625 0.609375 0.0515625 0.06640625
1 0.8546875 0.67890625 0.059375 0.07890625
1 0.859375 0.77421875 0.0546875 0.0640625
1 0.8578125 0.83125 0.0515625 0.0625
1 0.859375 0.89140625 0.0515625 0.06640625
1 0.8609375 0.95234375 0.059375 0.06640625
1 0.69375 0.959375 0.05 0.0546875
1 0.73671875 0.975 0.0515625 0.04921875
1 0.7765625 0.95390625 0.05 0.05859375
1 0.8171875 0.91953125 0.046875 0.0640625
1 0.7796875 0.89140625 0.0546875 0.05859375
1 0.7421875 0.64609375 0.046875 0.0515625
1 0.7671875 0.68046875 0.040625 0.0546875
1 0.8109375 0.69375 0.05 0.0609375
1 0.7796875 0.72109375 0.0578125 0.06796875
1 0.81875 0.74296875 0.0453125 0.05859375
1 0.7859375 0.77578125 0.046875 0.0546875
1 0.7390625 0.7984375 0.053125 0.06953125
1 0.7796875 0.83671875 0.0453125 0.05859375
1 0.734375 0.8625 0.059375 0.071875
1 0.1046875 0.009375 0.046875 0.01796875
1 0.0640625 0.06796875 0.0578125 0.0734375
1 0.3984375 0.29921875 0.046875 0.0609375
1 0.4328125 0.3265625 0.059375 0.06640625
1 0.4359375 0.3875 0.05 0.053125
1 0.4359375 0.44375 0.05625 0.0625
1 0.4828125 0.46796875 0.0609375 0.06953125
1 0.271875 0.0109375 0.0515625 0.0203125
1 0.2328125 0.02734375 0.046875 0.053125
1 0.19375 0.0109375 0.0453125 0.0203125
1 0.184375 0.04375 0.0609375 0.05859375
1 0.1515625 0.0828125 0.05625 0.0640625
1 0.1171875 0.1265625 0.053125 0.05859375
1 0.075 0.1390625 0.04375 0.0515625
1 0.190625 0.09140625 0.0484375 0.06640625
1 0.18125 0.15234375 0.059375 0.05703125
1 0.1046875 0.21484375 0.05 0.0625
1 0.140625 0.18203125 0.0484375 0.06640625
1 0.2296875 0.1265625 0.04375 0.04921875
1 0.2703125 0.096875 0.04375 0.0515625
1 0.3109375 0.1265625 0.046875 0.04765625
1 0.3515625 0.103125 0.0484375 0.04765625
1 0.3953125 0.1265625 0.0453125 0.04375
1 0.3984375 0.17578125 0.046875 0.0546875
1 0.434375 0.15625 0.0390625 0.04375
1 0.475 0.128125 0.05 0.0625
1 0.3171875 0.02421875 0.053125 0.04609375
1 0.35 0.04921875 0.05 0.06953125
1 0.3546875 0.00390625 0.0453125 0.00703125
1 0.3875 0.02734375 0.0578125 0.053125
1 0.4328125 0.040625 0.0546875 0.071875
1 0.478125 0.0203125 0.05625 0.03828125
1 0.559375 0.021875 0.0546875 0.04375
1 0.5203125 0.040625 0.04375 0.0609375
1 0.478125 0.071875 0.05625 0.06640625
1 0.5203125 0.096875 0.0453125 0.05703125
1 0.5609375 0.11953125 0.0484375 0.05703125
1 0.6015625 0.146875 0.0453125 0.0515625
1 0.640625 0.178125 0.046875 0.05859375
1 0.684375 0.1453125 0.05 0.0546875
1 0.6875 0.2015625 0.0546875 0.06796875
1 0.2296875 0.1796875 0.0453125 0.0421875
1 0.19375 0.2125 0.0578125 0.0625
1 0.271875 0.209375 0.046875 0.0515625
1 0.234375 0.2421875 0.0484375 0.0625
1 0.1484375 0.240625 0.0578125 0.05703125
1 0.190625 0.26796875 0.0515625 0.05859375
1 0.2328125 0.296875 0.0484375 0.05703125
1 0.146875 0.30078125 0.04375 0.0515625
1 0.190625 0.325 0.0484375 0.0515625
1 0.2296875 0.35625 0.0484375 0.05703125
1 0.271875 0.328125 0.04375 0.053125
1 0.3140625 0.29375 0.0421875 0.04921875
1 0.359375 0.32109375 0.0453125 0.05703125
1 0.3171875 0.35390625 0.0546875 0.06796875
1 0.275 0.38515625 0.0515625 0.06796875
1 0.06875 0.29921875 0.0421875 0.04765625
1 0.1046875 0.33359375 0.0484375 0.04765625
1 0.1484375 0.36171875 0.05625 0.0515625
1 0.1484375 0.41796875 0.04375 0.05703125
1 0.1953125 0.38515625 0.05 0.05703125
1 0.23125 0.41640625 0.040625 0.0515625
1 0.1890625 0.44375 0.0453125 0.05703125
1 0.2734375 0.44609375 0.05 0.0546875
1 0.315625 0.41796875 0.040625 0.05703125
1 0.3609375 0.44375 0.0515625 0.06640625
1 0.1046875 0.4515625 0.0390625 0.0328125
1 0.065625 0.4828125 0.0421875 0.04375
1 0.1078125 0.50625 0.04375 0.0640625
1 0.15 0.5375 0.04375 0.04375
1 0.140625 0.59296875 0.034375 0.04375
1 0.190625 0.5046875 0.059375 0.06796875
1 0.234375 0.4734375 0.0484375 0.0609375
1 0.2765625 0.496875 0.0546875 0.0625
1 0.31875 0.4734375 0.0515625 0.0625
1 0.2390625 0.5359375 0.05 0.05703125
1 0.1953125 0.56171875 0.053125 0.05859375
1 0.321875 0.53046875 0.0515625 0.05859375
1 0.2796875 0.55625 0.05 0.0546875
1 0.31875 0.5875 0.053125 0.0625
1 0.4828125 0.29140625 0.0484375 0.0609375
1 0.521875 0.31953125 0.040625 0.0515625
1 0.51875 0.378125 0.0421875 0.0625
1 0.5609375 0.346875 0.0484375 0.05703125
1 0.5640625 0.40703125 0.0515625 0.053125
1 0.60625 0.37578125 0.0484375 0.06796875
1 0.2359375 0.59296875 0.04375 0.04921875
1 0.6859375 0.2609375 0.0515625 0.05859375
1 0.5609375 0.17578125 0.05 0.05859375
1 0.6015625 0.20390625 0.0484375 0.071875
1 0.5578125 0.23671875 0.0546875 0.05859375
1 0.5578125 0.29375 0.046875 0.06640625
1 0.6046875 0.26796875 0.040625 0.0640625
1 0.6484375 0.29140625 0.04375 0.0640625
1 0.6875 0.32109375 0.040625 0.04375
1 0.6875 0.378125 0.0359375 0.04609375
1 0.76875 0.4328125 0.03125 0.03671875
1 0.6921875 0.4296875 0.0421875 0.0515625
1 0.7328125 0.4640625 0.040625 0.0609375
1 0.76875 0.4953125 0.0453125 0.05859375
1 0.646875 0.45859375 0.059375 0.06640625
1 0.6921875 0.49375 0.05625 0.06640625
1 0.603125 0.49375 0.0484375 0.05703125
1 0.646875 0.52109375 0.0578125 0.06796875
1 0.6921875 0.55390625 0.040625 0.0515625
1 0.73125 0.57578125 0.0484375 0.06796875
1 0.603125 0.5578125 0.0578125 0.06796875
1 0.6515625 0.5875 0.05625 0.0734375
1 0.690625 0.61484375 0.046875 0.071875
1 0.5234375 0.5578125 0.0359375 0.0421875
1 0.5625 0.58359375 0.0546875 0.06796875
1 0.6078125 0.609375 0.05 0.0609375
1 0.5625 0.64375 0.0484375 0.0625
1 0.6109375 0.6734375 0.0609375 0.07890625
1 0.478125 0.58359375 0.04375 0.05703125
1 0.5203125 0.609375 0.046875 0.0625
1 0.4828125 0.64765625 0.0578125 0.053125
1 0.4828125 0.70078125 0.0484375 0.04765625
1 0.5265625 0.6734375 0.05 0.06640625
1 0.559375 0.703125 0.0578125 0.0609375
1 0.5625 0.75234375 0.0515625 0.04921875
1 0.4890625 0.7484375 0.05 0.05859375
1 0.3609375 0.61640625 0.034375 0.040625
1 0.403125 0.64609375 0.0515625 0.053125
1 0.4375 0.671875 0.0390625 0.0515625
1 0.65625 0.6953125 0.0375 0.04765625
1 0.69375 0.68046875 0.0375 0.0546875
1 0.69375 0.71953125 0.046875 0.04375
1 0.6515625 0.746875 0.05625 0.0546875
1 0.65 0.8015625 0.05 0.05859375
1 0.6921875 0.8328125 0.046875 0.0640625
1 0.6484375 0.8609375 0.05 0.06796875
1 0.5625 0.80703125 0.0546875 0.05703125
1 0.609375 0.83828125 0.05 0.0609375
1 0.525 0.83671875 0.0546875 0.0546875
1 0.5296875 0.8953125 0.046875 0.053125
1 0.5703125 0.92265625 0.046875 0.0625
1 0.56875 0.9734375 0.053125 0.053125
1 0.528125 0.95390625 0.0484375 0.053125
1 0.490625 0.92265625 0.046875 0.0546875
1 0.52890625 0.99140625 0.0359375 0.01640625
1 0.4125 0.92265625 0.0609375 0.06640625
1 0.41328125 0.97890625 0.0515625 0.0421875
1 0.4046875 0.8734375 0.0578125 0.053125
1 0.40625 0.82578125 0.040625 0.04765625
1 0.4484375 0.7796875 0.046875 0.04765625
1 0.403125 0.69921875 0.0484375 0.05703125
1 0.403125 0.75625 0.05625 0.053125
1 0.3625 0.6734375 0.046875 0.0609375
1 0.3640625 0.73203125 0.053125 0.0609375
1 0.321875 0.64375 0.053125 0.05859375
1 0.31875 0.69921875 0.046875 0.04921875
1 0.278125 0.7265625 0.0328125 0.04375
1 0.31875 0.7578125 0.0578125 0.0640625
1 0.3203125 0.81640625 0.0484375 0.04375
1 0.3578125 0.83671875 0.040625 0.0515625
1 0.2796875 0.84375 0.05 0.05703125
1 0.325 0.871875 0.05625 0.0625
1 0.3203125 0.93046875 0.0578125 0.05703125
1 0.32109375 0.975 0.0640625 0.04921875
1 0.240625 0.93203125 0.0484375 0.0625
1 0.275 0.6203125 0.0453125 0.06953125
1 0.1921875 0.621875 0.0546875 0.04921875
1 0.2375 0.64765625 0.0484375 0.06640625
1 0.0703125 0.6515625 0.053125 0.053125
1 0.1109375 0.67734375 0.0453125 0.03828125
1 0.1546875 0.65859375 0.046875 0.053125
1 0.1984375 0.6828125 0.0484375 0.0609375
1 0.1515625 0.7046875 0.053125 0.04609375
1 0.1953125 0.7375 0.0453125 0.0515625
1 0.2359375 0.746875 0.05 0.04765625
1 0.15625 0.75625 0.0453125 0.04609375
1 0.1984375 0.78359375 0.0453125 0.0515625
1 0.196875 0.84375 0.0546875 0.0640625
1 0.0734375 0.81484375 0.0515625 0.0515625
1 0.0734375 0.875 0.0546875 0.0625
1 0.075 0.9375 0.0390625 0.040625
1 0.1171875 0.83828125 0.0390625 0.04609375
1 0.11875 0.9046875 0.046875 0.05859375
1 0.15625 0.94140625 0.0484375 0.053125
1 0.1546875 0.875 0.046875 0.075
1 0.98203125 0.9859375 0.0328125 0.02734375