1 0.9859375 0.1625 0.028125 0.18984375
1 0.98828125 0.3546875 0.0234375 0.196875
1 0.990625 0.5453125 0.01875 0.1953125
1 0.990625 0.73359375 0.01875 0.20234375
1 0.92578125 0.8328125 0.13203125 0.1671875
1 0.92578125 0.6453125 0.1375 0.2078125
1 0.921875 0.45234375 0.15234375 0.1875
1 0.921875 0.2703125 0.1484375 0.1875
1 0.91953125 0.08984375 0.1359375 0.1796875
1 0.784375 0.02890625 0.1375 0.0578125
1 0.7921875 0.16015625 0.1390625 0.2203125
1 0.7921875 0.36484375 0.12265625 0.1921875
1 0.7953125 0.55234375 0.12421875 0.1703125
1 0.675 0.6453125 0.1375 0.21484375
1 0.67265625 0.44765625 0.12265625 0.17734375
1 0.66171875 0.26015625 0.13203125 0.21015625
1 0.65078125 0.08671875 0.1578125 0.1734375
1 0.53359375 0.04375 0.1375 0.0875
1 0.5375 0.175 0.12265625 0.1703125
1 0.54453125 0.3625 0.1265625 0.2046875
1 0.54609375 0.5546875 0.12265625 0.1796875
1 0.55390625 0.7375 0.13046875 0.1953125
1 0.425 0.09140625 0.15390625 0.1828125
1 0.4234375 0.275 0.1359375 0.1921875
1 0.4234375 0.46015625 0.1359375 0.18984375
1 0.43828125 0.65 0.1265625 0.1828125
1 0.4328125 0.8453125 0.128125 0.21015625
1 0.2859375 0.05390625 0.14140625 0.1078125
1 0.2828125 0.1796875 0.1390625 0.1875
1 0.28984375 0.37265625 0.13359375 0.1875
1 0.2953125 0.5578125 0.1359375 0.1921875
1 0.30078125 0.7625 0.1390625 0.21484375
1 0.675 0.8453125 0.11875 0.175
1 0.80234375 0.9078125 0.1390625 0.184375
1 0.0546875 0.05625 0.109375 0.1125
1 0.16171875 0.1171875 0.14140625 0.2046875
1 0.165625 0.2921875 0.1359375 0.1828125
1 0.0515625 0.20703125 0.103125 0.1921875
1 0.05390625 0.39609375 0.1078125 0.1875
1 0.16953125 0.47734375 0.14140625 0.1828125
1 0.0515625 0.578125 0.103125 0.175
1 0.16953125 0.6578125 0.146875 0.1828125
1 0.04921875 0.7640625 0.0984375 0.1828125
1 0.16953125 0.85 0.1390625 0.1953125
1 0.05390625 0.93125 0.1078125 0.1375
1 0.30390625 0.93359375 0.1390625 0.1328125
1 0.98671875 0.9171875 0.02578125 0.16484375
1 0.925 0.96484375 0.14296875 0.0703125
1 0.54609375 0.91640625 0.13359375 0.1671875
1 0.68125 0.96015625 0.146875 0.0796875
1 0.43125 0.96875 0.1265625 0.0625
1 0.178125 0.9796875 0.1375 0.03984375