1 0.88671875 0.98671875 0.1140625 0.0265625
1 0.07578125 0.38828125 0.08125 0.11328125
1 0.0234375 0.4375 0.046875 0.10625
1 0.0265625 0.5453125 0.053125 0.11171875
1 0.153125 0.53515625 0.109375 0.11328125
1 0.071875 0.59296875 0.09140625 0.11796875
1 0.0203125 0.7625 0.040625 0.09921875
1 0.028125 0.86015625 0.05625 0.121875
1 0.084375 0.9796875 0.121875 0.040625
1 0.1359375 0.63828125 0.10234375 0.1078125
1 0.43125 0.53125 0.10234375 0.109375
1 0.2234375 0.59296875 0.0859375 0.103125
1 0.225 0.68984375 0.10234375 0.10546875
1 0.140625 0.73359375 0.08828125 0.09296875
1 0.08125 0.890625 0.10234375 0.121875
1 0.16015625 0.84296875 0.1 0.12578125
1 0.23671875 0.9765625 0.0828125 0.046875
1 0.17109375 0.9546875 0.084375 0.090625
1 0.24140625 0.90703125 0.0671875 0.08671875
1 0.2375 0.79765625 0.084375 0.10546875
1 0.303125 0.73984375 0.0703125 0.09296875
1 0.31328125 0.9484375 0.10390625 0.09921875
1 0.3078125 0.8390625 0.0953125 0.1015625
1 0.72890625 0.73515625 0.1 0.1078125
1 0.740625 0.93828125 0.090625 0.1234375
1 0.58984375 0.73359375 0.0953125 0.11171875
1 0.5109375 0.6859375 0.09296875 0.134375
1 0.66171875 0.5828125 0.1109375 0.13671875
1 0.59140625 0.93203125 0.0953125 0.115625
1 0.45078125 0.93203125 0.0859375 0.11328125
1 0.37421875 0.97109375 0.0828125 0.0578125
1 0.3734375 0.78125 0.08125 0.09296875
1 0.36953125 0.5953125 0.0859375 0.09921875
1 0.44375 0.834375 0.08125 0.0765625
1 0.51953125 0.79375 0.084375 0.08671875
1 0.51953125 0.884375 0.0671875 0.09921875
1 0.4453125 0.73359375 0.071875 0.109375
1 0.4453125 0.634375 0.0671875 0.0890625
1 0.375 0.68984375 0.07578125 0.103125
1 0.390625 0.88828125 0.084375 0.096875
1 0.6640625 0.96796875 0.08828125 0.0640625
1 0.66171875 0.87578125 0.08125 0.1078125
1 0.7375 0.8328125 0.09140625 0.11171875
1 0.59296875 0.834375 0.07578125 0.09921875
1 0.07890625 0.09921875 0.1125 0.11796875
1 0.14609375 0.23984375 0.09296875 0.10546875
1 0.21328125 0.2875 0.10234375 0.12578125
1 0.29921875 0.346875 0.08984375 0.13203125
1 0.2859375 0.0390625 0.1109375 0.078125
1 0.2921875 0.121875 0.096875 0.096875
1 0.29921875 0.22109375 0.096875 0.0953125
1 0.5140625 0.1734375 0.08125 0.1015625
1 0.5015625 0.0765625 0.06484375 0.0828125
1 0.38046875 0.05546875 0.0859375 0.0703125
1 0.37890625 0.159375 0.0859375 0.103125
1 0.52265625 0.3921875 0.07578125 0.121875
1 0.44921875 0.33671875 0.0859375 0.1015625
1 0.44921875 0.225 0.09296875 0.1078125
1 0.3765625 0.27890625 0.06875 0.09296875
1 0.44375 0.12421875 0.06328125 0.096875
1 0.57890625 0.23359375 0.10234375 0.11796875
1 0.6671875 0.27265625 0.08828125 0.09921875
1 0.66015625 0.1671875 0.10546875 0.10546875
1 0.64296875 0.0703125 0.08984375 0.07265625
1 0.80625 0.0703125 0.12890625 0.11953125
1 0.74140625 0.3203125 0.09296875 0.11171875
1 0.81015625 0.26875 0.096875 0.11171875
1 0.8890625 0.328125 0.08984375 0.115625
1 0.65859375 0.4609375 0.09140625 0.1015625
1 0.7375 0.4296875 0.07890625 0.090625
1 0.81015625 0.47734375 0.1 0.10546875
1 0.81015625 0.58671875 0.0859375 0.096875
1 0.8859375 0.73984375 0.1125 0.1078125
1 0.87890625 0.621875 0.084375 0.0953125
1 0.8875 0.51015625 0.1 0.1078125
1 0.95703125 0.56484375 0.0859375 0.096875
1 0.95390625 0.66875 0.09140625 0.121875
1 0.959375 0.778125 0.08125 0.1015625
1 0.95859375 0.875 0.0828125 0.11328125
1 0.959375 0.9671875 0.08125 0.065625
1 0.534375 0.01484375 0.10390625 0.02890625
1 0.615625 0.0046875 0.08125 0.009375
1 0.95625 0.27265625 0.07421875 0.08671875
1 0.9828125 0.20703125 0.034375 0.0984375
1 0.9828125 0.04453125 0.034375 0.0859375
1 0.87578125 0.04140625 0.10703125 0.0828125
1 0.69296875 0.01484375 0.0859375 0.02890625