1 0.8234375 0.02578125 0.18125 0.0515625
1 0.9921875 0.11171875 0.0140625 0.2109375
1 0.5890625 0.03515625 0.1953125 0.06953125
1 0.990625 0.78515625 0.01875 0.2328125
1 0.2 0.35625 0.1796875 0.21796875
1 0.6859375 0.853125 0.1859375 0.2328125
1 0.4609375 0.51171875 0.2015625 0.19609375
1 0.6015625 0.275 0.1984375 0.18515625
1 0.93125 0.34296875 0.1375 0.2
1 0.9328125 0.0640625 0.134375 0.1265625
1 0.703125 0.52265625 0.1515625 0.1890625
1 0.359375 0.25859375 0.1609375 0.2125
1 0.459375 0.84921875 0.1828125 0.19453125
1 0.2203125 0.6734375 0.1875 0.21484375
1 0.446875 0.053125 0.1546875 0.1046875
1 0.9328125 0.18203125 0.134375 0.1453125
1 0.5890625 0.60546875 0.125 0.16875
1 0.4625 0.67890625 0.1515625 0.159375
1 0.340625 0.77421875 0.1125 0.15234375
1 0.6859375 0.67734375 0.0859375 0.1140625
1 0.0953125 0.9109375 0.171875 0.178125
1 0.3359375 0.0828125 0.115625 0.1390625
1 0.7265625 0.3375 0.1046875 0.12109375
1 0.575 0.11171875 0.18125 0.1671875
1 0.459375 0.178125 0.1390625 0.1578125
1 0.0265625 0.13203125 0.053125 0.2640625
1 0.0171875 0.68984375 0.034375 0.2203125