1 0.8609375 0.9375 0.196875 0.12265625
1 0.8671875 0.7671875 0.2125 0.221875
1 0.8734375 0.5515625 0.1875 0.20859375
1 0.8703125 0.32265625 0.178125 0.22890625
1 0.87109375 0.103125 0.1703125 0.20625
1 0.69375 0.03828125 0.184375 0.075
1 0.68125 0.2125 0.221875 0.23828125
1 0.6984375 0.459375 0.1703125 0.21640625
1 0.703125 0.67421875 0.15 0.17421875
1 0.690625 0.88984375 0.159375 0.2125
1 0.5484375 0.9578125 0.1546875 0.08203125
1 0.5375 0.7671875 0.153125 0.1578125
1 0.528125 0.565625 0.1625 0.2140625
1 0.534375 0.3171875 0.1640625 0.2
1 0.5359375 0.10078125 0.1203125 0.16328125
1 0.3625 0.190625 0.1765625 0.2015625
1 0.365625 0.44140625 0.165625 0.203125
1 0.3765625 0.68125 0.153125 0.19609375
1 0.3828125 0.88984375 0.1546875 0.17578125
1 0.2171875 0.93046875 0.1875 0.1390625
1 0.2171875 0.7546875 0.203125 0.2359375
1 0.2125 0.52734375 0.1828125 0.225
1 0.2078125 0.31328125 0.2 0.2
1 0.20625 0.11328125 0.1671875 0.190625
1 0.209375 0.00546875 0.196875 0.0109375
1 0.06484375 0.04375 0.1296875 0.0875
1 0.0625 0.19765625 0.125 0.21640625
1 0.0578125 0.4453125 0.115625 0.19765625
1 0.0578125 0.65234375 0.1140625 0.17578125
1 0.071875 0.87578125 0.1421875 0.2
1 0.96875 0.03125 0.0609375 0.06015625
1 0.965625 0.18125 0.06875 0.23046875
1 0.971875 0.415625 0.0546875 0.2359375
1 0.975 0.6484375 0.0484375 0.203125
1 0.984375 0.85859375 0.03125 0.21640625