1 0.69375 0.0078125 0.159375 0.015625
1 0.828125 0.04296875 0.128125 0.0859375
1 0.93125 0.08671875 0.1375 0.1734375
1 0.0203125 0.065625 0.03984375 0.13046875
1 0.3125 0.12421875 0.13359375 0.21015625
1 0.203125 0.06015625 0.13515625 0.1203125
1 0.19765625 0.20390625 0.13203125 0.16953125
1 0.0203125 0.215625 0.03984375 0.18125
1 0.0921875 0.14296875 0.10390625 0.15546875
1 0.80390625 0.3125 0.1421875 0.1859375
1 0.91640625 0.3859375 0.11953125 0.18984375
1 0.79375 0.46953125 0.121875 0.15703125
1 0.91328125 0.56953125 0.1421875 0.1671875
1 0.45 0.40234375 0.15078125 0.20625
1 0.19453125 0.3734375 0.14375 0.1734375
1 0.315625 0.45546875 0.11640625 0.16328125
1 0.434375 0.546875 0.16328125 0.2140625
1 0.3140625 0.6328125 0.14765625 0.2078125
1 0.1859375 0.546875 0.13046875 0.1796875
1 0.08515625 0.63046875 0.13359375 0.2328125
1 0.009375 0.540625 0.01875 0.17109375
1 0.01171875 0.70546875 0.0234375 0.1921875
1 0.30703125 0.82421875 0.11484375 0.1796875
1 0.44765625 0.740625 0.1390625 0.16328125
1 0.9078125 0.74296875 0.13515625 0.15078125
1 0.97109375 0.80078125 0.05703125 0.19765625
1 0.90390625 0.9140625 0.1234375 0.17109375
1 0.78359375 0.94453125 0.10234375 0.11015625
1 0.69375 0.93359375 0.11640625 0.1328125
1 0.66953125 0.9796875 0.140625 0.040625
1 0.5640625 0.8609375 0.1078125 0.15078125
1 0.5234375 0.95078125 0.140625 0.09765625
1 0.31171875 0.9515625 0.1265625 0.096875
1 0.17734375 0.9875 0.1390625 0.02421875
1 0.19609375 0.8859375 0.1109375 0.18359375
1 0.07421875 0.9484375 0.1171875 0.103125
1 0.0078125 0.89765625 0.015625 0.18359375
1 0.025 0.3921875 0.05 0.146875
1 0.44453125 0.92421875 0.1234375 0.14921875