1 0.740625 0.0140625 0.046875 0.028125
1 0.78828125 0.03515625 0.05625 0.059375
1 0.884375 0.07578125 0.0453125 0.04765625
1 0.78984375 0.0984375 0.05390625 0.07421875
1 0.78984375 0.15234375 0.059375 0.0640625
1 0.8828125 0.21015625 0.03515625 0.04140625
1 0.7921875 0.2796875 0.05625 0.0640625
1 0.8828125 0.33984375 0.04921875 0.0578125
1 0.8828125 0.4734375 0.04921875 0.06171875
1 0.88671875 0.60703125 0.0578125 0.07421875
1 0.88984375 0.68515625 0.06640625 0.08828125
1 0.8953125 0.7921875 0.0609375 0.071875
1 0.89296875 0.85625 0.0578125 0.0703125
1 0.8953125 0.92421875 0.0578125 0.07421875
1 0.896875 0.97734375 0.06640625 0.0453125
1 0.71015625 0.984375 0.05625 0.03125
1 0.80234375 0.98046875 0.05625 0.0390625
1 0.84765625 0.9546875 0.05234375 0.071875
1 0.80625 0.92421875 0.0609375 0.065625
1 0.7640625 0.6484375 0.05234375 0.0578125
1 0.7921875 0.6875 0.0453125 0.06171875
1 0.840625 0.7015625 0.05625 0.06796875
1 0.80625 0.7328125 0.06484375 0.07578125
1 0.85 0.75703125 0.05078125 0.065625
1 0.81328125 0.79453125 0.05234375 0.06171875
1 0.76015625 0.81875 0.059375 0.078125
1 0.80625 0.8625 0.05078125 0.065625
1 0.75546875 0.890625 0.06640625 0.08046875
1 0.01796875 0.0203125 0.0359375 0.040625
1 0.3796875 0.259375 0.05234375 0.06796875
1 0.41796875 0.28984375 0.06640625 0.07421875
1 0.42109375 0.3578125 0.05625 0.059375
1 0.42109375 0.421875 0.06328125 0.0703125
1 0.4734375 0.4484375 0.06796875 0.078125
1 0.103125 0.02578125 0.06328125 0.0515625
1 0.06484375 0.065625 0.059375 0.065625
1 0.02109375 0.08046875 0.0421875 0.0578125
1 0.14609375 0.03203125 0.05390625 0.0640625
1 0.13671875 0.09453125 0.06640625 0.0640625
1 0.05078125 0.16484375 0.05625 0.0703125
1 0.090625 0.12734375 0.05390625 0.07421875
1 0.190625 0.065625 0.04921875 0.05546875
1 0.2359375 0.0328125 0.04921875 0.0578125
1 0.28125 0.065625 0.05234375 0.053125
1 0.3265625 0.0390625 0.05390625 0.053125
1 0.37578125 0.065625 0.05078125 0.04921875
1 0.3796875 0.12109375 0.05234375 0.06171875
1 0.41953125 0.0984375 0.04375 0.04921875
1 0.46484375 0.06796875 0.05625 0.0703125
1 0.325 0.009375 0.05625 0.01875
1 0.46796875 0.0203125 0.0640625 0.040625
1 0.515625 0.0328125 0.05078125 0.0640625
1 0.5609375 0.0578125 0.05390625 0.0640625
1 0.60703125 0.08828125 0.05078125 0.0578125
1 0.65 0.1234375 0.05234375 0.065625
1 0.69921875 0.08671875 0.05625 0.06171875
1 0.703125 0.15 0.0609375 0.07578125
1 0.190625 0.12578125 0.05078125 0.04765625
1 0.15 0.1625 0.06484375 0.0703125
1 0.2375 0.15859375 0.05234375 0.0578125
1 0.19609375 0.1953125 0.05390625 0.0703125
1 0.1 0.19375 0.06484375 0.0640625
1 0.146875 0.22421875 0.0578125 0.065625
1 0.19375 0.25703125 0.05390625 0.0640625
1 0.09765625 0.2609375 0.04921875 0.0578125
1 0.146875 0.28828125 0.05390625 0.0578125
1 0.190625 0.32265625 0.05390625 0.0640625
1 0.2375 0.2921875 0.04921875 0.059375
1 0.28515625 0.253125 0.046875 0.05546875
1 0.3359375 0.28359375 0.05078125 0.0640625
1 0.28828125 0.32109375 0.0609375 0.07578125
1 0.24140625 0.35625 0.0578125 0.07578125
1 0.01640625 0.259375 0.0328125 0.053125
1 0.05078125 0.2984375 0.05390625 0.053125
1 0.1 0.32890625 0.06328125 0.0578125
1 0.1 0.39296875 0.04921875 0.0640625
1 0.15234375 0.35625 0.05625 0.0640625
1 0.1921875 0.390625 0.0453125 0.0578125
1 0.1453125 0.421875 0.05078125 0.0640625
1 0.23984375 0.42421875 0.05625 0.06171875
1 0.28671875 0.39296875 0.0453125 0.0640625
1 0.3375 0.421875 0.0578125 0.07421875
1 0.05078125 0.4296875 0.04375 0.03671875
1 0.01484375 0.46484375 0.0296875 0.04921875
1 0.05390625 0.49140625 0.04921875 0.071875
1 0.1015625 0.5265625 0.04921875 0.04921875
1 0.090625 0.58828125 0.03828125 0.04921875
1 0.146875 0.48984375 0.06640625 0.07578125
1 0.19609375 0.4546875 0.05390625 0.06796875
1 0.24296875 0.48125 0.0609375 0.0703125
1 0.28984375 0.4546875 0.0578125 0.0703125
1 0.20078125 0.525 0.05625 0.0640625
1 0.15234375 0.553125 0.059375 0.065625
1 0.29375 0.51875 0.0578125 0.065625
1 0.246875 0.54765625 0.05625 0.06171875
1 0.28984375 0.58203125 0.059375 0.0703125
1 0.4734375 0.25078125 0.05390625 0.06796875
1 0.5171875 0.28203125 0.0453125 0.0578125
1 0.5140625 0.34765625 0.046875 0.0703125
1 0.5609375 0.3125 0.05390625 0.0640625
1 0.56484375 0.38046875 0.0578125 0.059375
1 0.61171875 0.3453125 0.05390625 0.07578125
1 0.19765625 0.58828125 0.04921875 0.05546875
1 0.70078125 0.21640625 0.0578125 0.065625
1 0.5609375 0.12109375 0.05625 0.065625
1 0.60703125 0.15234375 0.05390625 0.08046875
1 0.5578125 0.1890625 0.0609375 0.065625
1 0.5578125 0.253125 0.05234375 0.07421875
1 0.61015625 0.22421875 0.0453125 0.071875
1 0.659375 0.25078125 0.04921875 0.071875
1 0.703125 0.28359375 0.0453125 0.04921875
1 0.703125 0.34765625 0.03984375 0.0515625
1 0.79375 0.409375 0.03515625 0.04140625
1 0.7078125 0.40546875 0.046875 0.0578125
1 0.753125 0.44453125 0.0453125 0.06796875
1 0.79375 0.4796875 0.05078125 0.065625
1 0.65703125 0.43828125 0.06640625 0.07421875
1 0.7078125 0.47734375 0.06328125 0.07421875
1 0.60859375 0.47734375 0.05390625 0.0640625
1 0.65703125 0.50859375 0.06484375 0.07578125
1 0.7078125 0.5453125 0.0453125 0.0578125
1 0.7515625 0.5703125 0.05390625 0.07578125
1 0.60859375 0.54921875 0.06484375 0.07578125
1 0.6625 0.58203125 0.06328125 0.08203125
1 0.70625 0.61328125 0.05234375 0.08046875
1 0.51953125 0.54921875 0.03984375 0.04765625
1 0.56328125 0.578125 0.0609375 0.07578125
1 0.61328125 0.60703125 0.05625 0.06796875
1 0.56328125 0.64609375 0.05390625 0.0703125
1 0.6171875 0.67890625 0.06796875 0.08828125
1 0.46875 0.578125 0.04921875 0.0640625
1 0.515625 0.60703125 0.05234375 0.0703125
1 0.4734375 0.65 0.06484375 0.059375
1 0.4734375 0.71015625 0.05390625 0.053125
1 0.52265625 0.67890625 0.05625 0.07421875
1 0.559375 0.71171875 0.06484375 0.06796875
1 0.56328125 0.7671875 0.0578125 0.05546875
1 0.48046875 0.76328125 0.05625 0.065625
1 0.3375 0.61484375 0.03828125 0.0453125
1 0.384375 0.6484375 0.0578125 0.059375
1 0.4234375 0.67734375 0.04375 0.0578125
1 0.66796875 0.70390625 0.0421875 0.053125
1 0.71015625 0.6875 0.0421875 0.06171875
1 0.71015625 0.73046875 0.05234375 0.04921875
1 0.6625 0.7609375 0.06328125 0.06171875
1 0.6609375 0.82265625 0.05625 0.065625
1 0.7078125 0.8578125 0.05234375 0.071875
1 0.659375 0.8890625 0.05625 0.07578125
1 0.56328125 0.82890625 0.0609375 0.0640625
1 0.615625 0.8640625 0.05625 0.06796875
1 0.52109375 0.8625 0.0609375 0.06171875
1 0.5265625 0.928125 0.05234375 0.059375
1 0.571875 0.95859375 0.05234375 0.0703125
1 0.5703125 0.99296875 0.059375 0.0140625
1 0.5234375 0.98125 0.05390625 0.03671875
1 0.4828125 0.95859375 0.05234375 0.06171875
1 0.3953125 0.95859375 0.06796875 0.07421875
1 0.38671875 0.903125 0.06484375 0.059375
1 0.38828125 0.85 0.0453125 0.053125
1 0.43515625 0.7984375 0.05234375 0.053125
1 0.384375 0.7078125 0.05390625 0.0640625
1 0.384375 0.771875 0.06328125 0.059375
1 0.3390625 0.67890625 0.05234375 0.06796875
1 0.340625 0.74453125 0.059375 0.06796875
1 0.29375 0.64609375 0.059375 0.065625
1 0.28984375 0.7078125 0.05234375 0.05546875
1 0.24453125 0.7390625 0.03671875 0.04921875
1 0.28984375 0.7734375 0.06484375 0.071875
1 0.2921875 0.83984375 0.05390625 0.04921875
1 0.33359375 0.8625 0.0453125 0.0578125
1 0.246875 0.8703125 0.05625 0.0640625
1 0.296875 0.9015625 0.06328125 0.0703125
1 0.2921875 0.9671875 0.06484375 0.0640625
1 0.2015625 0.9671875 0.05390625 0.065625
1 0.24140625 0.61953125 0.05078125 0.078125
1 0.1484375 0.62109375 0.0609375 0.05546875
1 0.19921875 0.65 0.05390625 0.07421875
1 0.02109375 0.653125 0.0421875 0.059375
1 0.0578125 0.6828125 0.05078125 0.04296875
1 0.10703125 0.6625 0.05234375 0.059375
1 0.15546875 0.6890625 0.05390625 0.06796875
1 0.103125 0.7140625 0.059375 0.0515625
1 0.15234375 0.75078125 0.05078125 0.0578125
1 0.19765625 0.7609375 0.05625 0.053125
1 0.10859375 0.771875 0.05078125 0.0515625
1 0.15546875 0.80234375 0.05078125 0.0578125
1 0.15390625 0.8703125 0.0609375 0.071875
1 0.021875 0.8375 0.04375 0.0578125
1 0.02265625 0.90546875 0.0453125 0.0703125
1 0.01953125 0.975 0.03828125 0.0453125
1 0.06484375 0.8640625 0.04375 0.0515625
1 0.06640625 0.93828125 0.05234375 0.065625
1 0.1078125 0.97421875 0.05390625 0.0515625
1 0.10703125 0.90546875 0.05234375 0.084375