1 0.91484375 0.9859375 0.12265625 0.02734375
1 0.046875 0.34921875 0.08671875 0.12109375
1 0.01171875 0.515625 0.0234375 0.12109375
1 0.1296875 0.50625 0.115625 0.12109375
1 0.046875 0.5671875 0.09375 0.12578125
1 0.01328125 0.85234375 0.0265625 0.1296875
1 0.0625 0.9796875 0.12421875 0.040625
1 0.11015625 0.6171875 0.11015625 0.11484375
1 0.428125 0.50234375 0.10859375 0.1171875
1 0.20546875 0.56796875 0.0921875 0.1109375
1 0.2078125 0.67265625 0.10859375 0.1125
1 0.1171875 0.7171875 0.09375 0.1
1 0.05390625 0.88671875 0.1078125 0.1296875
1 0.1375 0.8359375 0.10625 0.134375
1 0.21953125 0.9765625 0.08828125 0.046875
1 0.14765625 0.953125 0.090625 0.09375
1 0.2234375 0.90390625 0.0703125 0.09375
1 0.2203125 0.7875 0.090625 0.1125
1 0.290625 0.72578125 0.07421875 0.1
1 0.3015625 0.94765625 0.11171875 0.10390625
1 0.29609375 0.83203125 0.10078125 0.10859375
1 0.7453125 0.72109375 0.10859375 0.11484375
1 0.75703125 0.93359375 0.0984375 0.1328125
1 0.59765625 0.7171875 0.103125 0.11953125
1 0.5125 0.66796875 0.09921875 0.14453125
1 0.6734375 0.5578125 0.11875 0.146875
1 0.59765625 0.9296875 0.103125 0.1234375
1 0.44765625 0.93203125 0.0921875 0.12109375
1 0.365625 0.9703125 0.08828125 0.059375
1 0.36484375 0.76796875 0.08671875 0.1
1 0.3609375 0.5703125 0.0921875 0.10625
1 0.440625 0.82578125 0.08671875 0.0828125
1 0.521875 0.7828125 0.090625 0.09140625
1 0.521875 0.87890625 0.0703125 0.10625
1 0.4421875 0.71953125 0.07578125 0.11953125
1 0.4421875 0.6109375 0.071875 0.09375
1 0.36640625 0.67265625 0.08125 0.1109375
1 0.384375 0.8828125 0.090625 0.10390625
1 0.67421875 0.9671875 0.0953125 0.065625
1 0.6734375 0.8703125 0.08671875 0.11484375
1 0.7546875 0.82578125 0.09765625 0.11953125
1 0.60078125 0.82734375 0.08125 0.10625
1 0.0546875 0.05078125 0.109375 0.1015625
1 0.12265625 0.1890625 0.10078125 0.1125
1 0.1953125 0.240625 0.10859375 0.134375
1 0.28671875 0.30390625 0.0953125 0.140625
1 0.271875 0.00859375 0.1171875 0.0171875
1 0.278125 0.0640625 0.1046875 0.10390625
1 0.28671875 0.1703125 0.103125 0.10234375
1 0.51640625 0.11953125 0.08515625 0.10859375
1 0.50078125 0.02734375 0.0703125 0.0546875
1 0.37109375 0.0140625 0.0921875 0.02734375
1 0.3703125 0.10234375 0.0921875 0.1109375
1 0.525 0.353125 0.0796875 0.13203125
1 0.44609375 0.29375 0.0921875 0.10859375
1 0.44609375 0.17421875 0.09921875 0.1171875
1 0.36796875 0.23203125 0.07421875 0.1
1 0.440625 0.065625 0.06640625 0.10390625
1 0.58671875 0.18046875 0.10859375 0.12734375
1 0.67890625 0.2234375 0.09375 0.10625
1 0.67109375 0.1109375 0.1140625 0.1125
1 0.65234375 0.02265625 0.0953125 0.04453125
1 0.828125 0.0359375 0.1375 0.071875
1 0.7578125 0.2765625 0.09921875 0.11953125
1 0.83046875 0.21953125 0.103125 0.12109375
1 0.91484375 0.28515625 0.0953125 0.1234375
1 0.66953125 0.42734375 0.09765625 0.10859375
1 0.7546875 0.39375 0.08515625 0.09609375
1 0.83203125 0.4421875 0.10859375 0.1125
1 0.83203125 0.56171875 0.0921875 0.10390625
1 0.91171875 0.7234375 0.11875 0.11484375
1 0.9046875 0.59765625 0.090625 0.10234375
1 0.91328125 0.48046875 0.10859375 0.1171875
1 0.97109375 0.5375 0.0578125 0.10390625
1 0.9671875 0.64921875 0.06484375 0.13203125
1 0.9734375 0.76484375 0.05234375 0.10859375
1 0.97265625 0.86953125 0.05390625 0.12109375
1 0.9734375 0.965625 0.05234375 0.06796875
1 0.9734375 0.2234375 0.05234375 0.09375
1 0.90078125 0.009375 0.1140625 0.01875