1 0.9765625 0.97890625 0.04609375 0.04140625
1 0.91875 0.95234375 0.0796875 0.08359375
1 0.840625 0.97265625 0.08125 0.05390625
1 0.91328125 0.84609375 0.08671875 0.10234375
1 0.83671875 0.88984375 0.08359375 0.1
1 0.76796875 0.83515625 0.07421875 0.075
1 0.69140625 0.87890625 0.08359375 0.09765625
1 0.7625 0.93984375 0.07421875 0.0875
1 0.6890625 0.96953125 0.0796875 0.06015625
1 0.615625 0.83359375 0.0640625 0.07109375
1 0.54453125 0.87734375 0.06171875 0.07109375
1 0.5375 0.97421875 0.059375 0.0515625
1 0.471875 0.93125 0.07265625 0.08125
1 0.3921875 0.87109375 0.07421875 0.06015625
1 0.3890625 0.953125 0.090625 0.09375
1 0.31015625 0.82890625 0.07109375 0.07109375
1 0.30859375 0.925 0.08671875 0.12109375
1 0.2421875 0.96328125 0.07265625 0.07265625
1 0.1640625 0.98203125 0.08359375 0.03515625
1 0.16171875 0.91875 0.0671875 0.08359375
1 0.08515625 0.95625 0.08828125 0.0875
1 0.02265625 0.921875 0.0453125 0.090625
1 0.2390625 0.76875 0.06953125 0.09375
1 0.16328125 0.81484375 0.08125 0.09140625
1 0.08671875 0.86015625 0.08671875 0.09609375
1 0.02265625 0.8265625 0.0453125 0.090625
1 0.54609375 0.77109375 0.08125 0.08515625
1 0.46796875 0.72265625 0.07109375 0.08125
1 0.16484375 0.71015625 0.07109375 0.09765625
1 0.08359375 0.75859375 0.08671875 0.10390625
1 0.02578125 0.70703125 0.0515625 0.09765625
1 0.975 0.78828125 0.05 0.08515625
1 0.98046875 0.06640625 0.0390625 0.09140625
1 0.98125 0.17421875 0.0375 0.08984375
1 0.91328125 0.12109375 0.08125 0.08515625
1 0.928125 0.0359375 0.084375 0.071875
1 0.85546875 0.00625 0.08671875 0.0125
1 0.85078125 0.18125 0.0765625 0.06640625
1 0.77109375 0.11875 0.08359375 0.08984375
1 0.84765625 0.06875 0.0765625 0.09375
1 0.77734375 0.0359375 0.0984375 0.071875
1 0.7 0.0625 0.090625 0.11484375
1 0.6234375 0.03359375 0.09375 0.06640625
1 0.62265625 0.11015625 0.07265625 0.09140625
1 0.78046875 0.22109375 0.08359375 0.07734375
1 0.4703125 0.0234375 0.078125 0.046875
1 0.3234375 0.0234375 0.078125 0.046875
1 0.16796875 0.0171875 0.0765625 0.034375
1 0.03203125 0.01875 0.0640625 0.0375
1 0.090625 0.04375 0.0796875 0.07265625
1 0.02890625 0.1015625 0.0578125 0.084375
1 0.24453125 0.04609375 0.08515625 0.08984375
1 0.540625 0.06015625 0.0921875 0.08359375
1 0.46484375 0.1 0.09375 0.09765625
1 0.3921875 0.05625 0.09765625 0.09765625
1 0.3140625 0.09765625 0.08515625 0.11015625
1 0.16171875 0.10390625 0.09375 0.10234375
1 0.08515625 0.15 0.08125 0.07734375
1 0.02734375 0.20078125 0.0546875 0.08984375
1 0.0265625 0.60234375 0.053125 0.09609375
1 0.0296875 0.5125 0.059375 0.09375
1 0.03125 0.41796875 0.06171875 0.10234375
1 0.0296875 0.3015625 0.059375 0.10625
1 0.9203125 0.23515625 0.07265625 0.08984375
1 0.54453125 0.16484375 0.09375 0.11015625
1 0.3921875 0.16015625 0.07421875 0.10234375
1 0.24140625 0.15390625 0.08125 0.10234375
1 0.1703125 0.20390625 0.08125 0.10390625
1 0.09609375 0.25234375 0.08828125 0.11640625
1 0.3171875 0.20859375 0.07265625 0.10625
1 0.24140625 0.2625 0.090625 0.11875
1 0.16484375 0.3125 0.08359375 0.09765625
1 0.09609375 0.35390625 0.08125 0.1
1 0.09921875 0.46484375 0.08125 0.10234375
1 0.08515625 0.56640625 0.078125 0.07890625
1 0.08671875 0.65625 0.10078125 0.10390625
1 0.16640625 0.6125 0.078125 0.09765625
1 0.16640625 0.51484375 0.078125 0.09140625
1 0.171875 0.40859375 0.08125 0.11640625
1 0.39375 0.65625 0.06171875 0.07109375
1 0.31953125 0.6125 0.08359375 0.09609375
1 0.2375 0.66875 0.08359375 0.10625
1 0.2390625 0.55859375 0.07109375 0.11640625
1 0.24296875 0.45859375 0.078125 0.11015625
1 0.2390625 0.36640625 0.08125 0.10625
1 0.615625 0.21484375 0.08828125 0.10625
1 0.540625 0.2625 0.08828125 0.09609375
1 0.46484375 0.21484375 0.0921875 0.1125
1 0.38984375 0.25859375 0.08515625 0.10859375
1 0.31015625 0.31484375 0.08359375 0.10390625
1 0.315625 0.42734375 0.08828125 0.12265625
1 0.3140625 0.51875 0.08828125 0.09375
1 0.6953125 0.2625 0.08359375 0.10625
1 0.84375 0.27890625 0.078125 0.08515625
1 0.77109375 0.31875 0.0796875 0.09765625
1 0.6984375 0.37109375 0.08671875 0.11484375
1 0.62265625 0.32109375 0.0921875 0.10234375
1 0.54453125 0.36875 0.09375 0.10625
1 0.4625 0.31875 0.08671875 0.1125
1 0.38671875 0.35859375 0.08671875 0.10234375
1 0.3921875 0.46640625 0.08125 0.10234375
1 0.38671875 0.56484375 0.078125 0.09375
1 0.4625 0.61484375 0.078125 0.09375
1 0.46640625 0.51640625 0.08671875 0.1125
1 0.46796875 0.41640625 0.0921875 0.10625
1 0.6171875 0.42734375 0.0921875 0.1125
1 0.62578125 0.52734375 0.08515625 0.08984375
1 0.55 0.56875 0.08515625 0.09140625
1 0.54765625 0.66484375 0.07421875 0.09375
1 0.61015625 0.72265625 0.0765625 0.1
1 0.62421875 0.62109375 0.08359375 0.1
1 0.68984375 0.67890625 0.07109375 0.09609375
1 0.77109375 0.7375 0.08515625 0.08984375
1 0.8421875 0.78359375 0.078125 0.1
1 0.97890625 0.68359375 0.0421875 0.1125
1 0.91640625 0.7375 0.09375 0.1
1 0.91875 0.63125 0.0921875 0.10625
1 0.97421875 0.58671875 0.0515625 0.09375
1 0.91171875 0.53359375 0.08671875 0.09609375
1 0.840625 0.67890625 0.08359375 0.09609375
1 0.97890625 0.28828125 0.0421875 0.08515625
1 0.9765625 0.38984375 0.04609375 0.10390625
1 0.975 0.49140625 0.05 0.09609375
1 0.91640625 0.33515625 0.09921875 0.1
1 0.91640625 0.43359375 0.08125 0.09609375
1 0.83671875 0.37890625 0.09375 0.10234375
1 0.76796875 0.43125 0.08515625 0.10859375
1 0.84609375 0.47734375 0.07421875 0.09765625
1 0.75546875 0.53125 0.08125 0.07890625
1 0.69296875 0.575 0.0796875 0.1125
1 0.765625 0.62734375 0.090625 0.1125
1 0.8421875 0.575 0.08125 0.10625