1 0.009375 0.42421875 0.0171875 0.159375
1 0.0171875 0.590625 0.0328125 0.1578125
1 0.00625 0.7359375 0.0109375 0.1140625
1 0.2453125 0.66640625 0.1171875 0.16875
1 0.053125 0.93359375 0.1046875 0.13046875
1 0.24375 0.93359375 0.1 0.13203125
1 0.35625 0.86796875 0.1171875 0.159375
1 0.46484375 0.94453125 0.1140625 0.1109375
1 0.3796875 0.72109375 0.1109375 0.1171875
1 0.365625 0.58359375 0.1125 0.178125
1 0.2515625 0.49375 0.121875 0.16875
1 0.15 0.42421875 0.1453125 0.18203125
1 0.2578125 0.2109375 0.13125 0.17421875
1 0.159375 0.2734375 0.1171875 0.128125
1 0.0625 0.221875 0.125 0.146875
1 0.0671875 0.0703125 0.134375 0.140625
1 0.009375 0.1359375 0.01875 0.18515625
1 0.365625 0.0421875 0.1390625 0.084375
1 0.4625 0.51015625 0.1390625 0.1703125
1 0.5796875 0.57578125 0.1328125 0.1875
1 0.68125 0.6625 0.103125 0.15234375
1 0.6921875 0.51171875 0.1265625 0.1671875
1 0.68125 0.23828125 0.1328125 0.1578125
1 0.6890625 0.078125 0.1375 0.15625
1 0.79375 0.60546875 0.128125 0.1484375
1 0.7921875 0.44921875 0.1171875 0.146875
1 0.890625 0.8328125 0.153125 0.17265625
1 0.8921875 0.65859375 0.1546875 0.16328125
1 0.9703125 0.89375 0.059375 0.1484375
1 0.975 0.72265625 0.0484375 0.16328125
1 0.9734375 0.4609375 0.053125 0.1984375
1 0.8921875 0.51171875 0.0875 0.1375
1 0.78671875 0.0453125 0.0984375 0.08984375
1 0.88359375 0.078125 0.1046875 0.15625
1 0.965625 0.059375 0.06875 0.11875
1 0.7703125 0.97265625 0.1421875 0.0546875
1 0.1515625 0.96875 0.109375 0.0625
1 0.3484375 0.97578125 0.1359375 0.04609375