1 0.0125 0.040625 0.0234375 0.08046875
1 0.00625 0.13046875 0.0125 0.071875
1 0.053125 0.09140625 0.05625 0.0625
1 0.1171875 0.04140625 0.06875 0.0828125
1 0.178125 0.02109375 0.06875 0.0421875
1 0.1125 0.128125 0.0703125 0.0734375
1 0.18125 0.09140625 0.071875 0.0859375
1 0.1171875 0.221875 0.0765625 0.08984375
1 0.184375 0.18359375 0.0734375 0.08828125
1 0.2453125 0.23125 0.065625 0.06640625
1 0.3125 0.19296875 0.0734375 0.0859375
1 0.25 0.1390625 0.065625 0.07734375
1 0.315625 0.103125 0.0703125 0.075
1 0.2484375 0.0515625 0.078125 0.0953125
1 0.3203125 0.028125 0.08125 0.05625
1 0.3796875 0.2328125 0.05625 0.0625
1 0.4421875 0.19453125 0.0546875 0.0625
1 0.45 0.10078125 0.0515625 0.0625
1 0.4453125 0.021875 0.0671875 0.04375
1 0.50625 0.146875 0.0640625 0.071875
1 0.5125 0.0546875 0.0609375 0.08046875
1 0.5765625 0.2 0.065625 0.053125
1 0.5796875 0.1171875 0.0796875 0.1046875
1 0.5734375 0.03125 0.0765625 0.0625
1 0.6484375 0.23671875 0.0625 0.0625
1 0.65 0.15234375 0.0765625 0.10625
1 0.6484375 0.0546875 0.08125 0.1046875
1 0.709375 0.1171875 0.0640625 0.06640625
1 0.71875 0.0359375 0.08125 0.071875
1 0.778125 0.075 0.0734375 0.084375
1 0.7796875 0.1578125 0.059375 0.0734375
1 0.85 0.03671875 0.0875 0.0734375
1 0.846875 0.12109375 0.078125 0.0859375
1 0.91875 0.075 0.0671875 0.07890625
1 0.9203125 0.01484375 0.0640625 0.0296875
1 0.9703125 0.03828125 0.059375 0.0765625
1 0.971875 0.12109375 0.05625 0.084375
1 0.9140625 0.15625 0.0609375 0.08046875
1 0.7109375 0.28984375 0.0609375 0.0828125
1 0.778125 0.24921875 0.071875 0.08046875
1 0.8453125 0.209375 0.0765625 0.084375
1 0.9171875 0.240625 0.0671875 0.07890625
1 0.9734375 0.21640625 0.053125 0.096875
1 0.440625 0.28828125 0.071875 0.075
1 0.509375 0.33046875 0.0625 0.071875
1 0.7765625 0.34140625 0.0625 0.0859375
1 0.8484375 0.29921875 0.0765625 0.09140625
1 0.9109375 0.3453125 0.06875 0.0859375
1 0.96875 0.30859375 0.0609375 0.0953125
1 0.0140625 0.221875 0.028125 0.09375
1 0.053125 0.2734375 0.0640625 0.075
1 0.0109375 0.31953125 0.0203125 0.08828125
1 0.0375 0.9796875 0.0734375 0.040625
1 0.003125 0.853125 0.00625 0.06640625
1 0.040625 0.90859375 0.06875 0.08046875
1 0.0375 0.81484375 0.0734375 0.07890625
1 0.0078125 0.76484375 0.015625 0.06640625
1 0.1171875 0.8609375 0.071875 0.075
1 0.1046875 0.9453125 0.075 0.08046875
1 0.16875 0.978125 0.0765625 0.0421875
1 0.171875 0.80703125 0.0671875 0.05859375
1 0.2421875 0.8625 0.0734375 0.07890625
1 0.175 0.90625 0.0671875 0.0828125
1 0.2375 0.95234375 0.0875 0.0953125
1 0.2984375 0.98203125 0.06875 0.03515625
1 0.3046875 0.91171875 0.0796875 0.10078125
1 0.3734375 0.95390625 0.0828125 0.08984375
1 0.3734375 0.86953125 0.0640625 0.08046875
1 0.4421875 0.98203125 0.0828125 0.03515625
1 0.234375 0.77265625 0.0734375 0.06796875
1 0.5078125 0.96328125 0.06875 0.071875
1 0.578125 0.9796875 0.078125 0.040625
1 0.6375 0.96328125 0.06875 0.071875
1 0.70625 0.98671875 0.0625 0.0265625
1 0.775 0.96875 0.0671875 0.0609375
1 0.96875 0.840625 0.0609375 0.08046875
1 0.96875 0.925 0.0625 0.084375
1 0.965625 0.990625 0.06875 0.01640625
1 0.9015625 0.9671875 0.0703125 0.0640625
1 0.8421875 0.928125 0.0703125 0.0640625
1 0.9078125 0.87890625 0.0703125 0.075
1 0.70625 0.9265625 0.075 0.07890625
1 0.4453125 0.9140625 0.08125 0.0734375
1 0.5125 0.87890625 0.0828125 0.0859375
1 0.5765625 0.9171875 0.0859375 0.0859375
1 0.6453125 0.88046875 0.075 0.096875
1 0.7796875 0.875 0.0828125 0.08984375
1 0.846875 0.83515625 0.071875 0.06796875
1 0.90625 0.790625 0.065625 0.07890625
1 0.9125 0.43671875 0.0734375 0.084375
1 0.96875 0.39609375 0.0609375 0.0859375
1 0.965625 0.47734375 0.06875 0.0953125
1 0.909375 0.5171875 0.078125 0.0828125
1 0.9078125 0.6 0.08125 0.08984375
1 0.9703125 0.56875 0.059375 0.0859375
1 0.9109375 0.703125 0.0796875 0.09375
1 0.96875 0.65703125 0.0609375 0.07734375
1 0.1109375 0.759375 0.0640625 0.07890625
1 0.4421875 0.821875 0.0828125 0.096875
1 0.5765625 0.82578125 0.065625 0.08984375
1 0.709375 0.83125 0.071875 0.08984375
1 0.771875 0.7875 0.071875 0.09140625
1 0.8375 0.7453125 0.078125 0.103125
1 0.6421875 0.78359375 0.0640625 0.09375
1 0.709375 0.7359375 0.0796875 0.1046875
1 0.7765625 0.69140625 0.0734375 0.0859375
1 0.8375 0.6546875 0.071875 0.08828125
1 0.834375 0.5578125 0.071875 0.08984375
1 0.846875 0.46796875 0.06875 0.06953125
1 0.8453125 0.3890625 0.0890625 0.09140625
1 0.775 0.42734375 0.06875 0.0859375
1 0.775 0.5140625 0.06875 0.08046875
1 0.7703125 0.60703125 0.071875 0.103125
1 0.575 0.3890625 0.0546875 0.0625
1 0.640625 0.42734375 0.0734375 0.084375
1 0.7125 0.378125 0.0734375 0.09375
1 0.7109375 0.475 0.0625 0.103125
1 0.7078125 0.56328125 0.06875 0.096875
1 0.7109375 0.64375 0.071875 0.09375
1 0.3796875 0.778125 0.078125 0.09375
1 0.4453125 0.7359375 0.078125 0.084375
1 0.5125 0.778125 0.08125 0.09921875
1 0.578125 0.7390625 0.075 0.0953125
1 0.6484375 0.68984375 0.0734375 0.09140625
1 0.64375 0.590625 0.078125 0.10859375
1 0.6453125 0.51015625 0.078125 0.0828125
1 0.309375 0.7359375 0.0734375 0.09375
1 0.178125 0.72109375 0.06875 0.075
1 0.2421875 0.6859375 0.0703125 0.0859375
1 0.30625 0.640625 0.0765625 0.10078125
1 0.3734375 0.684375 0.08125 0.08984375
1 0.4421875 0.6421875 0.0828125 0.09375
1 0.5140625 0.6859375 0.0765625 0.09921875
1 0.58125 0.6515625 0.0765625 0.08984375
1 0.5765625 0.55625 0.071875 0.08984375
1 0.58125 0.46953125 0.06875 0.0828125
1 0.5140625 0.42578125 0.06875 0.0828125
1 0.5109375 0.51171875 0.0765625 0.09921875
1 0.509375 0.6 0.08125 0.09375
1 0.378125 0.590625 0.08125 0.09921875
1 0.3703125 0.503125 0.075 0.07890625
1 0.4375 0.46640625 0.075 0.08046875
1 0.4390625 0.38203125 0.065625 0.0828125
1 0.384375 0.33046875 0.0671875 0.08828125
1 0.371875 0.4203125 0.0734375 0.08828125
1 0.3140625 0.36875 0.0625 0.084375
1 0.2421875 0.3171875 0.075 0.07890625
1 0.1796875 0.27734375 0.06875 0.08828125
1 0.0078125 0.4 0.0140625 0.0953125
1 0.0421875 0.36484375 0.0734375 0.09921875
1 0.1140625 0.3171875 0.0828125 0.08828125
1 0.1125 0.4109375 0.08125 0.09375
1 0.009375 0.48828125 0.01875 0.0859375
1 0.046875 0.4515625 0.0796875 0.0828125
1 0.11875 0.496875 0.0765625 0.084375
1 0.18125 0.36875 0.0734375 0.084375
1 0.0109375 0.58203125 0.021875 0.10078125
1 0.0078125 0.675 0.015625 0.10078125
1 0.04375 0.7140625 0.06875 0.075
1 0.0453125 0.62421875 0.0734375 0.09140625
1 0.0484375 0.53359375 0.071875 0.084375
1 0.1140625 0.671875 0.0875 0.08828125
1 0.1140625 0.58515625 0.071875 0.084375
1 0.184375 0.6328125 0.0828125 0.08984375
1 0.2453125 0.5875 0.075 0.0953125
1 0.1765625 0.546875 0.065625 0.0859375
1 0.25625 0.49921875 0.071875 0.06953125
1 0.3109375 0.4609375 0.0703125 0.09921875
1 0.246875 0.41484375 0.0796875 0.09921875
1 0.1796875 0.4609375 0.071875 0.09375