1 0.94453125 0.084375 0.10234375 0.1203125
1 0.98828125 0.340625 0.0234375 0.11640625
1 0.9828125 0.2203125 0.034375 0.11640625
1 0.9390625 0.3859375 0.10234375 0.10546875
1 0.928125 0.28515625 0.0953125 0.11171875
1 0.93203125 0.20703125 0.0609375 0.0609375
1 0.784375 0.1015625 0.084375 0.090625
1 0.69453125 0.1453125 0.084375 0.11171875
1 0.8578125 0.2359375 0.08671875 0.1015625
1 0.86328125 0.34609375 0.0828125 0.09921875
1 0.634375 0.03359375 0.12734375 0.0671875
1 0.55546875 0.05703125 0.08828125 0.1015625
1 0.56796875 0.15390625 0.10234375 0.084375
1 0.57890625 0.34140625 0.1171875 0.1265625
1 0.65859375 0.29765625 0.09921875 0.103125
1 0.58671875 0.228125 0.09921875 0.071875
1 0.41875 0.234375 0.11328125 0.1203125
1 0.42421875 0.35859375 0.1203125 0.11796875
1 0.4171875 0.059375 0.10625 0.11640625
1 0.33828125 0.109375 0.1171875 0.11171875
1 0.04140625 0.03046875 0.0828125 0.0609375
1 0.0421875 0.11640625 0.084375 0.08828125
1 0.11171875 0.059375 0.071875 0.10546875
1 0.2640625 0.23203125 0.12265625 0.11171875
1 0.12578125 0.246875 0.0953125 0.1078125
1 0.18671875 0.1078125 0.10078125 0.10546875
1 0.25546875 0.14140625 0.06328125 0.084375
1 0.05234375 0.29296875 0.09140625 0.10546875
1 0.0484375 0.41484375 0.096875 0.12421875
1 0.04296875 0.6203125 0.07734375 0.1015625
1 0.271875 0.3484375 0.09140625 0.0953125
1 0.190625 0.396875 0.08984375 0.1078125
1 0.50546875 0.50625 0.11328125 0.12421875
1 0.8828125 0.53984375 0.12265625 0.11171875
1 0.784375 0.50234375 0.08828125 0.1015625
1 0.70703125 0.553125 0.096875 0.109375
1 0.8 0.61640625 0.109375 0.1015625
1 0.78046875 0.19609375 0.09921875 0.096875
1 0.9421875 0.8125 0.09140625 0.09921875
1 0.8703125 0.8625 0.10234375 0.096875
1 0.87578125 0.74921875 0.08828125 0.109375
1 0.72109375 0.765625 0.1078125 0.11171875
1 0.7046875 0.66484375 0.09375 0.09921875
1 0.56796875 0.65625 0.11328125 0.12265625
1 0.6296875 0.58671875 0.08828125 0.1140625
1 0.584375 0.78046875 0.09375 0.0953125
1 0.33671875 0.7109375 0.08984375 0.1078125
1 0.42109375 0.78515625 0.11171875 0.090625
1 0.42265625 0.65859375 0.096875 0.12265625
1 0.5 0.74296875 0.09921875 0.09296875
1 0.34375 0.59921875 0.08984375 0.103125
1 0.21015625 0.62421875 0.10234375 0.10546875
1 0.2 0.82734375 0.08828125 0.0953125
1 0.34140625 0.49609375 0.1046875 0.11796875
1 0.1921875 0.52109375 0.12734375 0.0953125
1 0.2734375 0.45390625 0.08125 0.10546875
1 0.2734375 0.8859375 0.08984375 0.12890625
1 0.42890625 0.95859375 0.109375 0.08203125
1 0.34140625 0.92578125 0.10078125 0.0953125
1 0.66328125 0.91796875 0.08828125 0.109375
1 0.73359375 0.959375 0.1203125 0.08125
1 0.58203125 0.95546875 0.10234375 0.08828125
1 0.8046875 0.98359375 0.09375 0.0328125
1 0.33515625 0.9859375 0.09140625 0.02734375
1 0.1171875 0.571875 0.07578125 0.1265625
1 0.11328125 0.45546875 0.06328125 0.11796875
1 0.20859375 0.93046875 0.084375 0.084375