1 0.8953125 0.68828125 0.20078125 0.22421875
1 0.8765625 0.0328125 0.19609375 0.065625
1 0.6234375 0.3234375 0.1640625 0.18828125
1 0.5171875 0.5953125 0.1890625 0.20234375
1 0.9625 0.91484375 0.07421875 0.1703125
1 0.61796875 0.8671875 0.15234375 0.17421875
1 0.62421875 0.03203125 0.2109375 0.06328125
1 0.23984375 0.63125 0.1828125 0.20078125
1 0.10078125 0.1359375 0.20078125 0.2046875
1 0.34140625 0.50625 0.19765625 0.20859375
1 0.1296875 0.3515625 0.15703125 0.18671875
1 0.10625 0.51015625 0.15703125 0.17265625
1 0.48828125 0.921875 0.2015625 0.15625
1 0.24140625 0.40703125 0.128125 0.20859375
1 0.04140625 0.63203125 0.0828125 0.15703125
1 0.02734375 0.8046875 0.05390625 0.1609375
1 0.6625 0.96953125 0.146875 0.0609375
1 0.9796875 0.05703125 0.040625 0.1140625
1 0.03203125 0.41796875 0.0640625 0.184375
1 0.8921875 0.9765625 0.15625 0.046875