1 0.94765625 0.0359375 0.1046875 0.071875
1 0.94765625 0.18984375 0.1046875 0.22734375
1 0.95078125 0.440625 0.09765625 0.215625
1 0.94765625 0.67109375 0.1046875 0.25703125
1 0.9375 0.9015625 0.12421875 0.196875
1 0.80703125 0.95625 0.215625 0.0875
1 0.8140625 0.7703125 0.16953125 0.2234375
1 0.81875 0.540625 0.19765625 0.2078125
1 0.82421875 0.303125 0.16796875 0.20390625
1 0.82109375 0.08515625 0.1890625 0.1703125
1 0.646875 0.03046875 0.17421875 0.06015625
1 0.6359375 0.175 0.1875 0.22578125
1 0.63984375 0.41015625 0.1890625 0.21015625
1 0.6328125 0.6421875 0.1578125 0.20234375
1 0.62109375 0.88515625 0.19921875 0.2296875
1 0.6203125 0.9921875 0.1546875 0.015625
1 0.46484375 0.07734375 0.1640625 0.1546875
1 0.4765625 0.26875 0.17265625 0.20234375
1 0.471875 0.53671875 0.178125 0.24140625
1 0.46875 0.7765625 0.184375 0.221875
1 0.45625 0.946875 0.184375 0.10625
1 0.30703125 0.0203125 0.1859375 0.040625
1 0.30078125 0.1515625 0.209375 0.2375
1 0.2953125 0.38515625 0.2125 0.24140625
1 0.30234375 0.628125 0.19140625 0.21796875
1 0.284375 0.86953125 0.215625 0.2234375
1 0.1078125 0.9359375 0.159375 0.128125
1 0.109375 0.73515625 0.17265625 0.21953125
1 0.10625 0.515625 0.16640625 0.19296875
1 0.1015625 0.2765625 0.1625 0.20390625
1 0.1234375 0.075 0.14765625 0.15
1 0.01484375 0.16796875 0.0296875 0.2
1 0.0171875 0.39453125 0.034375 0.1921875
1 0.01328125 0.63125 0.0265625 0.18125
1 0.01328125 0.8578125 0.0265625 0.221875
1 0.021875 0.01875 0.04296875 0.03671875