1 0.609375 0.8421875 0.075 0.096875
1 0.6078125 0.9359375 0.071875 0.10078125
1 0.603125 0.99296875 0.08125 0.0125
1 0.471875 0.990625 0.0984375 0.01796875
1 0.34296875 0.9921875 0.0765625 0.015625
1 0.409375 0.97421875 0.0796875 0.0515625
1 0.4109375 0.90078125 0.071875 0.08828125
1 0.0671875 0.99453125 0.0890625 0.009375
1 0.1453125 0.9703125 0.0796875 0.05859375
1 0.071875 0.9484375 0.0765625 0.0859375
1 0.0171875 0.896875 0.0328125 0.0828125
1 0.08125 0.84375 0.0703125 0.08984375
1 0.14375 0.89921875 0.078125 0.09921875
1 0.209375 0.8515625 0.084375 0.10625
1 0.275 0.81640625 0.078125 0.096875
1 0.346875 0.8546875 0.0703125 0.0953125
1 0.4109375 0.79453125 0.0828125 0.08984375
1 0.4765625 0.75234375 0.0734375 0.08984375
1 0.028125 0.80546875 0.05625 0.10625
1 0.0375 0.7140625 0.0734375 0.10078125
1 0.034375 0.609375 0.06875 0.1171875
1 0.0828125 0.75234375 0.078125 0.09921875
1 0.0890625 0.6609375 0.08125 0.10625
1 0.1453125 0.71171875 0.0765625 0.10078125
1 0.1515625 0.8015625 0.08125 0.096875
1 0.2140625 0.7484375 0.078125 0.08046875
1 0.215625 0.6625 0.0796875 0.08984375
1 0.2875 0.715625 0.0703125 0.096875
1 0.346875 0.746875 0.0796875 0.0859375
1 0.346875 0.66953125 0.0734375 0.084375
1 0.415625 0.70859375 0.065625 0.084375
1 0.4765625 0.66640625 0.065625 0.084375
1 0.4171875 0.61640625 0.0859375 0.09140625
1 0.4828125 0.57265625 0.0703125 0.08984375
1 0.5578125 0.62734375 0.0609375 0.0859375
1 0.5515625 0.528125 0.071875 0.08828125
1 0.615625 0.57578125 0.05625 0.06640625
1 0.146875 0.60703125 0.0875 0.0859375
1 0.0828125 0.5671875 0.06875 0.07734375
1 0.153125 0.51953125 0.096875 0.10078125
1 0.2171875 0.56875 0.09375 0.103125
1 0.28125 0.61796875 0.0828125 0.0953125
1 0.3421875 0.5671875 0.0921875 0.09140625
1 0.4140625 0.52265625 0.0875 0.10078125
1 0.3421875 0.48046875 0.0765625 0.0828125
1 0.084375 0.49140625 0.075 0.08046875
1 0.025 0.42734375 0.0484375 0.14140625
1 0.084375 0.4 0.084375 0.11171875
1 0.1609375 0.440625 0.09375 0.08984375
1 0.1578125 0.34296875 0.0859375 0.10859375
1 0.228125 0.4015625 0.0859375 0.10625
1 0.2953125 0.43125 0.0703125 0.07890625
1 0.3640625 0.409375 0.0859375 0.09921875
1 0.415625 0.34140625 0.078125 0.08828125
1 0.490625 0.29921875 0.0734375 0.08828125
1 0.6203125 0.2203125 0.065625 0.07734375
1 0.2953125 0.35234375 0.084375 0.07890625
1 0.2265625 0.30625 0.084375 0.08984375
1 0.165625 0.2546875 0.0734375 0.07734375
1 0.296875 0.25703125 0.071875 0.0859375
1 0.35 0.30859375 0.0703125 0.08984375
1 0.3546875 0.21796875 0.0859375 0.0953125
1 0.2328125 0.20703125 0.0875 0.10078125
1 0.1625 0.16328125 0.0984375 0.10078125
1 0.234375 0.1140625 0.084375 0.08984375
1 0.18125 0.0859375 0.0703125 0.071875
1 0.1578125 0.053125 0.0671875 0.0859375
1 0.1640625 0.00703125 0.08125 0.0140625
1 0.484375 0.2015625 0.071875 0.08828125
1 0.55625 0.16328125 0.084375 0.0953125
1 0.615625 0.1140625 0.05 0.06953125
1 0.62265625 0.0375 0.0765625 0.075
1 0.41875 0.1578125 0.078125 0.08828125
1 0.2875 0.16484375 0.084375 0.103125
1 0.3625 0.11953125 0.0859375 0.096875
1 0.4171875 0.06953125 0.0890625 0.09375
1 0.359375 0.0375 0.1125 0.075
1 0.4828125 0.1171875 0.078125 0.0953125
1 0.4875 0.03671875 0.0953125 0.0734375
1 0.5609375 0.0515625 0.0625 0.071875
1 0.5578125 0.01484375 0.075 0.0296875
1 0.03125 0.2609375 0.0609375 0.10625
1 0.0328125 0.1578125 0.0640625 0.10078125
1 0.0375 0.06640625 0.0734375 0.09921875
1 0.040625 0.0109375 0.08125 0.021875
1 0.096875 0.040625 0.0890625 0.08046875
1 0.8171875 0.075 0.0640625 0.053125
1 0.9 0.02421875 0.0640625 0.04765625
1 0.95625 0.0109375 0.075 0.021875
1 0.95625 0.06796875 0.0484375 0.05859375
1 0.9953125 0.0328125 0.009375 0.065625
1 0.9890625 0.115625 0.0203125 0.071875
1 0.8109375 0.33359375 0.065625 0.075
1 0.8171875 0.24375 0.0453125 0.04609375
1 0.8890625 0.20703125 0.065625 0.096875
1 0.953125 0.159375 0.078125 0.09921875
1 0.88125 0.29140625 0.075 0.084375
1 0.959375 0.2546875 0.08125 0.096875
1 0.99375 0.20703125 0.0109375 0.09375
1 0.996875 0.3046875 0.00625 0.08828125
1 0.95 0.34140625 0.0796875 0.0828125
1 0.8796875 0.3890625 0.075 0.0828125
1 0.8046875 0.9671875 0.0578125 0.05859375
1 0.9921875 0.93046875 0.0140625 0.0625
1 0.8875 0.92265625 0.0609375 0.075
1 0.946875 0.8828125 0.071875 0.075
1 0.8828125 0.83125 0.0703125 0.08046875
1 0.9484375 0.79296875 0.06875 0.075
1 0.8171875 0.790625 0.0671875 0.08046875
1 0.8078125 0.696875 0.0640625 0.071875
1 0.80625 0.6109375 0.06875 0.08984375
1 0.815625 0.515625 0.0796875 0.08828125
1 0.8890625 0.4625 0.0640625 0.071875
1 0.9546875 0.43515625 0.0734375 0.0859375
1 0.884375 0.7390625 0.0734375 0.0859375
1 0.95 0.70625 0.078125 0.09375
1 0.8828125 0.64609375 0.0765625 0.09140625
1 0.95625 0.6125 0.08125 0.0828125
1 0.8828125 0.55625 0.071875 0.08828125
1 0.9484375 0.52109375 0.0703125 0.09140625
1 0.99375 0.83828125 0.0109375 0.06640625
1 0.99375 0.75078125 0.0109375 0.06640625
1 0.9890625 0.38515625 0.0203125 0.0953125
1 0.9890625 0.4734375 0.0203125 0.0859375
1 0.9890625 0.5671875 0.0203125 0.10078125
1 0.9921875 0.6609375 0.0140625 0.10078125