1 0.94375 0.9328125 0.11171875 0.13359375
1 0.85546875 0.96484375 0.134375 0.0703125
1 0.87265625 0.8828125 0.13125 0.1546875
1 0.86328125 0.7328125 0.13984375 0.14609375
1 0.93515625 0.5515625 0.11015625 0.1421875
1 0.6765625 0.49375 0.12265625 0.15
1 0.6890625 0.753125 0.115625 0.15625
1 0.77421875 0.92578125 0.115625 0.1484375
1 0.67578125 0.96171875 0.13125 0.07578125
1 0.69921875 0.87265625 0.1453125 0.1375
1 0.57265625 0.92421875 0.1390625 0.1515625
1 0.496875 0.87421875 0.11328125 0.1484375
1 0.49140625 0.734375 0.1453125 0.1546875
1 0.4125 0.909375 0.1328125 0.16875
1 0.296875 0.86640625 0.12578125 0.14375
1 0.38671875 0.82734375 0.09765625 0.12109375
1 0.31328125 0.75703125 0.103125 0.1375
1 0.3109375 0.62734375 0.12578125 0.12578125
1 0.21875 0.5703125 0.0875 0.11328125
1 0.21484375 0.69765625 0.10859375 0.1375
1 0.21171875 0.82109375 0.103125 0.109375
1 0.12421875 0.8953125 0.1046875 0.12578125
1 0.11328125 0.75703125 0.11171875 0.14375
1 0.04296875 0.578125 0.0859375 0.12734375
1 0.40703125 0.4609375 0.11171875 0.11484375
1 0.94609375 0.32109375 0.1078125 0.1109375
1 0.6734375 0.26328125 0.1171875 0.12734375
1 0.9453125 0.19765625 0.109375 0.1359375
1 0.8515625 0.1359375 0.115625 0.12578125
1 0.86875 0.034375 0.10625 0.06875
1 0.76953125 0.07421875 0.11875 0.14375
1 0.6734375 0.13984375 0.09609375 0.1234375
1 0.675 0.0421875 0.12578125 0.084375
1 0.57890625 0.07421875 0.10859375 0.14609375
1 0.39296875 0.325 0.11875 0.13984375
1 0.48984375 0.259375 0.1 0.10703125
1 0.4875 0.1375 0.09765625 0.12734375
1 0.30234375 0.1359375 0.1046875 0.13359375
1 0.2921875 0.265625 0.103125 0.12734375
1 0.12578125 0.2796875 0.115625 0.1484375
1 0.12265625 0.0421875 0.11171875 0.084375
1 0.040625 0.2078125 0.08125 0.1625