1 0.01484375 0.040625 0.0296875 0.08125
1 0.0171875 0.1421875 0.03359375 0.153125
1 0.15 0.040625 0.11875 0.08125
1 0.4015625 0.01328125 0.10546875 0.02578125
1 0.41015625 0.06953125 0.11171875 0.11328125
1 0.15390625 0.1515625 0.12890625 0.13125
1 0.25078125 0.17109375 0.11875 0.1515625
1 0.32578125 0.13359375 0.084375 0.12578125
1 0.0109375 0.35078125 0.021875 0.115625
1 0.059375 0.303125 0.11875 0.12734375
1 0.01640625 0.478125 0.03203125 0.13125
1 0.15390625 0.26484375 0.103125 0.1171875
1 0.24375 0.29296875 0.11015625 0.13125
1 0.33046875 0.246875 0.0796875 0.09375
1 0.42890625 0.296875 0.1234375 0.1171875
1 0.340625 0.35078125 0.1 0.12734375
1 0.4234375 0.41640625 0.11875 0.13125
1 0.5828125 0.3109375 0.08671875 0.0953125
1 0.67265625 0.25703125 0.11171875 0.1234375
1 0.77109375 0.2984375 0.11015625 0.109375
1 0.67109375 0.1453125 0.1375 0.1375
1 0.77265625 0.1875 0.12578125 0.14375
1 0.675 0.040625 0.1375 0.08125
1 0.78203125 0.05859375 0.1203125 0.1171875
1 0.85546875 0.03671875 0.103125 0.0734375
1 0.95234375 0.2765625 0.09453125 0.11953125
1 0.95078125 0.3921875 0.0984375 0.11953125
1 0.86796875 0.4640625 0.10859375 0.109375
1 0.95 0.5171875 0.1 0.14921875
1 0.87265625 0.5859375 0.10546875 0.13515625
1 0.8828125 0.71875 0.12578125 0.1390625
1 0.94140625 0.90859375 0.1171875 0.14375
1 0.94921875 0.98125 0.1015625 0.0375
1 0.69375 0.965625 0.090625 0.06875
1 0.6 0.53203125 0.09453125 0.1171875
1 0.69140625 0.5859375 0.11875 0.14140625
1 0.69453125 0.73125 0.12890625 0.13359375
1 0.796875 0.77890625 0.115625 0.16171875
1 0.69140625 0.85859375 0.1203125 0.13515625
1 0.42890625 0.54375 0.11015625 0.121875
1 0.50703125 0.57734375 0.08828125 0.13125
1 0.1625 0.48828125 0.0984375 0.12734375
1 0.25078125 0.54765625 0.11328125 0.14375
1 0.06796875 0.52578125 0.103125 0.109375
1 0.06640625 0.64921875 0.13203125 0.1515625
1 0.0203125 0.75078125 0.040625 0.14765625
1 0.0140625 0.88515625 0.028125 0.1296875
1 0.33203125 0.72734375 0.11875 0.14375
1 0.43359375 0.8046875 0.11875 0.1296875
1 0.53359375 0.85625 0.115625 0.15546875
1 0.2625 0.92265625 0.11875 0.14765625
1 0.3375 0.9765625 0.103125 0.046875
1 0.4265625 0.92734375 0.1234375 0.1453125
1 0.53203125 0.96328125 0.09140625 0.0734375
1 0.07578125 0.98515625 0.13046875 0.0296875