1 0.78359375 0.65546875 0.134375 0.19140625
1 0.97109375 0.94375 0.0578125 0.1125
1 0.784375 0.9421875 0.11171875 0.11484375
1 0.65625 0.88515625 0.134375 0.18125
1 0.53359375 0.9546875 0.12890625 0.090625
1 0.63046875 0.71953125 0.12578125 0.1328125
1 0.64609375 0.5625 0.12890625 0.2015625
1 0.7765625 0.459375 0.1375 0.18984375
1 0.89140625 0.3828125 0.16484375 0.20546875
1 0.76796875 0.14140625 0.14765625 0.19765625
1 0.88125 0.21171875 0.13203125 0.1453125
1 0.959375 0.153125 0.08046875 0.165625
1 0.9546875 0.03125 0.090625 0.0625
1 0.5375 0.4796875 0.1578125 0.19375
1 0.40546875 0.5546875 0.14921875 0.21171875
1 0.290625 0.653125 0.1171875 0.1734375
1 0.2765625 0.48203125 0.14296875 0.18984375
1 0.290625 0.17109375 0.1515625 0.1796875
1 0.28203125 0.03984375 0.1546875 0.0796875
1 0.16171875 0.5890625 0.14453125 0.16953125
1 0.16328125 0.4109375 0.13203125 0.165625
1 0.0703125 0.84609375 0.140625 0.1953125
1 0.06875 0.6484375 0.1375 0.18359375
1 0.0515625 0.4796875 0.1 0.15703125
1 0.059375 0.03984375 0.11875 0.0796875
1 0.1890625 0.9859375 0.16171875 0.028125
1 0.88828125 0.98203125 0.1234375 0.0359375
1 0.66640625 0.990625 0.1546875 0.01796875