1 0.1671875 0.36796875 0.13203125 0.18984375
1 0.165625 0.0703125 0.1125 0.140625
1 0.2921875 0.140625 0.13203125 0.1796875
1 0.41484375 0.0578125 0.12890625 0.115625
1 0.31875 0.30546875 0.125 0.13203125
1 0.303125 0.4609375 0.1265625 0.20078125
1 0.17421875 0.56171875 0.1375 0.18984375
1 0.0703125 0.64140625 0.140625 0.2046875
1 0.18125 0.88046875 0.14765625 0.19609375
1 0.0703125 0.81015625 0.13203125 0.14453125
1 0.015625 0.86875 0.03125 0.165625
1 0.41171875 0.54375 0.15703125 0.1921875
1 0.54375 0.46875 0.15 0.2109375
1 0.65859375 0.371875 0.11640625 0.171875
1 0.67109375 0.54140625 0.14296875 0.18828125
1 0.65859375 0.84921875 0.15 0.17734375
1 0.6671875 0.97109375 0.1546875 0.0578125
1 0.78515625 0.4359375 0.14453125 0.1671875
1 0.78359375 0.61171875 0.13203125 0.165625
1 0.89453125 0.1796875 0.17265625 0.19453125
1 0.89609375 0.37578125 0.17421875 0.18359375
1 0.975 0.1125 0.04921875 0.1671875
1 0.98046875 0.3046875 0.0390625 0.18359375
1 0.97890625 0.59921875 0.0421875 0.2234375
1 0.89609375 0.54140625 0.0984375 0.1546875
1 0.88671875 0.97109375 0.11796875 0.0578125
1 0.75703125 0.02734375 0.1609375 0.0546875
1 0.06171875 0.03125 0.1234375 0.06171875
1 0.2828125 0.02265625 0.153125 0.0453125