1 0.41015625 0.978125 0.1140625 0.04375
1 0.17734375 0.96875 0.12265625 0.0625
1 0.0578125 0.92265625 0.115625 0.1546875
1 0.0578125 0.75546875 0.115625 0.1890625
1 0.17734375 0.66328125 0.128125 0.20078125
1 0.28984375 0.93125 0.1390625 0.1375
1 0.41484375 0.86171875 0.128125 0.19140625
1 0.29375 0.78125 0.1265625 0.19609375
1 0.30234375 0.59921875 0.12421875 0.19375
1 0.4046875 0.6890625 0.11953125 0.1890625
1 0.06640625 0.5828125 0.1328125 0.20703125
1 0.184375 0.49765625 0.13671875 0.19140625
1 0.5265625 0.92421875 0.1375 0.1515625
1 0.6421875 0.97734375 0.121875 0.0453125
1 0.75703125 0.9421875 0.12109375 0.11484375
1 0.87890625 0.97890625 0.14296875 0.04140625
1 0.959375 0.94453125 0.08125 0.1109375
1 0.95625 0.8015625 0.08671875 0.203125
1 0.86328125 0.878125 0.13984375 0.19375
1 0.52734375 0.790625 0.13125 0.1890625
1 0.6453125 0.8828125 0.11796875 0.1703125
1 0.7625 0.8015625 0.128125 0.19609375
1 0.63828125 0.703125 0.12421875 0.22578125
1 0.5203125 0.59921875 0.13125 0.19140625
1 0.7625 0.6015625 0.1328125 0.18671875
1 0.8671875 0.709375 0.11796875 0.16328125
1 0.95703125 0.62109375 0.08515625 0.19140625
1 0.8703125 0.5296875 0.13125 0.2046875
1 0.4109375 0.51875 0.1296875 0.175
1 0.06640625 0.40703125 0.1328125 0.17265625
1 0.30390625 0.42421875 0.1328125 0.16796875
1 0.52734375 0.43125 0.14140625 0.1609375
1 0.6453125 0.50234375 0.1328125 0.1703125
1 0.74921875 0.43125 0.13984375 0.203125
1 0.8734375 0.359375 0.12421875 0.16796875
1 0.965625 0.44609375 0.06796875 0.17265625
1 0.41953125 0.3390625 0.165625 0.18203125
1 0.17265625 0.3390625 0.1328125 0.19609375
1 0.0671875 0.23046875 0.134375 0.1984375
1 0.0703125 0.07421875 0.140625 0.1484375
1 0.19375 0.03828125 0.12109375 0.07578125
1 0.19140625 0.15234375 0.13671875 0.16796875
1 0.29609375 0.08203125 0.1484375 0.16328125
1 0.296875 0.24921875 0.13515625 0.16328125
1 0.42734375 0.040625 0.13828125 0.08046875
1 0.421875 0.1609375 0.12421875 0.18203125
1 0.5328125 0.0890625 0.11640625 0.17734375
1 0.52890625 0.253125 0.1078125 0.18671875
1 0.64765625 0.0265625 0.128125 0.053125
1 0.6484375 0.14765625 0.11953125 0.20078125
1 0.7625 0.09140625 0.1375 0.1828125
1 0.6453125 0.33671875 0.1109375 0.17734375
1 0.76484375 0.25546875 0.1328125 0.1796875
1 0.87890625 0.1703125 0.11953125 0.20078125
1 0.96875 0.0875 0.0625 0.175
1 0.965625 0.2765625 0.06796875 0.1984375