1 0.321875 0.990625 0.0921875 0.01875
1 0.1703125 0.9921875 0.0875 0.015625
1 0.03984375 0.953125 0.075 0.0921875
1 0.25 0.88125 0.10625 0.0859375
1 0.2546875 0.96640625 0.11953125 0.0671875
1 0.1109375 0.88984375 0.08671875 0.0921875
1 0.11796875 0.78359375 0.10625 0.10234375
1 0.24296875 0.78125 0.0796875 0.10234375
1 0.0421875 0.746875 0.084375 0.103125
1 0.0421875 0.55625 0.084375 0.11875
1 0.11484375 0.3125 0.11484375 0.12265625
1 0.03125 0.35390625 0.0625 0.0921875
1 0.04375 0.45390625 0.08671875 0.0875
1 0.16875 0.53671875 0.0921875 0.09375
1 0.184375 0.640625 0.10625 0.10390625
1 0.3125 0.634375 0.09375 0.1265625
1 0.39765625 0.6859375 0.075 0.08359375
1 0.3890625 0.7921875 0.109375 0.1140625
1 0.3125 0.746875 0.07109375 0.0734375
1 0.30546875 0.3265625 0.109375 0.1078125
1 0.28671875 0.42265625 0.1125 0.0859375
1 0.39921875 0.50390625 0.09375 0.10234375
1 0.1703125 0.165625 0.1078125 0.1140625
1 0.503125 0.1140625 0.08515625 0.1
1 0.38359375 0.20234375 0.0953125 0.0921875
1 0.5125 0.28984375 0.08671875 0.1125
1 0.45 0.34453125 0.096875 0.1203125
1 0.3015625 0.01953125 0.10234375 0.0390625
1 0.565625 0.0234375 0.10390625 0.046875
1 0.64375 0.4 0.10390625 0.1140625
1 0.70859375 0.50390625 0.09921875 0.0875
1 0.778125 0.56328125 0.0765625 0.10625
1 0.8421875 0.49765625 0.0921875 0.10390625
1 0.91484375 0.34453125 0.09375 0.1
1 0.921875 0.1734375 0.08671875 0.08359375
1 0.76875 0.0859375 0.0953125 0.11640625
1 0.771875 0.015625 0.0921875 0.03046875
1 0.853125 0.0421875 0.0921875 0.08359375
1 0.915625 0.01328125 0.078125 0.0265625
1 0.9703125 0.053125 0.059375 0.10625
1 0.91640625 0.08984375 0.07109375 0.09765625
1 0.8421875 0.2 0.0765625 0.08984375
1 0.8453125 0.12265625 0.065625 0.0796875
1 0.778125 0.25546875 0.0921875 0.10390625
1 0.78671875 0.365625 0.0796875 0.09375
1 0.7046875 0.3 0.0796875 0.10625
1 0.71015625 0.60234375 0.09375 0.09609375
1 0.66484375 0.68125 0.0953125 0.09375
1 0.52578125 0.5875 0.0953125 0.12265625
1 0.5765625 0.43046875 0.07109375 0.10390625
1 0.51015625 0.47578125 0.07265625 0.08984375
1 0.59921875 0.546875 0.0609375 0.08359375
1 0.70625 0.7859375 0.08515625 0.1078125
1 0.78125 0.74453125 0.078125 0.11875
1 0.959375 0.684375 0.08125 0.1328125
1 0.91875 0.83046875 0.0796875 0.10234375
1 0.78984375 0.95703125 0.065625 0.08125
1 0.6546875 0.96640625 0.09375 0.0671875
1 0.9203125 0.94296875 0.08515625 0.1125
1 0.8515625 0.97421875 0.0609375 0.05078125
1 0.52421875 0.76953125 0.08671875 0.12890625
1 0.39296875 0.95703125 0.08828125 0.0859375
1 0.4546875 0.93046875 0.090625 0.1203125
1 0.5953125 0.92421875 0.08359375 0.09375
1 0.52890625 0.9671875 0.07109375 0.065625
1 0.52265625 0.8796875 0.0796875 0.09375
1 0.58515625 0.8265625 0.08125 0.08359375
1 0.71171875 0.90234375 0.0953125 0.09765625
1 0.78828125 0.85546875 0.0953125 0.09375
1 0.84921875 0.7875 0.08828125 0.11640625
1 0.97109375 0.7890625 0.05703125 0.0875
1 0.97578125 0.90703125 0.0484375 0.10390625
1 0.975 0.9765625 0.05 0.046875
1 0.91875 0.45078125 0.09375 0.08984375
1 0.925 0.55546875 0.08828125 0.09609375
1 0.97734375 0.49609375 0.0453125 0.11015625
1 0.978125 0.390625 0.04375 0.1125
1 0.5765625 0.16328125 0.08515625 0.0734375
1 0.41875 0.0796875 0.08515625 0.0859375
1 0.3 0.146875 0.0921875 0.10625
1 0.1703125 0.0734375 0.075 0.08125
1 0.03828125 0.17734375 0.0765625 0.08984375
1 0.0328125 0.0859375 0.065625 0.09765625
1 0.38359375 0.40390625 0.0765625 0.11640625
1 0.64375 0.57578125 0.078125 0.09765625
1 0.3125 0.4921875 0.0765625 0.0875