1 0.178125 0.3265625 0.178125 0.2
1 0.1953125 0.9421875 0.175 0.115625
1 0.0140625 0.82734375 0.0265625 0.20390625
1 0.421875 0.653125 0.146875 0.16875
1 0.515625 0.4109375 0.16875 0.1796875
1 0.0265625 0.36171875 0.053125 0.2296875
1 0.075 0.10078125 0.15 0.2015625
1 0.4265625 0.16875 0.1359375 0.15390625
1 0.41953125 0.9421875 0.1890625 0.115625
1 0.7625 0.3796875 0.1625 0.178125
1 0.8890625 0.821875 0.184375 0.18359375
1 0.07734375 0.98984375 0.1546875 0.0203125
1 0.6734375 0.48984375 0.175 0.1875
1 0.8609375 0.62734375 0.140625 0.16484375
1 0.88125 0.4859375 0.140625 0.15390625
1 0.55859375 0.9734375 0.1484375 0.053125
1 0.540625 0.0953125 0.178125 0.190625
1 0.7609375 0.578125 0.1140625 0.18515625
1 0.9515625 0.378125 0.096875 0.1390625
1 0.9640625 0.22421875 0.0703125 0.1453125
1 0.3859375 0.053125 0.13125 0.1046875
1 0.0671875 0.91015625 0.109375 0.1359375
1 0.96875 0.98671875 0.0625 0.0265625
1 0.959375 0.56875 0.0796875 0.16484375
1 0.1796875 0.04609375 0.140625 0.09140625