1 0.5875 0.0109375 0.12734375 0.021875
1 0.84609375 0.02109375 0.13671875 0.04140625
1 0.95546875 0.0734375 0.0890625 0.146875
1 0.95546875 0.24375 0.0890625 0.20859375
1 0.84375 0.3453125 0.1421875 0.2203125
1 0.7203125 0.06484375 0.15234375 0.1296875
1 0.58203125 0.12734375 0.1421875 0.2109375
1 0.71640625 0.215625 0.13984375 0.215625
1 0.70703125 0.41640625 0.13828125 0.21328125
1 0.59296875 0.31640625 0.1328125 0.20859375
1 0.94609375 0.43515625 0.10703125 0.228125
1 0.83828125 0.5296875 0.15234375 0.2109375
1 0.46015625 0.0703125 0.1515625 0.140625
1 0.33046875 0.0140625 0.1359375 0.028125
1 0.2046875 0.05078125 0.134375 0.1015625
1 0.075 0.0109375 0.15 0.021875
1 0.08515625 0.11015625 0.1546875 0.215625
1 0.4578125 0.20625 0.1453125 0.20859375
1 0.32734375 0.103125 0.13125 0.1890625
1 0.1984375 0.19375 0.1421875 0.215625
1 0.334375 0.3015625 0.13828125 0.25
1 0.465625 0.41640625 0.1453125 0.2109375
1 0.1984375 0.4140625 0.14765625 0.20625
1 0.08359375 0.29375 0.13125 0.18125
1 0.015625 0.39453125 0.03125 0.2109375
1 0.0796875 0.49296875 0.1453125 0.22578125
1 0.5875 0.5046875 0.14375 0.19375
1 0.94609375 0.6296875 0.10703125 0.19140625
1 0.70390625 0.61015625 0.14765625 0.1859375
1 0.45625 0.60078125 0.15625 0.17890625
1 0.32734375 0.52421875 0.14765625 0.1890625
1 0.2125 0.60078125 0.1546875 0.22265625
1 0.07421875 0.68125 0.13671875 0.1859375
1 0.5765625 0.70078125 0.18203125 0.20078125
1 0.85078125 0.703125 0.14765625 0.215625
1 0.94609375 0.825 0.10703125 0.21796875
1 0.9421875 0.95703125 0.115625 0.0859375
1 0.8296875 0.909375 0.15078125 0.18125
1 0.71328125 0.94765625 0.1640625 0.1046875
1 0.7125 0.8015625 0.14921875 0.17890625
1 0.57421875 0.89921875 0.13828125 0.20078125
1 0.45234375 0.93984375 0.12734375 0.1203125
1 0.45625 0.796875 0.1203125 0.20625
1 0.32421875 0.90234375 0.1328125 0.1953125
1 0.19609375 0.9375 0.15234375 0.125
1 0.32734375 0.70625 0.121875 0.19609375
1 0.19609375 0.79375 0.14765625 0.1984375
1 0.06875 0.88984375 0.1328125 0.2203125