1 0.1296875 0.31328125 0.1890625 0.21171875
1 0.14765625 0.95234375 0.1859375 0.0953125
1 0.3890625 0.659375 0.15625 0.17890625
1 0.48828125 0.40234375 0.1796875 0.190625
1 0.05 0.090625 0.1 0.18125
1 0.39375 0.14609375 0.14453125 0.16328125
1 0.3859375 0.95234375 0.20078125 0.0953125
1 0.75078125 0.36953125 0.17265625 0.1890625
1 0.88515625 0.83828125 0.19609375 0.19453125
1 0.65625 0.48671875 0.1859375 0.1984375
1 0.85546875 0.63203125 0.14921875 0.175
1 0.87734375 0.4828125 0.14921875 0.16328125
1 0.534375 0.98515625 0.1578125 0.02890625
1 0.51484375 0.084375 0.1890625 0.16875
1 0.74921875 0.5796875 0.12109375 0.196875
1 0.95 0.36796875 0.1 0.14765625
1 0.96328125 0.203125 0.0734375 0.15390625
1 0.35078125 0.0390625 0.13984375 0.078125
1 0.03515625 0.9296875 0.06953125 0.13984375
1 0.95859375 0.5703125 0.0828125 0.175
1 0.13125 0.03203125 0.14921875 0.0640625