1 0.0984375 0.2109375 0.05625 0.06953125
1 0.05625 0.303125 0.0578125 0.065625
1 0.01640625 0.25625 0.03203125 0.05390625
1 0.0203125 0.19453125 0.040625 0.065625
1 0.0984375 0.14375 0.05234375 0.065625
1 0.059375 0.1015625 0.059375 0.071875
1 0.01640625 0.32890625 0.03203125 0.071875
1 0.0171875 0.39140625 0.03359375 0.06171875
1 0.14921875 0.296875 0.04765625 0.05390625
1 0.99140625 0.06953125 0.0171875 0.0640625
1 0.99140625 0.13515625 0.0171875 0.059375
1 0.9921875 0.1953125 0.015625 0.0640625
1 0.98671875 0.321875 0.0265625 0.065625
1 0.9890625 0.38671875 0.021875 0.0640625
1 0.9875 0.459375 0.025 0.06875
1 0.98671875 0.528125 0.0265625 0.059375
1 0.98828125 0.5875 0.0234375 0.059375
1 0.9875 0.6515625 0.025 0.053125
1 0.98828125 0.71640625 0.0234375 0.06953125
1 0.9875 0.77578125 0.025 0.0578125
1 0.9859375 0.83359375 0.028125 0.0484375
1 0.9875 0.8953125 0.025 0.059375
1 0.9859375 0.96015625 0.028125 0.0703125
1 0.94375 0.9828125 0.05390625 0.03359375
1 0.896875 0.971875 0.04921875 0.05546875
1 0.94375 0.928125 0.05234375 0.05
1 0.9 0.89453125 0.04375 0.059375
1 0.94765625 0.86640625 0.05078125 0.0640625
1 0.94921875 0.79453125 0.059375 0.06171875
1 0.903125 0.83046875 0.04765625 0.0578125
1 0.95390625 0.73515625 0.04609375 0.0578125
1 0.90703125 0.77265625 0.05078125 0.05390625
1 0.90703125 0.71328125 0.05234375 0.0578125
1 0.95625 0.6734375 0.05078125 0.059375
1 0.95625 0.60546875 0.04921875 0.059375
1 0.94921875 0.5421875 0.05234375 0.0640625
1 0.95390625 0.48203125 0.05625 0.05546875
1 0.959375 0.4140625 0.04375 0.05546875
1 0.9578125 0.290625 0.05078125 0.071875
1 0.915625 0.25703125 0.05078125 0.059375
1 0.9578125 0.225 0.05078125 0.0578125
1 0.95390625 0.159375 0.05234375 0.0578125
1 0.9578125 0.0953125 0.05625 0.059375
1 0.959375 0.03203125 0.05625 0.059375
1 0.91640625 0.01953125 0.0515625 0.0390625
1 0.9171875 0.06796875 0.04765625 0.0578125
1 0.91171875 0.12734375 0.04765625 0.05390625
1 0.91171875 0.19140625 0.04921875 0.05390625
1 0.91171875 0.32109375 0.059375 0.06953125
1 0.91328125 0.38671875 0.05390625 0.0640625
1 0.90859375 0.45 0.05390625 0.0640625
1 0.90703125 0.5140625 0.05234375 0.065625
1 0.90546875 0.58203125 0.05078125 0.059375
1 0.90546875 0.6453125 0.059375 0.06171875
1 0.85234375 0.98359375 0.0515625 0.0328125
1 0.85234375 0.9359375 0.05390625 0.05546875
1 0.85234375 0.87265625 0.0578125 0.05546875
1 0.85390625 0.81484375 0.040625 0.05
1 0.85234375 0.746875 0.04921875 0.0578125
1 0.85625 0.67890625 0.05390625 0.059375
1 0.8578125 0.61171875 0.04375 0.0515625
1 0.8625 0.55 0.05234375 0.05546875
1 0.8578125 0.478125 0.05390625 0.07578125
1 0.859375 0.4125 0.05390625 0.05
1 0.8640625 0.35078125 0.059375 0.059375
1 0.8625 0.2890625 0.05234375 0.06171875
1 0.8640625 0.2171875 0.05078125 0.06171875
1 0.8609375 0.15703125 0.04765625 0.0515625
1 0.86640625 0.09765625 0.04609375 0.05546875
1 0.86640625 0.03203125 0.04921875 0.0578125
1 0.81953125 0.01328125 0.05625 0.02578125
1 0.81875 0.059375 0.0578125 0.059375
1 0.8171875 0.11953125 0.05625 0.059375
1 0.81875 0.18359375 0.05234375 0.06171875
1 0.81328125 0.24921875 0.0578125 0.059375
1 0.81015625 0.3125 0.05625 0.06796875
1 0.81171875 0.3765625 0.05078125 0.05546875
1 0.81171875 0.44453125 0.04921875 0.065625
1 0.81328125 0.51015625 0.059375 0.065625
1 0.81328125 0.57734375 0.05234375 0.065625
1 0.81328125 0.64375 0.0578125 0.06796875
1 0.81171875 0.7109375 0.04609375 0.059375
1 0.80859375 0.77265625 0.05390625 0.06796875
1 0.80859375 0.83046875 0.05390625 0.065625
1 0.80859375 0.90234375 0.05390625 0.06796875
1 0.80390625 0.965625 0.0484375 0.06875
1 0.77265625 0.02421875 0.04375 0.04765625
1 0.77265625 0.09140625 0.040625 0.059375
1 0.76953125 0.15703125 0.04765625 0.07578125
1 0.76640625 0.28125 0.04921875 0.065625
1 0.76640625 0.34296875 0.04765625 0.059375
1 0.7203125 0.31484375 0.05390625 0.06171875
1 0.721875 0.246875 0.0578125 0.065625
1 0.7203125 0.378125 0.04765625 0.0640625
1 0.76953125 0.4125 0.04765625 0.0578125
1 0.76640625 0.47421875 0.04921875 0.06171875
1 0.7625 0.53984375 0.05390625 0.06171875
1 0.7625 0.609375 0.05234375 0.05546875
1 0.76640625 0.67109375 0.04375 0.05390625
1 0.01484375 0.12421875 0.0296875 0.0578125
1 0.01796875 0.06484375 0.0359375 0.065625
1 0.02109375 0.0140625 0.0421875 0.028125
1 0.05625 0.03359375 0.0578125 0.06171875
1 0.103125 0.059375 0.0421875 0.0578125
1 0.72109375 0.01015625 0.05625 0.01953125
1 0.72734375 0.059375 0.05625 0.06171875
1 0.7234375 0.11953125 0.04921875 0.059375
1 0.721875 0.17734375 0.05234375 0.06171875
1 0.67421875 0.09140625 0.04765625 0.059375
1 0.67265625 0.14921875 0.04765625 0.06171875
1 0.34375 0.0046875 0.05 0.009375
1 0.28984375 0.01796875 0.04765625 0.0359375
1 0.24453125 0.0046875 0.0421875 0.009375
1 0.19921875 0.02109375 0.05625 0.0421875
1 0.14765625 0.03203125 0.05234375 0.0640625
1 0.14765625 0.09765625 0.05078125 0.071875
1 0.1984375 0.07734375 0.05390625 0.071875
1 0.2 0.14765625 0.04765625 0.071875
1 0.14921875 0.16953125 0.04609375 0.0578125
1 0.18984375 0.21328125 0.04609375 0.05546875
1 0.24765625 0.04765625 0.04921875 0.05390625
1 0.4390625 0.01015625 0.04765625 0.01953125
1 0.396875 0.02109375 0.05390625 0.0421875
1 0.340625 0.04765625 0.05390625 0.0578125
1 0.63125 0.01015625 0.05234375 0.01953125
1 0.63359375 0.05546875 0.0609375 0.06796875
1 0.62734375 0.11953125 0.0609375 0.06796875
1 0.62890625 0.17890625 0.04609375 0.05
1 0.67109375 0.2171875 0.05234375 0.065625
1 0.5796875 0.02578125 0.05078125 0.0515625
1 0.53359375 0.01015625 0.04765625 0.01953125
1 0.48671875 0.0296875 0.05234375 0.0578125
1 0.4390625 0.0515625 0.04609375 0.05390625
1 0.396875 0.0859375 0.05078125 0.06796875
1 0.3421875 0.109375 0.0578125 0.059375
1 0.29140625 0.07578125 0.04921875 0.0640625
1 0.24765625 0.11171875 0.05078125 0.0640625
1 0.53359375 0.06171875 0.04921875 0.059375
1 0.57421875 0.0875 0.05234375 0.05546875
1 0.484375 0.08984375 0.04765625 0.04765625
1 0.440625 0.109375 0.04609375 0.05
1 0.384375 0.14375 0.04609375 0.05546875
1 0.3390625 0.16953125 0.04375 0.0578125
1 0.29140625 0.20703125 0.05078125 0.059375
1 0.28984375 0.13359375 0.0421875 0.0515625
1 0.24765625 0.1734375 0.04765625 0.05546875
1 0.196875 0.26328125 0.0421875 0.05
1 0.5359375 0.1234375 0.040625 0.03984375
1 0.578125 0.14375 0.0421875 0.0578125
1 0.67109375 0.28125 0.059375 0.0515625
1 0.63046875 0.31640625 0.05078125 0.04609375
1 0.62890625 0.24296875 0.05390625 0.065625
1 0.578125 0.21328125 0.05390625 0.06171875
1 0.53359375 0.18125 0.059375 0.065625
1 0.48671875 0.153125 0.04609375 0.05390625
1 0.440625 0.17109375 0.04921875 0.06171875
1 0.38828125 0.2015625 0.05234375 0.0515625
1 0.3390625 0.23515625 0.04921875 0.059375
1 0.5359375 0.25078125 0.04609375 0.0515625
1 0.5796875 0.2765625 0.04375 0.05
1 0.5359375 0.3109375 0.05078125 0.05546875
1 0.5765625 0.34453125 0.040625 0.04765625
1 0.48671875 0.28125 0.04375 0.06171875
1 0.4375 0.2390625 0.04375 0.04765625
1 0.38828125 0.27109375 0.04609375 0.05546875
1 0.4359375 0.30859375 0.05078125 0.04609375
1 0.29296875 0.2671875 0.04765625 0.0578125
1 0.24765625 0.296875 0.04765625 0.0515625
1 0.2 0.3265625 0.04375 0.059375
1 0.15078125 0.3609375 0.05078125 0.05390625
1 0.05390625 0.41796875 0.04765625 0.05
1 0.0984375 0.45 0.0421875 0.04765625
1 0.05625 0.47578125 0.05078125 0.06953125
1 0.14609375 0.4265625 0.04609375 0.0515625
1 0.3375 0.30859375 0.05234375 0.0515625
1 0.29296875 0.33828125 0.04765625 0.05390625
1 0.24609375 0.36484375 0.05078125 0.05390625
1 0.196875 0.3984375 0.05078125 0.06171875
1 0.01484375 0.46015625 0.0296875 0.0546875
1 0.01640625 0.51796875 0.03203125 0.0640625
1 0.14921875 0.4921875 0.059375 0.05390625
1 0.0984375 0.515625 0.05078125 0.0640625
1 0.09140625 0.5796875 0.0359375 0.04765625
1 0.14375 0.5578125 0.04921875 0.05
1 0.04765625 0.61328125 0.04609375 0.06953125
1 0.01875 0.57734375 0.0375 0.059375
1 0.0140625 0.640625 0.028125 0.06875
1 0.01015625 0.97265625 0.0203125 0.0546875
1 0.0109375 0.90859375 0.021875 0.05546875
1 0.0109375 0.83828125 0.021875 0.0640625
1 0.0109375 0.771875 0.021875 0.05390625
1 0.01484375 0.70625 0.0296875 0.059375
1 0.62890625 0.378125 0.04375 0.05
1 0.66796875 0.40859375 0.0578125 0.0515625
1 0.71875 0.44453125 0.05625 0.0640625
1 0.578125 0.40859375 0.04921875 0.0578125
1 0.52890625 0.378125 0.05390625 0.0515625
1 0.4796875 0.34296875 0.06796875 0.059375
1 0.43203125 0.36640625 0.04609375 0.059375
1 0.38671875 0.33828125 0.0421875 0.05
1 0.3828125 0.4046875 0.04765625 0.0640625
1 0.3421875 0.3703125 0.04765625 0.05390625
1 0.28671875 0.4046875 0.05234375 0.059375
1 0.24375 0.4265625 0.0375 0.05546875
1 0.196875 0.46640625 0.05234375 0.06171875
1 0.196875 0.52578125 0.040625 0.0578125
1 0.478125 0.41015625 0.0578125 0.06953125
1 0.43046875 0.43203125 0.04609375 0.05546875
1 0.38671875 0.4625 0.040625 0.059375
1 0.3359375 0.4359375 0.04765625 0.0640625
1 0.340625 0.49609375 0.05078125 0.059375
1 0.28984375 0.4625 0.04375 0.05390625
1 0.2421875 0.48984375 0.04375 0.0578125
1 0.28828125 0.5296875 0.04921875 0.06796875
1 0.240625 0.55546875 0.04609375 0.0640625
1 0.19453125 0.5875 0.04609375 0.059375
1 0.53359375 0.4421875 0.04765625 0.05546875
1 0.621875 0.44453125 0.0421875 0.03984375
1 0.67421875 0.478125 0.0390625 0.059375
1 0.71171875 0.51015625 0.05078125 0.059375
1 0.715625 0.57578125 0.05234375 0.05546875
1 0.66953125 0.5375 0.04609375 0.059375
1 0.62578125 0.50390625 0.05390625 0.06796875
1 0.5765625 0.46796875 0.05625 0.06171875
1 0.48125 0.478125 0.04921875 0.05390625
1 0.4359375 0.50234375 0.05234375 0.05546875
1 0.38984375 0.53203125 0.04765625 0.06171875
1 0.3390625 0.5640625 0.05390625 0.059375
1 0.28828125 0.5953125 0.04375 0.0578125
1 0.29140625 0.653125 0.04609375 0.05546875
1 0.53046875 0.5078125 0.05078125 0.059375
1 0.578125 0.5359375 0.04921875 0.059375
1 0.6234375 0.5734375 0.05625 0.0515625
1 0.66796875 0.60390625 0.05078125 0.06171875
1 0.6234375 0.63515625 0.04921875 0.04765625
1 0.5765625 0.61171875 0.05234375 0.059375
1 0.53046875 0.57578125 0.04765625 0.05390625
1 0.478125 0.5375 0.05390625 0.059375
1 0.4359375 0.5640625 0.0421875 0.065625
1 0.38828125 0.59375 0.04765625 0.0578125
1 0.33359375 0.62734375 0.04921875 0.0578125
1 0.33359375 0.69921875 0.04765625 0.06171875
1 0.71328125 0.6375 0.05078125 0.059375
1 0.66796875 0.66953125 0.04921875 0.05
1 0.7171875 0.7015625 0.0578125 0.059375
1 0.478125 0.60390625 0.04921875 0.059375
1 0.53046875 0.63515625 0.04921875 0.05546875
1 0.43359375 0.63125 0.0421875 0.0515625
1 0.384375 0.66171875 0.05390625 0.05546875
1 0.48125 0.665625 0.04921875 0.0640625
1 0.4390625 0.69921875 0.04921875 0.0515625
1 0.621875 0.703125 0.04921875 0.04765625
1 0.57265625 0.7328125 0.04765625 0.05390625
1 0.52890625 0.6953125 0.05078125 0.0640625
1 0.2375 0.62734375 0.05234375 0.059375
1 0.19296875 0.64921875 0.0421875 0.05546875
1 0.240625 0.69140625 0.05390625 0.0640625
1 0.14609375 0.6171875 0.04375 0.05390625
1 0.14921875 0.68125 0.04765625 0.04765625
1 0.19140625 0.71328125 0.04765625 0.05390625
1 0.3828125 0.72890625 0.04765625 0.0515625
1 0.478125 0.7328125 0.04609375 0.0515625
1 0.43203125 0.75859375 0.04609375 0.0515625
1 0.5234375 0.7671875 0.04921875 0.05390625
1 0.6234375 0.7609375 0.04921875 0.05546875
1 0.57421875 0.790625 0.059375 0.05390625
1 0.478125 0.79296875 0.04375 0.059375
1 0.43359375 0.825 0.05078125 0.05546875
1 0.38125 0.790625 0.05234375 0.06171875
1 0.3359375 0.7546875 0.04921875 0.06171875
1 0.28671875 0.7234375 0.05078125 0.0515625
1 0.2421875 0.75078125 0.04921875 0.04765625
1 0.284375 0.78515625 0.04765625 0.0515625
1 0.18828125 0.775 0.05078125 0.0640625
1 0.14609375 0.746875 0.05078125 0.06171875
1 0.2390625 0.80703125 0.04609375 0.06171875
1 0.33203125 0.81640625 0.04609375 0.0515625
1 0.3796875 0.85078125 0.04609375 0.05390625
1 0.52578125 0.82890625 0.0625 0.0578125
1 0.096875 0.64140625 0.05390625 0.06953125
1 0.05078125 0.675 0.04921875 0.05546875
1 0.09296875 0.71328125 0.05390625 0.059375
1 0.05078125 0.74140625 0.04609375 0.05546875
1 0.1 0.775 0.04609375 0.0640625
1 0.05234375 0.803125 0.05234375 0.06171875
1 0.05234375 0.86875 0.05234375 0.06796875
1 0.04921875 0.9359375 0.05234375 0.065625
1 0.09140625 0.97109375 0.040625 0.0578125
1 0.09453125 0.9046875 0.04921875 0.071875
1 0.0984375 0.83671875 0.05078125 0.06171875
1 0.1421875 0.8109375 0.05625 0.0578125
1 0.18828125 0.840625 0.0625 0.065625
1 0.28828125 0.8484375 0.04765625 0.05546875
1 0.240625 0.878125 0.05078125 0.059375
1 0.18984375 0.90625 0.04921875 0.05390625
1 0.1421875 0.87265625 0.04921875 0.05546875
1 0.140625 0.93828125 0.05625 0.06171875
1 0.18984375 0.971875 0.04921875 0.05390625
1 0.23359375 0.9421875 0.05078125 0.0640625
1 0.28046875 0.971875 0.05234375 0.05546875
1 0.284375 0.91015625 0.05390625 0.06171875
1 0.3359375 0.878125 0.05078125 0.06171875
1 0.33203125 0.94609375 0.04921875 0.05390625
1 0.38125 0.9140625 0.04921875 0.0578125
1 0.38046875 0.975 0.04609375 0.05
1 0.43359375 0.884375 0.04765625 0.05546875
1 0.42578125 0.95 0.04921875 0.059375
1 0.75859375 0.9828125 0.04921875 0.03359375
1 0.7609375 0.7328125 0.04921875 0.06953125
1 0.7609375 0.7984375 0.04765625 0.0578125
1 0.759375 0.86484375 0.04765625 0.071875
1 0.715625 0.76328125 0.059375 0.06171875
1 0.71328125 0.825 0.0609375 0.06796875
1 0.7171875 0.890625 0.05390625 0.06171875
1 0.7171875 0.95625 0.05625 0.06171875
1 0.6609375 0.73125 0.05390625 0.059375
1 0.66640625 0.79296875 0.05625 0.05546875
1 0.66796875 0.8609375 0.04921875 0.059375
1 0.6640625 0.92265625 0.05234375 0.05390625
1 0.6640625 0.97578125 0.05390625 0.04765625
1 0.61640625 0.9890625 0.05234375 0.021875
1 0.57265625 0.9765625 0.0421875 0.046875
1 0.52109375 0.98515625 0.04921875 0.0296875
1 0.475 0.9796875 0.040625 0.040625
1 0.478125 0.85625 0.04609375 0.04765625
1 0.47109375 0.9203125 0.04765625 0.06796875
1 0.521875 0.9484375 0.05234375 0.04765625
1 0.6171875 0.94609375 0.05078125 0.059375
1 0.6171875 0.890625 0.05078125 0.0578125
1 0.6171875 0.8265625 0.05234375 0.059375
1 0.56953125 0.85859375 0.05234375 0.071875
1 0.56796875 0.9203125 0.05234375 0.0640625
1 0.51875 0.8921875 0.0578125 0.06953125