1 0.7375 0.95390625 0.14375 0.0921875
1 0.85859375 0.89765625 0.14609375 0.2046875
1 0.7359375 0.81484375 0.1375 0.18984375
1 0.96171875 0.83515625 0.0765625 0.2328125
1 0.9546875 0.6203125 0.090625 0.19375
1 0.9578125 0.42578125 0.08359375 0.20703125
1 0.9515625 0.084375 0.09609375 0.16796875
1 0.96015625 0.240625 0.0796875 0.18125
1 0.85625 0.021875 0.14453125 0.04296875
1 0.8609375 0.14453125 0.13359375 0.2140625
1 0.8515625 0.33203125 0.13046875 0.178125
1 0.85859375 0.5265625 0.13359375 0.21875
1 0.85859375 0.7359375 0.12890625 0.21171875
1 0.73125 0.0640625 0.1515625 0.12734375
1 0.73359375 0.23046875 0.13046875 0.209375
1 0.72890625 0.43046875 0.14296875 0.1921875
1 0.74140625 0.6296875 0.1515625 0.23046875
1 0.48984375 0.95859375 0.1390625 0.0828125
1 0.3546875 0.92890625 0.1515625 0.1421875
1 0.22890625 0.9640625 0.125 0.071875
1 0.03046875 0.95859375 0.0578125 0.0828125
1 0.0984375 0.91328125 0.14296875 0.1734375
1 0.22109375 0.834375 0.12890625 0.21640625
1 0.49140625 0.83671875 0.14609375 0.196875
1 0.6015625 0.709375 0.1359375 0.228125
1 0.4765625 0.65390625 0.1265625 0.20703125
1 0.60390625 0.52421875 0.13359375 0.2046875
1 0.59453125 0.32421875 0.15 0.21171875
1 0.5875 0.1390625 0.1625 0.2015625
1 0.58671875 0.0265625 0.14453125 0.053125
1 0.4828125 0.0765625 0.11875 0.153125
1 0.475 0.26171875 0.15703125 0.21640625
1 0.47890625 0.46171875 0.1390625 0.2140625
1 0.35859375 0.7453125 0.14140625 0.2359375
1 0.35703125 0.5484375 0.14453125 0.2046875
1 0.35 0.35078125 0.1375 0.228125
1 0.35 0.15625 0.1390625 0.209375
1 0.3515625 0.03359375 0.1390625 0.0671875
1 0.22890625 0.08671875 0.14609375 0.1734375
1 0.2265625 0.2671875 0.1359375 0.2046875
1 0.23046875 0.446875 0.15 0.196875
1 0.2265625 0.6296875 0.1390625 0.21171875
1 0.10078125 0.03828125 0.13359375 0.0765625
1 0.1 0.178125 0.1484375 0.21171875
1 0.10390625 0.375 0.1375 0.19453125
1 0.10546875 0.5625 0.125 0.228125
1 0.1125 0.75 0.14296875 0.19453125
1 0.02109375 0.66796875 0.0421875 0.2015625
1 0.02578125 0.478125 0.0515625 0.1828125
1 0.028125 0.28984375 0.05625 0.2265625
1 0.028125 0.096875 0.05625 0.184375