1 0.88359375 0.06953125 0.18125 0.1390625
1 0.8578125 0.253125 0.1609375 0.1875
1 0.87109375 0.484375 0.21875 0.25078125
1 0.87109375 0.73515625 0.21015625 0.2015625
1 0.86875 0.93125 0.178125 0.1375
1 0.71875 0.86640625 0.203125 0.2171875
1 0.7 0.609375 0.19296875 0.19921875
1 0.69453125 0.37421875 0.15625 0.2015625
1 0.68984375 0.14140625 0.16953125 0.19140625
1 0.7015625 0.01640625 0.2 0.0328125
1 0.51875 0.06953125 0.16640625 0.1390625
1 0.53359375 0.25703125 0.21328125 0.21875
1 0.51875 0.484375 0.17265625 0.21328125
1 0.515625 0.72109375 0.178125 0.2015625
1 0.51640625 0.91015625 0.20859375 0.17890625
1 0.3234375 0.84296875 0.18671875 0.18515625
1 0.33046875 0.609375 0.178125 0.225
1 0.33203125 0.36640625 0.16640625 0.22734375
1 0.34375 0.12734375 0.16796875 0.2015625
1 0.1765625 0.065625 0.21328125 0.13125
1 0.1609375 0.25078125 0.17109375 0.1890625
1 0.1578125 0.4703125 0.18125 0.23515625
1 0.14765625 0.72109375 0.196875 0.22734375
1 0.14375 0.9171875 0.19296875 0.165625
1 0.03203125 0.85078125 0.0640625 0.20703125
1 0.04140625 0.61640625 0.0828125 0.225
1 0.040625 0.37265625 0.08125 0.24296875
1 0.04140625 0.1453125 0.0828125 0.22734375
1 0.04453125 0.0078125 0.0890625 0.015625
1 0.98984375 0.6296875 0.0203125 0.23125
1 0.98828125 0.39140625 0.0234375 0.2328125
1 0.9828125 0.165625 0.03359375 0.22734375
1 0.9828125 0.02421875 0.03359375 0.04765625
1 0.32890625 0.9859375 0.1828125 0.028125
1 0.7 0.98984375 0.20703125 0.01953125