1 0.8546875 0.95546875 0.1046875 0.0890625
1 0.5140625 0.9828125 0.06953125 0.03359375
1 0.0140625 0.85625 0.028125 0.096875
1 0.0140625 0.7515625 0.028125 0.1
1 0.009375 0.5796875 0.01875 0.11484375
1 0.11171875 0.37734375 0.07421875 0.103125
1 0.04296875 0.41796875 0.0859375 0.096875
1 0.04765625 0.51953125 0.0875 0.103125
1 0.0125 0.65859375 0.025 0.09921875
1 0.1828125 0.51171875 0.1 0.103125
1 0.1078125 0.56328125 0.0828125 0.10703125
1 0.03984375 0.71796875 0.0796875 0.09140625
1 0.04921875 0.8078125 0.08984375 0.1109375
1 0.121875 0.94453125 0.11171875 0.09296875
1 0.165625 0.60546875 0.09453125 0.096875
1 0.4375 0.5078125 0.09296875 0.1015625
1 0.2484375 0.56328125 0.0796875 0.09296875
1 0.2484375 0.653125 0.09296875 0.0953125
1 0.1703125 0.690625 0.08125 0.08515625
1 0.11640625 0.8375 0.09296875 0.1109375
1 0.1890625 0.79375 0.09140625 0.11484375
1 0.26015625 0.93671875 0.07578125 0.08515625
1 0.19765625 0.90078125 0.07578125 0.0953125
1 0.26171875 0.8515625 0.0609375 0.0796875
1 0.26015625 0.75234375 0.07734375 0.096875
1 0.31953125 0.6984375 0.0640625 0.08515625
1 0.32734375 0.8890625 0.09609375 0.09140625
1 0.32421875 0.78984375 0.0859375 0.09296875
1 0.378125 0.98828125 0.084375 0.0234375
1 0.709375 0.69453125 0.09140625 0.096875
1 0.72109375 0.8828125 0.084375 0.12109375
1 0.5828125 0.6921875 0.0875 0.103125
1 0.51015625 0.6484375 0.084375 0.12265625
1 0.6484375 0.55546875 0.1015625 0.125
1 0.5828125 0.87265625 0.0875 0.10546875
1 0.4546875 0.87265625 0.0796875 0.103125
1 0.38515625 0.92265625 0.07578125 0.0796875
1 0.38359375 0.7359375 0.07421875 0.08515625
1 0.0140625 0.93515625 0.028125 0.0890625
1 0.3796875 0.565625 0.0796875 0.0890625
1 0.44765625 0.78359375 0.07421875 0.06953125
1 0.5171875 0.74765625 0.07578125 0.0796875
1 0.51875 0.8296875 0.0609375 0.09140625
1 0.44921875 0.6921875 0.065625 0.1015625
1 0.44921875 0.6015625 0.0625 0.08125
1 0.38515625 0.653125 0.06953125 0.0953125
1 0.4 0.83359375 0.07734375 0.0890625
1 0.64921875 0.9828125 0.103125 0.03359375
1 0.6484375 0.9265625 0.08125 0.09921875
1 0.6484375 0.8234375 0.07421875 0.09921875
1 0.71796875 0.78359375 0.084375 0.1015625
1 0.5859375 0.7859375 0.06953125 0.09140625
1 0.11484375 0.1109375 0.103125 0.10703125
1 0.17578125 0.23984375 0.0859375 0.096875
1 0.23828125 0.28359375 0.09296875 0.11484375
1 0.315625 0.3390625 0.0828125 0.12109375
1 0.30546875 0.046875 0.1015625 0.09296875
1 0.309375 0.1328125 0.08984375 0.0890625
1 0.315625 0.22421875 0.0875 0.0875
1 0.51328125 0.18046875 0.07265625 0.09296875
1 0.5 0.0890625 0.0609375 0.07578125
1 0.38984375 0.07109375 0.0796875 0.06328125
1 0.38828125 0.16640625 0.0796875 0.09296875
1 0.5203125 0.37890625 0.06953125 0.11328125
1 0.4546875 0.32734375 0.0796875 0.09296875
1 0.45234375 0.228125 0.084375 0.09921875
1 0.38671875 0.27578125 0.0640625 0.08515625
1 0.44765625 0.13515625 0.0578125 0.0890625
1 0.57265625 0.234375 0.09296875 0.10703125
1 0.65234375 0.26953125 0.0796875 0.09140625
1 0.646875 0.17265625 0.09609375 0.096875
1 0.6296875 0.08359375 0.0828125 0.0671875
1 0.78046875 0.08515625 0.11640625 0.109375
1 0.71953125 0.315625 0.0859375 0.103125
1 0.78203125 0.265625 0.0875 0.103125
1 0.85625 0.32109375 0.0828125 0.10546875
1 0.6453125 0.4421875 0.084375 0.09296875
1 0.71796875 0.41484375 0.07265625 0.08359375
1 0.78359375 0.45625 0.09140625 0.096875
1 0.78359375 0.5578125 0.0796875 0.0890625
1 0.8515625 0.69609375 0.103125 0.09921875
1 0.84609375 0.5890625 0.07734375 0.0875
1 0.8546875 0.48828125 0.09140625 0.09921875
1 0.91875 0.5375 0.0796875 0.0890625
1 0.9171875 0.63125 0.0875 0.11328125
1 0.9734375 0.59453125 0.05234375 0.11328125
1 0.97421875 0.48515625 0.0515625 0.0703125
1 0.92578125 0.73203125 0.0828125 0.09296875
1 0.98046875 0.6875 0.0390625 0.08125
1 0.92734375 0.82109375 0.09140625 0.103125
1 0.92421875 0.9203125 0.0828125 0.0890625
1 0.97734375 0.86328125 0.0453125 0.09921875
1 0.44765625 0.96640625 0.07421875 0.0671875
1 0.1625 0.96015625 0.0234375 0.03203125
1 0.19375 0.97265625 0.05 0.0546875
1 0.44921875 0.0109375 0.0578125 0.021875
1 0.53203125 0.02265625 0.09453125 0.0453125
1 0.60625 0.01328125 0.07421875 0.02578125
1 0.9171875 0.26953125 0.0671875 0.0796875
1 0.96328125 0.20859375 0.0734375 0.0890625
1 0.9640625 0.04921875 0.071875 0.0984375
1 0.84453125 0.046875 0.09765625 0.09296875
1 0.6765625 0.02265625 0.0796875 0.0453125