1 0.8890625 0.0078125 0.03125 0.015625
1 0.82734375 0.00546875 0.03359375 0.0109375
1 0.85703125 0.015625 0.0375 0.03046875
1 0.88828125 0.03515625 0.03515625 0.04140625
1 0.8546875 0.0546875 0.040625 0.0390625
1 0.88828125 0.0765625 0.028125 0.0390625
1 0.884375 0.1203125 0.03359375 0.0390625
1 0.88671875 0.1640625 0.03359375 0.0390625
1 0.853125 0.0984375 0.0390625 0.04375
1 0.853125 0.1421875 0.0375 0.04765625
1 0.853125 0.18359375 0.040625 0.04609375
1 0.825 0.0328125 0.0390625 0.04609375
1 0.78828125 0.01640625 0.0375 0.0328125
1 0.7296875 0.01640625 0.0390625 0.0328125
1 0.69375 0.028125 0.034375 0.05625
1 0.65703125 0.01875 0.03125 0.0375
1 0.76015625 0.0328125 0.03359375 0.04375
1 0.78984375 0.05234375 0.0375 0.04140625
1 0.81953125 0.07421875 0.03515625 0.04140625
1 0.821875 0.11328125 0.0375 0.04140625
1 0.81796875 0.1546875 0.03515625 0.04375
1 0.81953125 0.203125 0.03515625 0.04140625
1 0.7859375 0.09375 0.03125 0.0375
1 0.7859375 0.13984375 0.03515625 0.04140625
1 0.7859375 0.1765625 0.03515625 0.0390625
1 0.7546875 0.159375 0.03359375 0.0390625
1 0.75625 0.20078125 0.0390625 0.04140625
1 0.7546875 0.1203125 0.03359375 0.04375
1 0.75625 0.071875 0.03515625 0.04140625
1 0.7234375 0.05 0.03359375 0.0390625
1 0.7234375 0.09140625 0.03359375 0.04140625
1 0.7234375 0.1328125 0.0390625 0.0390625
1 0.7234375 0.175 0.040625 0.04140625
1 0.725 0.21640625 0.04296875 0.04609375
1 0.696875 0.071875 0.03359375 0.0390625
1 0.69140625 0.109375 0.03515625 0.04140625
1 0.69296875 0.153125 0.0390625 0.04140625
1 0.69296875 0.1921875 0.04296875 0.04765625
1 0.6953125 0.2421875 0.0375 0.05
1 0.4078125 0.00625 0.03125 0.0125
1 0.34296875 0.00859375 0.0390625 0.0171875
1 0.4734375 0.00859375 0.028125 0.0171875
1 0.440625 0.02421875 0.040625 0.04375
1 0.40546875 0.0375 0.03359375 0.04609375
1 0.37578125 0.021875 0.03125 0.04140625
1 0.33671875 0.0875 0.04296875 0.04140625
1 0.33984375 0.0375 0.03125 0.0265625
1 0.33828125 0.05859375 0.03359375 0.02421875
1 0.28046875 0.08515625 0.03125 0.0375
1 0.25078125 0.10078125 0.03125 0.03046875
1 0.2828125 0.12265625 0.03125 0.0390625
1 0.24921875 0.13515625 0.03359375 0.04375
1 0.3125 0.14609375 0.03359375 0.0375
1 0.28046875 0.1640625 0.03359375 0.0390625
1 0.3734375 0.10234375 0.03125 0.0375
1 0.40546875 0.0875 0.02265625 0.0265625
1 0.471875 0.05 0.0390625 0.04765625
1 0.4421875 0.06328125 0.03359375 0.04375
1 0.53359375 0.0140625 0.0375 0.028125
1 0.50390625 0.028125 0.0296875 0.03515625
1 0.5984375 0.015625 0.0296875 0.03046875
1 0.5671875 0.0265625 0.0375 0.03515625
1 0.53125 0.04609375 0.0390625 0.04375
1 0.6265625 0.02421875 0.03125 0.04140625
1 0.66015625 0.05 0.0375 0.028125
1 0.66171875 0.08984375 0.03359375 0.04375
1 0.66015625 0.13515625 0.0296875 0.0328125
1 0.6265625 0.06953125 0.03359375 0.0390625
1 0.596875 0.04765625 0.0296875 0.0375
1 0.5671875 0.06328125 0.0296875 0.03515625
1 0.59453125 0.08984375 0.03359375 0.03515625
1 0.628125 0.109375 0.03359375 0.03515625
1 0.66015625 0.1765625 0.04296875 0.04765625
1 0.6265625 0.1484375 0.0390625 0.04609375
1 0.56484375 0.11328125 0.03359375 0.0390625
1 0.56484375 0.153125 0.03515625 0.04140625
1 0.596875 0.1765625 0.028125 0.0375
1 0.6265625 0.1921875 0.0375 0.04140625
1 0.5296875 0.09140625 0.03359375 0.0375
1 0.5015625 0.11171875 0.028125 0.03515625
1 0.5296875 0.1328125 0.03125 0.03515625
1 0.4703125 0.0875 0.03125 0.03515625
1 0.43828125 0.109375 0.03359375 0.0390625
1 0.4703125 0.12890625 0.0296875 0.03515625
1 0.43828125 0.15078125 0.02265625 0.0265625
1 0.40546875 0.12890625 0.02578125 0.0265625
1 0.371875 0.14609375 0.0296875 0.0375
1 0.40859375 0.16796875 0.0296875 0.03515625
1 0.5015625 0.1546875 0.03125 0.0328125
1 0.5296875 0.1765625 0.03359375 0.0375
1 0.5296875 0.2140625 0.03359375 0.04140625
1 0.5015625 0.196875 0.03515625 0.0390625
1 0.4703125 0.17265625 0.0375 0.04140625
1 0.43828125 0.19453125 0.03515625 0.0390625
1 0.6578125 0.2203125 0.03359375 0.0390625
1 0.6265625 0.2359375 0.03515625 0.04140625
1 0.56484375 0.2359375 0.03359375 0.04140625
1 0.596875 0.26015625 0.03359375 0.0390625
1 0.66015625 0.26171875 0.03359375 0.04375
1 0.6265625 0.28203125 0.0375 0.04140625
1 0.56328125 0.27734375 0.03359375 0.04140625
1 0.528125 0.25546875 0.03515625 0.0375
1 0.21953125 0.0078125 0.0375 0.015625
1 0.25390625 0.01953125 0.03515625 0.0390625
1 0.2171875 0.0390625 0.04453125 0.04375
1 0.215625 0.0828125 0.03359375 0.04609375
1 0.09296875 0.00625 0.0390625 0.0125
1 0.1578125 0.00625 0.034375 0.0125
1 0.1859375 0.02109375 0.0375 0.04140625
1 0.1859375 0.05859375 0.0375 0.04609375
1 0.1859375 0.10234375 0.0390625 0.04375
1 0.15390625 0.03515625 0.0375 0.04375
1 0.15234375 0.0765625 0.0390625 0.04375
1 0.15234375 0.1203125 0.03515625 0.04140625
1 0.15078125 0.16171875 0.03515625 0.0375
1 0.12265625 0.14609375 0.028125 0.0375
1 0.12109375 0.10078125 0.0375 0.04140625
1 0.12109375 0.05703125 0.0390625 0.0390625
1 0.121875 0.01640625 0.03515625 0.0328125
1 0.09140625 0.028125 0.03515625 0.0375
1 0.09140625 0.06953125 0.0390625 0.05234375
1 0.0890625 0.11796875 0.03515625 0.04140625
1 0.05859375 0.0140625 0.03515625 0.028125
1 0.05546875 0.05 0.0390625 0.04375
1 0.0578125 0.09140625 0.03125 0.0375
1 0.05546875 0.1375 0.0390625 0.04609375
1 0.0890625 0.1640625 0.03515625 0.0375
1 0.05546875 0.18125 0.0390625 0.0390625
1 0.02578125 0.0265625 0.03515625 0.04609375
1 0.0078125 0.04609375 0.01484375 0.05234375
1 0.02265625 0.06953125 0.0375 0.04375
1 0.00546875 0.08984375 0.0109375 0.04765625
1 0.02421875 0.11171875 0.0390625 0.0390625
1 0.02421875 0.15703125 0.03515625 0.04609375
1 0.00703125 0.134375 0.0140625 0.046875
1 0.2140625 0.16171875 0.0375 0.0390625
1 0.18203125 0.18125 0.0375 0.04375
1 0.24921875 0.18359375 0.03515625 0.04140625
1 0.215625 0.203125 0.0390625 0.04375
1 0.49609375 0.23984375 0.0390625 0.04140625
1 0.46640625 0.2140625 0.03515625 0.0390625
1 0.43828125 0.2359375 0.03125 0.0390625
1 0.46484375 0.2578125 0.0390625 0.04375
1 0.403125 0.209375 0.0375 0.0390625
1 0.3734375 0.1921875 0.0390625 0.0328125
1 0.371875 0.23125 0.0296875 0.0375
1 0.403125 0.253125 0.0390625 0.04140625
1 0.36953125 0.27734375 0.03515625 0.0390625
1 0.403125 0.29921875 0.03125 0.0390625
1 0.528125 0.296875 0.040625 0.0390625
1 0.5 0.28203125 0.03359375 0.04140625
1 0.46640625 0.303125 0.03359375 0.0328125
1 0.4328125 0.325 0.03125 0.03515625
1 0.4984375 0.325 0.03125 0.0375
1 0.36796875 0.32109375 0.03515625 0.0375
1 0.36953125 0.3578125 0.03515625 0.04140625
1 0.33828125 0.1640625 0.0296875 0.0328125
1 0.3125 0.18359375 0.03125 0.04375
1 0.33828125 0.2078125 0.0375 0.04140625
1 0.30859375 0.23359375 0.03359375 0.04140625
1 0.33671875 0.253125 0.03515625 0.04140625
1 0.33984375 0.29453125 0.03515625 0.04140625
1 0.33671875 0.34296875 0.0375 0.04765625
1 0.30703125 0.32109375 0.03359375 0.03515625
1 0.30859375 0.27734375 0.03359375 0.04765625
1 0.28046875 0.20546875 0.03125 0.0375
1 0.2453125 0.22265625 0.0390625 0.04140625
1 0.275 0.25078125 0.0375 0.04375
1 0.275 0.29453125 0.03359375 0.04765625
1 0.2453125 0.26640625 0.0296875 0.0375
1 0.215625 0.246875 0.03125 0.04140625
1 0.1484375 0.2421875 0.03125 0.0328125
1 0.0890625 0.209375 0.03359375 0.0328125
1 0.0890625 0.24453125 0.02578125 0.028125
1 0.12109375 0.26171875 0.0296875 0.0328125
1 0.18046875 0.26640625 0.0375 0.04140625
1 0.15078125 0.28828125 0.0296875 0.0375
1 0.21171875 0.28828125 0.0390625 0.04140625
1 0.24140625 0.31015625 0.0390625 0.04375
1 0.21171875 0.334375 0.03125 0.04140625
1 0.15078125 0.3296875 0.03359375 0.0390625
1 0.11875 0.31015625 0.03359375 0.0390625
1 0.18203125 0.3515625 0.028125 0.0328125
1 0.275 0.3359375 0.03359375 0.0375
1 0.2453125 0.35390625 0.03359375 0.04140625
1 0.3046875 0.36484375 0.03125 0.0390625
1 0.2765625 0.3796875 0.03359375 0.04140625
1 0.2140625 0.3796875 0.03515625 0.04140625
1 0.18046875 0.39765625 0.03515625 0.04375
1 0.15234375 0.37109375 0.03515625 0.04140625
1 0.12109375 0.35390625 0.03359375 0.0390625
1 0.59296875 0.3015625 0.0375 0.0390625
1 0.56171875 0.3234375 0.0375 0.04140625
1 0.53125 0.34296875 0.0375 0.04609375
1 0.4984375 0.3671875 0.03359375 0.04375
1 0.43828125 0.3671875 0.0375 0.0390625
1 0.403125 0.3796875 0.03515625 0.04140625
1 0.36953125 0.40390625 0.0296875 0.0375
1 0.33671875 0.4234375 0.028125 0.0390625
1 0.3046875 0.4015625 0.03125 0.03515625
1 0.2734375 0.42578125 0.03515625 0.04375
1 0.24375 0.43671875 0.02578125 0.04140625
1 0.21171875 0.45859375 0.03125 0.0390625
1 0.184375 0.434375 0.03125 0.0390625
1 0.1484375 0.4171875 0.0375 0.04609375
1 0.11875 0.3953125 0.0375 0.0390625
1 0.11875 0.4390625 0.0296875 0.0375
1 0.1484375 0.45859375 0.03359375 0.04609375
1 0.46640625 0.390625 0.0296875 0.03515625
1 0.43828125 0.41015625 0.03125 0.0390625
1 0.403125 0.428125 0.03515625 0.0390625
1 0.5296875 0.38671875 0.03359375 0.0390625
1 0.56328125 0.37109375 0.0375 0.0390625
1 0.56171875 0.41484375 0.03515625 0.04375
1 0.5296875 0.43046875 0.03515625 0.04140625
1 0.4984375 0.41015625 0.03359375 0.03515625
1 0.46640625 0.43203125 0.0375 0.04375
1 0.43828125 0.45390625 0.03515625 0.04140625
1 0.40546875 0.46953125 0.0375 0.0390625
1 0.36796875 0.45234375 0.0375 0.0375
1 0.334375 0.46953125 0.0296875 0.03515625
1 0.3046875 0.45 0.03359375 0.0390625
1 0.275 0.4671875 0.03359375 0.03515625
1 0.23984375 0.4828125 0.03359375 0.04140625
1 0.18046875 0.4828125 0.040625 0.04375
1 0.36640625 0.49375 0.0375 0.0390625
1 0.43828125 0.49375 0.03515625 0.0375
1 0.4625 0.47578125 0.03359375 0.03515625
1 0.49609375 0.45625 0.03359375 0.0390625
1 0.88828125 0.2078125 0.0296875 0.03515625
1 0.7859375 0.26875 0.03515625 0.04140625
1 0.853125 0.22265625 0.0390625 0.0375
1 0.784375 0.22734375 0.03359375 0.05
1 0.753125 0.2421875 0.03515625 0.04609375
1 0.7234375 0.2640625 0.03515625 0.05
1 0.7546875 0.28828125 0.03515625 0.04140625
1 0.7234375 0.30546875 0.03515625 0.0328125
1 0.69296875 0.32734375 0.0296875 0.0375
1 0.66015625 0.30546875 0.0375 0.04140625
1 0.88671875 0.25546875 0.03515625 0.03515625
1 0.853125 0.26875 0.03515625 0.04609375
1 0.81953125 0.290625 0.03359375 0.0390625
1 0.78828125 0.3125 0.03125 0.03515625
1 0.7546875 0.3296875 0.03515625 0.0375
1 0.7234375 0.3515625 0.0296875 0.0375
1 0.66015625 0.34921875 0.03359375 0.04140625
1 0.62421875 0.3671875 0.03125 0.03515625
1 0.596875 0.34296875 0.028125 0.04140625
1 0.59453125 0.38828125 0.03359375 0.04375
1 0.884375 0.29453125 0.03515625 0.0390625
1 0.884375 0.3359375 0.03359375 0.0390625
1 0.8515625 0.3125 0.03359375 0.0375
1 0.81796875 0.334375 0.0296875 0.03046875
1 0.8515625 0.36015625 0.03359375 0.03515625
1 0.81796875 0.37578125 0.03359375 0.04140625
1 0.7859375 0.3953125 0.03515625 0.0390625
1 0.753125 0.37578125 0.028125 0.03515625
1 0.72109375 0.390625 0.03359375 0.0390625
1 0.66015625 0.390625 0.03125 0.0375
1 0.62421875 0.4125 0.0296875 0.04140625
1 0.6578125 0.434375 0.02578125 0.0328125
1 0.6265625 0.45390625 0.028125 0.04140625
1 0.69140625 0.4125 0.03125 0.0328125
1 0.75625 0.41484375 0.0296875 0.0375
1 0.88125 0.42109375 0.03125 0.0390625
1 0.84921875 0.4390625 0.03125 0.0375
1 0.81953125 0.4171875 0.028125 0.03046875
1 0.81796875 0.4609375 0.03515625 0.04140625
1 0.784375 0.4390625 0.0390625 0.04140625
1 0.753125 0.45859375 0.03125 0.0375
1 0.784375 0.478125 0.03515625 0.0390625
1 0.753125 0.5 0.03359375 0.03515625
1 0.78046875 0.521875 0.03125 0.0390625
1 0.87890625 0.4671875 0.03515625 0.0390625
1 0.84765625 0.484375 0.03125 0.0375
1 0.81796875 0.50234375 0.0375 0.0390625
1 0.71953125 0.4390625 0.03125 0.03515625
1 0.68984375 0.45234375 0.03359375 0.04140625
1 0.7171875 0.478125 0.028125 0.03515625
1 0.69140625 0.4953125 0.03359375 0.0375
1 0.7171875 0.521875 0.0296875 0.028125
1 0.6578125 0.478125 0.0296875 0.0375
1 0.56328125 0.45390625 0.03359375 0.0375
1 0.59453125 0.478125 0.03359375 0.03515625
1 0.62265625 0.4953125 0.03515625 0.03515625
1 0.59296875 0.515625 0.03515625 0.04140625
1 0.559375 0.49765625 0.03359375 0.0375
1 0.65625 0.51953125 0.03359375 0.04140625
1 0.68984375 0.5390625 0.0375 0.0390625
1 0.52578125 0.478125 0.03359375 0.0375
1 0.49609375 0.4953125 0.0296875 0.03515625
1 0.528125 0.515625 0.0390625 0.03515625
1 0.49609375 0.53515625 0.0375 0.05
1 0.559375 0.5375 0.03515625 0.0375
1 0.62265625 0.5375 0.0390625 0.04609375
1 0.46484375 0.515625 0.03359375 0.04140625
1 0.43671875 0.5328125 0.03515625 0.04609375
1 0.4 0.5109375 0.0390625 0.03515625
1 0.4 0.55 0.03515625 0.04140625
1 0.36640625 0.53046875 0.0375 0.0375
1 0.334375 0.55234375 0.03515625 0.04375
1 0.3328125 0.50859375 0.03515625 0.03515625
1 0.303125 0.49140625 0.03515625 0.04375
1 0.3046875 0.53515625 0.03515625 0.04609375
1 0.27109375 0.5546875 0.03125 0.03515625
1 0.27109375 0.59140625 0.03359375 0.0390625
1 0.24375 0.6203125 0.03125 0.028125
1 0.2078125 0.55703125 0.0296875 0.03515625
1 0.2734375 0.5109375 0.03515625 0.04140625
1 0.2453125 0.528125 0.02578125 0.028125
1 0.21015625 0.5109375 0.0375 0.04140625
1 0.0046875 0.178125 0.009375 0.0375
1 0.00546875 0.21953125 0.0109375 0.0375
1 0.05390625 0.2640625 0.0390625 0.0390625
1 0.0890625 0.28359375 0.0375 0.04140625
1 0.02265625 0.23984375 0.03125 0.0328125
1 0.00546875 0.2640625 0.0109375 0.0390625
1 0.05546875 0.30546875 0.0375 0.0390625
1 0.0890625 0.32734375 0.0296875 0.0390625
1 0.08515625 0.37109375 0.0390625 0.04375
1 0.08515625 0.41953125 0.040625 0.0390625
1 0.05390625 0.39296875 0.03515625 0.0375
1 0.05234375 0.3515625 0.04609375 0.04375
1 0.0203125 0.32734375 0.0390625 0.04765625
1 0.02421875 0.28359375 0.03359375 0.04609375
1 0.003125 0.346875 0.00546875 0.03515625
1 0.01875 0.3734375 0.0296875 0.04140625
1 0.00390625 0.390625 0.0078125 0.0390625
1 0.05234375 0.43671875 0.0296875 0.04609375
1 0.02265625 0.41484375 0.0390625 0.03515625
1 0.00546875 0.4359375 0.0109375 0.04609375
1 0.0203125 0.45859375 0.0375 0.04140625
1 0.1171875 0.48046875 0.03515625 0.04375
1 0.08515625 0.4609375 0.03359375 0.04609375
1 0.08359375 0.50234375 0.040625 0.03515625
1 0.05390625 0.4828125 0.03125 0.04375
1 0.0203125 0.5 0.0375 0.0375
1 0.0046875 0.47734375 0.009375 0.0328125
1 0.146875 0.50234375 0.03515625 0.04140625
1 0.1171875 0.51953125 0.03359375 0.04140625
1 0.14296875 0.54765625 0.0390625 0.04609375
1 0.08515625 0.54140625 0.0390625 0.04140625
1 0.05 0.521875 0.0375 0.04375
1 0.01796875 0.53828125 0.03515625 0.05
1 0.00390625 0.51640625 0.0078125 0.04140625
1 0.18046875 0.615625 0.03359375 0.0390625
1 0.115625 0.56796875 0.03125 0.04375
1 0.08359375 0.58515625 0.04296875 0.04765625
1 0.05234375 0.56328125 0.03125 0.04375
1 0.01953125 0.584375 0.0390625 0.04609375
1 0.00390625 0.6015625 0.0078125 0.05
1 0.146875 0.58984375 0.0390625 0.0375
1 0.1171875 0.60703125 0.0390625 0.04609375
1 0.146875 0.63984375 0.04296875 0.05
1 0.08359375 0.63125 0.0375 0.04765625
1 0.05 0.609375 0.03515625 0.04140625
1 0.02265625 0.6265625 0.03515625 0.04765625
1 0.00703125 0.6484375 0.0140625 0.04375
1 0.05 0.6484375 0.03359375 0.04140625
1 0.115625 0.65703125 0.04453125 0.04375
1 0.1453125 0.67890625 0.03125 0.04140625
1 0.0796875 0.675 0.040625 0.04609375
1 0.05234375 0.69453125 0.03515625 0.0390625
1 0.0203125 0.6765625 0.03515625 0.04140625
1 0.0046875 0.6875 0.009375 0.04375
1 0.01875 0.71796875 0.03125 0.0390625
1 0.00390625 0.73828125 0.0078125 0.0390625
1 0.36796875 0.57890625 0.0390625 0.0375
1 0.33671875 0.59609375 0.0375 0.0390625
1 0.30703125 0.61796875 0.03359375 0.03515625
1 0.275 0.63515625 0.0375 0.04140625
1 0.109375 0.696875 0.03359375 0.0390625
1 0.08203125 0.71640625 0.0296875 0.03515625
1 0.178125 0.69453125 0.0375 0.04140625
1 0.01796875 0.9703125 0.03515625 0.04609375
1 0.00546875 0.7765625 0.0109375 0.04140625
1 0.0046875 0.82109375 0.009375 0.04375
1 0.01875 0.93046875 0.0375 0.0390625
1 0.01953125 0.89296875 0.0390625 0.04375
1 0.0203125 0.84921875 0.040625 0.0390625
1 0.0203125 0.8046875 0.040625 0.05
1 0.01875 0.7578125 0.0375 0.04765625
1 0.0484375 0.73828125 0.040625 0.05
1 0.146875 0.725 0.0375 0.0375
1 0.11171875 0.7421875 0.03125 0.04140625
1 0.0796875 0.7578125 0.0375 0.04375
1 0.146875 0.76171875 0.0390625 0.0328125
1 0.11171875 0.78203125 0.0390625 0.04765625
1 0.0796875 0.8078125 0.03125 0.04765625
1 0.08515625 0.846875 0.0375 0.0375
1 0.05 0.86484375 0.03359375 0.04765625
1 0.0765625 0.88828125 0.04453125 0.05
1 0.0484375 0.90859375 0.03515625 0.0375
1 0.05 0.9453125 0.03515625 0.04375
1 0.0484375 0.98203125 0.03125 0.0359375
1 0.0796875 0.97578125 0.0375 0.0390625
1 0.08203125 0.93203125 0.0390625 0.04375
1 0.1484375 0.803125 0.03515625 0.04375
1 0.115625 0.82734375 0.0390625 0.04375
1 0.1171875 0.86875 0.0375 0.04375
1 0.11328125 0.9125 0.03359375 0.04140625
1 0.1078125 0.95 0.03515625 0.0375
1 0.109375 0.9859375 0.03359375 0.028125
1 0.1453125 0.97578125 0.040625 0.04609375
1 0.14140625 0.93203125 0.0390625 0.04140625
1 0.146875 0.88828125 0.0375 0.04140625
1 0.14296875 0.8453125 0.0390625 0.04375
1 0.18046875 0.73828125 0.03359375 0.04140625
1 0.178125 0.9875 0.034375 0.025
1 0.20625 0.97578125 0.03359375 0.04375
1 0.178125 0.95234375 0.03515625 0.0390625
1 0.20625 0.93671875 0.040625 0.04375
1 0.2046875 0.890625 0.0375 0.04140625
1 0.2046875 0.84921875 0.03515625 0.0390625
1 0.175 0.825 0.03515625 0.0546875
1 0.20625 0.8078125 0.03359375 0.0375
1 0.2046875 0.7640625 0.0390625 0.04609375
1 0.2078125 0.71796875 0.03359375 0.04609375
1 0.26953125 0.97578125 0.03515625 0.04140625
1 0.23359375 0.98984375 0.03515625 0.01953125
1 0.26953125 0.934375 0.03515625 0.04609375
1 0.23984375 0.95625 0.0375 0.04375
1 0.23828125 0.9125 0.03359375 0.04140625
1 0.23984375 0.8734375 0.03515625 0.04140625
1 0.23984375 0.834375 0.0390625 0.05
1 0.24140625 0.7921875 0.03515625 0.04140625
1 0.23828125 0.74921875 0.0375 0.04609375
1 0.24140625 0.703125 0.03515625 0.0390625
1 0.175 0.91015625 0.028125 0.04140625
1 0.178125 0.8671875 0.03359375 0.04140625
1 0.26953125 0.89296875 0.03125 0.03515625
1 0.30234375 0.99140625 0.03515625 0.0171875
1 0.365625 0.9953125 0.03125 0.00859375
1 0.33515625 0.98125 0.03515625 0.0375
1 0.7140625 0.98984375 0.02578125 0.01953125
1 0.684375 0.96953125 0.03125 0.03515625
1 0.65 0.98671875 0.03125 0.0265625
1 0.775 0.9890625 0.03359375 0.021875
1 0.746875 0.971875 0.03125 0.0390625
1 0.775 0.95 0.0390625 0.04375
1 0.83984375 0.9875 0.0296875 0.025
1 0.871875 0.978125 0.0390625 0.04140625
1 0.87578125 0.8953125 0.0375 0.0390625
1 0.8734375 0.934375 0.03515625 0.0390625
1 0.83984375 0.95390625 0.03515625 0.04140625
1 0.81015625 0.9734375 0.0375 0.0390625
1 0.80859375 0.93671875 0.03125 0.04140625
1 0.83984375 0.9125 0.040625 0.04375
1 0.80703125 0.89765625 0.0296875 0.0390625
1 0.78046875 0.91015625 0.0296875 0.0375
1 0.7453125 0.934375 0.03359375 0.0390625
1 0.75078125 0.89296875 0.03359375 0.0328125
1 0.7140625 0.95390625 0.03515625 0.0390625
1 0.87734375 0.8515625 0.03359375 0.0375
1 0.84375 0.8734375 0.0375 0.04140625
1 0.87578125 0.81015625 0.0375 0.04140625
1 0.87578125 0.76640625 0.040625 0.04375
1 0.87578125 0.7203125 0.03515625 0.04140625
1 0.87890625 0.6765625 0.03359375 0.04140625
1 0.8421875 0.7859375 0.0296875 0.0375
1 0.8125 0.80546875 0.03359375 0.0390625
1 0.81015625 0.8515625 0.0390625 0.04140625
1 0.8421875 0.73984375 0.03125 0.05
1 0.81015625 0.76171875 0.0375 0.04375
1 0.84609375 0.696875 0.03359375 0.0390625
1 0.8125 0.7203125 0.0375 0.04765625
1 0.7765625 0.86875 0.03125 0.0390625
1 0.78046875 0.8234375 0.03515625 0.04140625
1 0.7765625 0.7859375 0.03125 0.04375
1 0.7828125 0.73828125 0.03125 0.0375
1 0.8140625 0.675 0.03515625 0.0375
1 0.78046875 0.696875 0.03125 0.04375
1 0.87890625 0.50625 0.03359375 0.03515625
1 0.87890625 0.54765625 0.0296875 0.0328125
1 0.87890625 0.58984375 0.03359375 0.0390625
1 0.87890625 0.6328125 0.03515625 0.04140625
1 0.84609375 0.52421875 0.03515625 0.04140625
1 0.84921875 0.565625 0.0375 0.04765625
1 0.84765625 0.609375 0.03515625 0.0375
1 0.84609375 0.653125 0.03359375 0.04609375
1 0.8125 0.6328125 0.03359375 0.04375
1 0.8140625 0.54609375 0.03125 0.04375
1 0.753125 0.54375 0.028125 0.03515625
1 0.7828125 0.565625 0.03515625 0.0375
1 0.784375 0.6046875 0.03359375 0.05
1 0.72109375 0.5609375 0.0375 0.04609375
1 0.753125 0.58984375 0.0390625 0.04140625
1 0.71953125 0.60703125 0.03515625 0.0390625
1 0.753125 0.63125 0.03125 0.0390625
1 0.74921875 0.675 0.03359375 0.04140625
1 0.74921875 0.71796875 0.0375 0.04140625
1 0.74921875 0.76015625 0.03359375 0.04140625
1 0.746875 0.80546875 0.040625 0.04140625
1 0.746875 0.846875 0.0375 0.04375
1 0.72109375 0.64609375 0.0375 0.04140625
1 0.71953125 0.68984375 0.03125 0.04609375
1 0.715625 0.7359375 0.0375 0.04765625
1 0.7171875 0.78203125 0.0390625 0.04140625
1 0.715625 0.8234375 0.03125 0.03515625
1 0.7171875 0.86484375 0.03515625 0.0375
1 0.71171875 0.91015625 0.04296875 0.04609375
1 0.55703125 0.99453125 0.03125 0.0109375
1 0.58515625 0.98359375 0.03359375 0.0328125
1 0.61875 0.96953125 0.03515625 0.04375
1 0.646875 0.95 0.028125 0.0328125
1 0.68203125 0.93046875 0.03125 0.04609375
1 0.68203125 0.890625 0.03125 0.0390625
1 0.68203125 0.846875 0.028125 0.0390625
1 0.68203125 0.8015625 0.03359375 0.0390625
1 0.68203125 0.76171875 0.03359375 0.0375
1 0.6859375 0.58046875 0.03125 0.0375
1 0.684375 0.6265625 0.03359375 0.04765625
1 0.6875 0.665625 0.03359375 0.0390625
1 0.6859375 0.71171875 0.04296875 0.04765625
1 0.61875 0.5828125 0.0375 0.0390625
1 0.5890625 0.55859375 0.03125 0.0390625
1 0.56171875 0.57890625 0.03125 0.04765625
1 0.528125 0.55859375 0.0390625 0.04609375
1 0.49609375 0.5828125 0.0296875 0.0375
1 0.528125 0.60078125 0.03125 0.0375
1 0.4984375 0.6265625 0.03359375 0.0375
1 0.52578125 0.64375 0.0296875 0.03515625
1 0.46484375 0.60234375 0.03125 0.04140625
1 0.5875 0.6046875 0.03125 0.04140625
1 0.56171875 0.6265625 0.03125 0.0375
1 0.65234375 0.6046875 0.03359375 0.03046875
1 0.62109375 0.62421875 0.03125 0.04140625
1 0.65234375 0.6484375 0.03515625 0.04140625
1 0.62265625 0.665625 0.03125 0.04140625
1 0.559375 0.6703125 0.03125 0.03046875
1 0.5890625 0.6875 0.03125 0.0375
1 0.528125 0.6875 0.02578125 0.03515625
1 0.4984375 0.6703125 0.03359375 0.0375
1 0.65390625 0.6921875 0.03515625 0.0390625
1 0.62265625 0.709375 0.0390625 0.04765625
1 0.65234375 0.73359375 0.040625 0.04609375
1 0.65078125 0.775 0.0390625 0.04375
1 0.5890625 0.73359375 0.0375 0.0375
1 0.6171875 0.753125 0.040625 0.04140625
1 0.5890625 0.775 0.0375 0.04140625
1 0.55546875 0.753125 0.03359375 0.04765625
1 0.5578125 0.71171875 0.028125 0.0328125
1 0.528125 0.73125 0.03515625 0.0375
1 0.49453125 0.71640625 0.03515625 0.0390625
1 0.4921875 0.76015625 0.03515625 0.0390625
1 0.5296875 0.77734375 0.03515625 0.04140625
1 0.61875 0.796875 0.03125 0.0375
1 0.6484375 0.82109375 0.0390625 0.04140625
1 0.62109375 0.84296875 0.0390625 0.04140625
1 0.5875 0.81875 0.0390625 0.04609375
1 0.5578125 0.796875 0.03359375 0.0390625
1 0.5578125 0.84296875 0.028125 0.0328125
1 0.52578125 0.8234375 0.03515625 0.0390625
1 0.49609375 0.79921875 0.03359375 0.03515625
1 0.4921875 0.83828125 0.03359375 0.04140625
1 0.43515625 0.57890625 0.0375 0.0390625
1 0.4 0.5984375 0.0375 0.0375
1 0.36953125 0.6203125 0.03359375 0.0375
1 0.334375 0.63984375 0.03359375 0.04140625
1 0.30703125 0.659375 0.0296875 0.03515625
1 0.275 0.67890625 0.0390625 0.04375
1 0.24375 0.65703125 0.03515625 0.04375
1 0.43125 0.6203125 0.03515625 0.04375
1 0.4015625 0.63984375 0.02578125 0.0328125
1 0.36953125 0.6640625 0.03125 0.03515625
1 0.33828125 0.68125 0.0296875 0.0390625
1 0.30703125 0.70078125 0.0375 0.04375
1 0.2734375 0.725 0.0375 0.04609375
1 0.4625 0.64609375 0.03515625 0.04140625
1 0.4625 0.82109375 0.03515625 0.04765625
1 0.4609375 0.77265625 0.03515625 0.03515625
1 0.459375 0.73828125 0.03515625 0.0375
1 0.4609375 0.6921875 0.04296875 0.04765625
1 0.4296875 0.66171875 0.0390625 0.04140625
1 0.39765625 0.68359375 0.03359375 0.04375
1 0.42734375 0.70546875 0.0375 0.03515625
1 0.39765625 0.72890625 0.03125 0.0390625
1 0.4296875 0.75078125 0.0375 0.0375
1 0.36640625 0.7078125 0.03125 0.04140625
1 0.3328125 0.72265625 0.03125 0.04140625
1 0.3046875 0.74453125 0.03125 0.0375
1 0.2734375 0.76875 0.03125 0.04140625
1 0.27109375 0.8078125 0.03125 0.04140625
1 0.2734375 0.8515625 0.03125 0.04609375
1 0.303125 0.83203125 0.03515625 0.04140625
1 0.3046875 0.7859375 0.03515625 0.04609375
1 0.36796875 0.75078125 0.03359375 0.0390625
1 0.3328125 0.77109375 0.0375 0.04609375
1 0.4 0.77265625 0.0296875 0.0375
1 0.36796875 0.7921875 0.03359375 0.03046875
1 0.33671875 0.8140625 0.0296875 0.04140625
1 0.30078125 0.87578125 0.03359375 0.0390625
1 0.3328125 0.8578125 0.0375 0.04375
1 0.36640625 0.834375 0.0375 0.04375
1 0.4296875 0.796875 0.03359375 0.04375
1 0.4 0.8125 0.03515625 0.04140625
1 0.43125 0.83828125 0.0375 0.04140625
1 0.39765625 0.8578125 0.040625 0.04765625
1 0.303125 0.91484375 0.03125 0.0390625
1 0.30078125 0.95859375 0.03359375 0.0390625
1 0.65234375 0.86484375 0.03359375 0.03515625
1 0.6484375 0.90859375 0.04296875 0.05234375
1 0.61875 0.884375 0.03359375 0.04140625
1 0.6171875 0.928125 0.0390625 0.04375
1 0.5875 0.9453125 0.03359375 0.04375
1 0.55390625 0.96953125 0.0390625 0.04375
1 0.5203125 0.98671875 0.040625 0.0265625
1 0.48671875 0.9953125 0.03359375 0.00859375
1 0.4296875 0.99453125 0.03359375 0.0109375
1 0.3953125 0.98359375 0.03125 0.0328125
1 0.33046875 0.9015625 0.03125 0.0390625
1 0.32890625 0.94140625 0.03515625 0.04140625
1 0.3640625 0.96484375 0.03359375 0.0390625
1 0.36640625 0.9234375 0.03359375 0.0390625
1 0.3640625 0.8796875 0.03515625 0.04375
1 0.39609375 0.9015625 0.0375 0.0328125
1 0.39375 0.94140625 0.028125 0.04375
1 0.4625 0.8625 0.03125 0.0390625
1 0.4328125 0.88203125 0.03359375 0.0375
1 0.42734375 0.9234375 0.0390625 0.04140625
1 0.43125 0.9671875 0.03359375 0.04140625
1 0.459375 0.9859375 0.0296875 0.028125
1 0.4921875 0.9671875 0.040625 0.04609375
1 0.5203125 0.9453125 0.040625 0.04375
1 0.4921875 0.8796875 0.0375 0.04375
1 0.459375 0.90625 0.0390625 0.04609375
1 0.459375 0.94765625 0.03515625 0.04375
1 0.490625 0.928125 0.03359375 0.0390625
1 0.55390625 0.92578125 0.040625 0.0390625
1 0.5203125 0.90859375 0.040625 0.04140625
1 0.58515625 0.90625 0.0375 0.0375
1 0.5875 0.8625 0.03515625 0.04765625
1 0.55234375 0.884375 0.040625 0.04609375
1 0.996875 0.04453125 0.00546875 0.05
1 0.9953125 0.09140625 0.009375 0.04375
1 0.9953125 0.12734375 0.009375 0.0546875
1 0.99609375 0.18046875 0.0078125 0.05
1 0.99609375 0.26640625 0.0078125 0.04765625
1 0.97734375 0.24453125 0.04453125 0.0546875
1 0.996875 0.30546875 0.00546875 0.04375
1 0.98125 0.3296875 0.0375 0.0390625
1 0.99609375 0.34609375 0.0078125 0.04609375
1 0.98125 0.37421875 0.0375 0.05
1 0.9796875 0.5 0.03515625 0.0390625
1 0.97578125 0.58984375 0.028125 0.0265625
1 0.97578125 0.67890625 0.03515625 0.0390625
1 0.97578125 0.76640625 0.04296875 0.04765625
1 0.97421875 0.85625 0.04453125 0.05234375
1 0.9703125 0.90859375 0.04609375 0.04375
1 0.96875 0.98046875 0.03359375 0.0390625
1 0.99453125 0.92265625 0.0109375 0.04609375
1 0.990625 0.9625 0.01875 0.04375