1 0.984375 0.8765625 0.03125 0.246875
1 0.984375 0.34765625 0.03125 0.28359375
1 0.9734375 0.10078125 0.053125 0.2015625
1 0.871875 0.040625 0.23828125 0.08125
1 0.87890625 0.23828125 0.18671875 0.246875
1 0.884375 0.49140625 0.21796875 0.2296875
1 0.88984375 0.753125 0.18515625 0.225
1 0.88828125 0.95078125 0.20859375 0.0984375
1 0.68203125 0.88515625 0.20703125 0.2296875
1 0.68671875 0.63515625 0.20859375 0.23203125
1 0.6796875 0.3796875 0.17421875 0.2234375
1 0.665625 0.11875 0.21875 0.2375
1 0.4953125 0.959375 0.18125 0.08125
1 0.50703125 0.7921875 0.190625 0.2234375
1 0.5015625 0.49609375 0.19609375 0.26640625
1 0.4984375 0.23203125 0.203125 0.24453125
1 0.484375 0.0515625 0.203125 0.103125
1 0.31328125 0.89453125 0.23046875 0.21015625
1 0.3078125 0.66328125 0.234375 0.26640625
1 0.31484375 0.39453125 0.2109375 0.240625
1 0.29453125 0.12890625 0.23828125 0.246875
1 0.10078125 0.06328125 0.17578125 0.1265625
1 0.10234375 0.2765625 0.190625 0.2421875
1 0.09921875 0.51953125 0.1828125 0.2125
1 0.09375 0.78359375 0.1796875 0.225
1 0.1171875 0.9609375 0.1625 0.078125
1 0.01015625 0.653125 0.0203125 0.2125