1 0.85234375 0.03515625 0.22890625 0.0703125
1 0.86015625 0.196875 0.24765625 0.25859375
1 0.8671875 0.4484375 0.21796875 0.24375
1 0.86328125 0.715625 0.20703125 0.2671875
1 0.86484375 0.925 0.1984375 0.14921875
1 0.64375 0.84375 0.2578125 0.278125
1 0.66328125 0.55546875 0.1984375 0.25234375
1 0.66875 0.30546875 0.17421875 0.203125
1 0.6546875 0.0890625 0.18515625 0.17734375
1 0.48828125 0.01171875 0.1796875 0.0234375
1 0.4765625 0.196875 0.178125 0.18359375
1 0.465625 0.43125 0.1890625 0.25
1 0.47265625 0.721875 0.190625 0.2328125
1 0.4734375 0.93984375 0.13984375 0.11953125
1 0.27265625 0.86953125 0.20546875 0.23515625
1 0.2765625 0.5765625 0.19296875 0.2375
1 0.2890625 0.296875 0.178125 0.22890625
1 0.2953125 0.078125 0.1796875 0.15625
1 0.10625 0.04375 0.2125 0.0875
1 0.1109375 0.2125 0.221875 0.27578125
1 0.1015625 0.478125 0.203125 0.2625
1 0.1046875 0.72734375 0.209375 0.2328125
1 0.09375 0.92421875 0.1875 0.1515625
1 0.9671875 0.87265625 0.065625 0.25390625
1 0.97421875 0.6078125 0.05078125 0.27578125
1 0.978125 0.33671875 0.04375 0.2375
1 0.9890625 0.1078125 0.021875 0.215625