1 0.95078125 0.93359375 0.0953125 0.1328125
1 0.93125 0.75859375 0.1359375 0.20859375
1 0.9375 0.54765625 0.125 0.19609375
1 0.9359375 0.32421875 0.1265625 0.23046875
1 0.9359375 0.115625 0.1265625 0.2109375
1 0.78125 0.23046875 0.19375 0.2140625
1 0.7828125 0.45390625 0.1671875 0.18828125
1 0.7890625 0.65234375 0.1734375 0.1796875
1 0.79375 0.871875 0.16875 0.18671875
1 0.6203125 0.93203125 0.1453125 0.13359375
1 0.61875 0.7765625 0.1421875 0.190625
1 0.6234375 0.56953125 0.1796875 0.2015625
1 0.6359375 0.34609375 0.178125 0.23984375
1 0.6140625 0.11875 0.1453125 0.18515625
1 0.4609375 0.88671875 0.190625 0.21953125
1 0.46875 0.68671875 0.171875 0.20703125
1 0.465625 0.46328125 0.1765625 0.21640625
1 0.45625 0.25078125 0.1828125 0.23046875
1 0.28125 0.9484375 0.1953125 0.10078125
1 0.3015625 0.8 0.16875 0.2015625
1 0.2953125 0.59140625 0.1640625 0.2140625
1 0.290625 0.3515625 0.1703125 0.2140625
1 0.2859375 0.11875 0.16875 0.2375
1 0.45625 0.07109375 0.171875 0.14140625
1 0.128125 0.25625 0.1734375 0.2328125
1 0.1265625 0.06796875 0.178125 0.13359375
1 0.1296875 0.5 0.1890625 0.2125
1 0.134375 0.70546875 0.1640625 0.1578125
1 0.1390625 0.8921875 0.1734375 0.19765625
1 0.0296875 0.96875 0.059375 0.0625
1 0.0296875 0.8203125 0.0578125 0.19375
1 0.01875 0.59375 0.0375 0.23828125
1 0.0140625 0.36484375 0.028125 0.20859375
1 0.01875 0.13359375 0.0375 0.2671875
1 0.784375 0.05859375 0.175 0.115625