1 0.9640625 0.95 0.071875 0.1
1 0.9640625 0.8234375 0.0703125 0.1640625
1 0.965625 0.65859375 0.0671875 0.1703125
1 0.96875 0.490625 0.0625 0.1703125
1 0.96875 0.328125 0.0625 0.175
1 0.8890625 0.23984375 0.1140625 0.1453125
1 0.8875 0.40390625 0.1203125 0.17890625
1 0.8859375 0.5703125 0.1328125 0.16171875
1 0.8859375 0.728125 0.128125 0.16171875
1 0.88125 0.8859375 0.1171875 0.1578125
1 0.88359375 0.98203125 0.1265625 0.0359375
1 0.76640625 0.95703125 0.1203125 0.0859375
1 0.771875 0.825 0.121875 0.19140625
1 0.771875 0.6484375 0.10625 0.16640625
1 0.7765625 0.484375 0.1078125 0.14765625
1 0.6703125 0.40234375 0.11875 0.1875
1 0.66875 0.575 0.1078125 0.15546875
1 0.6609375 0.7390625 0.1140625 0.1828125
1 0.6484375 0.89296875 0.1375 0.15390625
1 0.65703125 0.97578125 0.1140625 0.0484375
1 0.54765625 0.94375 0.1203125 0.1125
1 0.5515625 0.81015625 0.10625 0.14765625
1 0.5578125 0.6484375 0.109375 0.1765625
1 0.5609375 0.48203125 0.10625 0.15546875
1 0.565625 0.321875 0.1140625 0.1703125
1 0.4453125 0.9796875 0.109375 0.03984375
1 0.453125 0.8859375 0.1328125 0.16015625
1 0.453125 0.7265625 0.11875 0.16640625
1 0.453125 0.5640625 0.1171875 0.1640625
1 0.465625 0.4 0.109375 0.1578125
1 0.4609375 0.2296875 0.1109375 0.1828125
1 0.33515625 0.9359375 0.1234375 0.128125
1 0.33125 0.80625 0.1203125 0.1640625
1 0.3375 0.6421875 0.1171875 0.16171875
1 0.3421875 0.478125 0.11875 0.16640625
1 0.346875 0.30078125 0.121875 0.18515625
1 0.6703125 0.2296875 0.103125 0.1515625
1 0.78125 0.1640625 0.1203125 0.18515625
1 0.22734375 0.97734375 0.1109375 0.0453125
1 0.1171875 0.9328125 0.1265625 0.134375
1 0.03359375 0.96953125 0.0640625 0.0609375
1 0.0359375 0.86328125 0.0703125 0.16875
1 0.225 0.86328125 0.1234375 0.17890625
1 0.2296875 0.709375 0.1171875 0.1578125
1 0.11875 0.7875 0.109375 0.16640625
1 0.0359375 0.69296875 0.071875 0.175
1 0.1234375 0.62109375 0.1109375 0.1640625
1 0.2328125 0.54921875 0.121875 0.1578125
1 0.0359375 0.5265625 0.0703125 0.15390625
1 0.1203125 0.4609375 0.1078125 0.15390625
1 0.23125 0.39140625 0.1265625 0.16015625
1 0.0390625 0.36875 0.0765625 0.15390625
1 0.1203125 0.30078125 0.1015625 0.16015625
1 0.23125 0.225 0.121875 0.16875
1 0.0390625 0.20859375 0.078125 0.1578125
1 0.1234375 0.13671875 0.109375 0.1578125
1 0.3484375 0.12421875 0.1203125 0.17265625
1 0.9640625 0.03828125 0.071875 0.07578125
1 0.965625 0.1515625 0.06875 0.175
1 0.8875 0.078125 0.1234375 0.15390625
1 0.7859375 0.03828125 0.125 0.07578125
1 0.559375 0.14921875 0.115625 0.1765625
1 0.675 0.08203125 0.1265625 0.16171875
1 0.5515625 0.03359375 0.1265625 0.0671875
1 0.459375 0.0734375 0.109375 0.146875
1 0.3484375 0.0296875 0.121875 0.05859375
1 0.2390625 0.065625 0.11875 0.128125
1 0.0421875 0.0609375 0.0828125 0.1203125
1 0.12734375 0.03125 0.1171875 0.0625