1 0.025 0.040625 0.046875 0.06953125
1 0.025 0.096875 0.0484375 0.0515625
1 0.021875 0.1484375 0.04375 0.053125
1 0.025 0.20390625 0.0484375 0.04921875
1 0.0265625 0.2546875 0.053125 0.0609375
1 0.0234375 0.31953125 0.046875 0.05703125
1 0.021875 0.37421875 0.0421875 0.053125
1 0.0203125 0.43125 0.0390625 0.0625
1 0.0203125 0.48984375 0.0390625 0.05703125
1 0.0203125 0.55234375 0.0390625 0.05703125
1 0.0203125 0.60546875 0.0390625 0.05859375
1 0.021875 0.65703125 0.04375 0.0609375
1 0.0203125 0.715625 0.0390625 0.0546875
1 0.01875 0.7703125 0.0359375 0.05859375
1 0.0203125 0.8296875 0.0390625 0.0625
1 0.0203125 0.884375 0.0390625 0.06796875
1 0.14375 0.0015625 0.0421875 0.0015625
1 0.2375 0.00390625 0.05 0.00546875
1 0.3171875 0.0125 0.0578125 0.02421875
1 0.315625 0.04609375 0.0515625 0.05703125
1 0.2765625 0.0640625 0.0421875 0.0609375
1 0.2328125 0.09921875 0.05 0.053125
1 0.146875 0.1359375 0.040625 0.0421875
1 0.2328125 0.15625 0.0484375 0.06640625
1 0.2328125 0.20390625 0.053125 0.05859375
1 0.15 0.25703125 0.03125 0.03671875
1 0.23125 0.3171875 0.0515625 0.05703125
1 0.15 0.37265625 0.04375 0.0515625
1 0.15 0.49140625 0.04375 0.0546875
1 0.146875 0.6125 0.0515625 0.06640625
1 0.1421875 0.6828125 0.059375 0.07890625
1 0.1375 0.778125 0.0546875 0.06640625
1 0.140625 0.83515625 0.0515625 0.0625
1 0.1375 0.8953125 0.0515625 0.06640625
1 0.1359375 0.95625 0.059375 0.06640625
1 0.3046875 0.96328125 0.05 0.0546875
1 0.26171875 0.9765625 0.0515625 0.046875
1 0.2203125 0.959375 0.05 0.05859375
1 0.1796875 0.925 0.046875 0.06640625
1 0.2171875 0.896875 0.05625 0.05859375
1 0.25625 0.64921875 0.046875 0.0515625
1 0.23125 0.684375 0.040625 0.0546875
1 0.1859375 0.6953125 0.05 0.0609375
1 0.21875 0.725 0.0578125 0.06796875
1 0.1796875 0.746875 0.0453125 0.0609375
1 0.2125 0.7796875 0.046875 0.05703125
1 0.259375 0.80390625 0.053125 0.06953125
1 0.21875 0.840625 0.0453125 0.05859375
1 0.2640625 0.86796875 0.059375 0.0734375
1 0.896875 0.009375 0.046875 0.01796875
1 0.9375 0.06796875 0.059375 0.0734375
1 0.6015625 0.30078125 0.046875 0.0609375
1 0.5671875 0.328125 0.059375 0.06640625
1 0.5640625 0.3890625 0.05 0.053125
1 0.5640625 0.44609375 0.05625 0.0625
1 0.5171875 0.46953125 0.0609375 0.06953125
1 0.7296875 0.0109375 0.0515625 0.0203125
1 0.7671875 0.02734375 0.046875 0.053125
1 0.8078125 0.0109375 0.046875 0.0203125
1 0.8171875 0.04375 0.0609375 0.05859375
1 0.85 0.0828125 0.0578125 0.06640625
1 0.884375 0.1265625 0.0546875 0.05859375
1 0.928125 0.14140625 0.04375 0.053125
1 0.8109375 0.09375 0.0484375 0.06640625
1 0.8203125 0.15234375 0.059375 0.05703125
1 0.896875 0.21484375 0.05 0.0625
1 0.8609375 0.18359375 0.05 0.06640625
1 0.771875 0.1265625 0.04375 0.04921875
1 0.73125 0.096875 0.04375 0.0515625
1 0.6890625 0.128125 0.046875 0.04765625
1 0.6484375 0.103125 0.0484375 0.04765625
1 0.6046875 0.1265625 0.0453125 0.04609375
1 0.6015625 0.17578125 0.046875 0.0546875
1 0.5640625 0.1578125 0.040625 0.04609375
1 0.5234375 0.128125 0.05 0.0625
1 0.684375 0.02421875 0.053125 0.04609375
1 0.65 0.04921875 0.05 0.06953125
1 0.6453125 0.00390625 0.0453125 0.00703125
1 0.6125 0.02734375 0.059375 0.053125
1 0.5671875 0.03828125 0.0546875 0.0734375
1 0.521875 0.0203125 0.05625 0.03828125
1 0.440625 0.021875 0.0546875 0.04375
1 0.4796875 0.040625 0.04375 0.0609375
1 0.521875 0.071875 0.05625 0.06796875
1 0.4796875 0.096875 0.046875 0.05703125
1 0.4390625 0.12109375 0.0484375 0.05703125
1 0.396875 0.146875 0.0453125 0.0515625
1 0.3578125 0.178125 0.046875 0.0609375
1 0.3140625 0.1453125 0.0515625 0.0546875
1 0.3109375 0.2015625 0.0546875 0.06796875
1 0.771875 0.18203125 0.0453125 0.0421875
1 0.8078125 0.21484375 0.0578125 0.0625
1 0.7296875 0.2109375 0.046875 0.0515625
1 0.7671875 0.2421875 0.0484375 0.0625
1 0.853125 0.2421875 0.0578125 0.05703125
1 0.8109375 0.26953125 0.053125 0.05859375
1 0.7671875 0.296875 0.0484375 0.05703125
1 0.8546875 0.30078125 0.0453125 0.0515625
1 0.8109375 0.325 0.05 0.0515625
1 0.771875 0.3578125 0.0484375 0.05703125
1 0.728125 0.33046875 0.04375 0.053125
1 0.6859375 0.2953125 0.0421875 0.04921875
1 0.640625 0.32265625 0.0453125 0.05703125
1 0.6828125 0.35625 0.0546875 0.06796875
1 0.7265625 0.3875 0.0515625 0.06796875
1 0.9328125 0.30078125 0.0421875 0.04765625
1 0.896875 0.3359375 0.0484375 0.04921875
1 0.853125 0.36328125 0.05625 0.0515625
1 0.853125 0.4203125 0.04375 0.05703125
1 0.80625 0.3875 0.0515625 0.05703125
1 0.76875 0.41796875 0.040625 0.053125
1 0.8125 0.44609375 0.0453125 0.05703125
1 0.7265625 0.44765625 0.05 0.0546875
1 0.684375 0.4203125 0.040625 0.05703125
1 0.640625 0.44609375 0.0515625 0.06640625
1 0.896875 0.453125 0.0390625 0.0328125
1 0.9359375 0.4859375 0.0421875 0.04375
1 0.89375 0.51015625 0.04375 0.0640625
1 0.8515625 0.5390625 0.04375 0.04375
1 0.8609375 0.59609375 0.034375 0.04375
1 0.8109375 0.50859375 0.059375 0.06796875
1 0.7671875 0.47734375 0.0484375 0.0625
1 0.725 0.49921875 0.0546875 0.0625
1 0.68125 0.475 0.053125 0.0625
1 0.7625 0.5375 0.05 0.05703125
1 0.80625 0.56328125 0.053125 0.05859375
1 0.6796875 0.53359375 0.0515625 0.05859375
1 0.721875 0.559375 0.05 0.0546875
1 0.68125 0.590625 0.053125 0.0625
1 0.515625 0.29375 0.0484375 0.0609375
1 0.478125 0.32109375 0.040625 0.0515625
1 0.4796875 0.3796875 0.0421875 0.0625
1 0.4390625 0.3484375 0.05 0.05703125
1 0.434375 0.409375 0.053125 0.053125
1 0.3921875 0.378125 0.0484375 0.06796875
1 0.7640625 0.59609375 0.04375 0.04921875
1 0.3125 0.2625 0.053125 0.05859375
1 0.4390625 0.178125 0.05 0.05859375
1 0.396875 0.20390625 0.0484375 0.071875
1 0.440625 0.23671875 0.0546875 0.05859375
1 0.440625 0.2953125 0.046875 0.06640625
1 0.39375 0.26953125 0.040625 0.0640625
1 0.3515625 0.29375 0.04375 0.06640625
1 0.3109375 0.32265625 0.040625 0.04375
1 0.3109375 0.3796875 0.0359375 0.04609375
1 0.2296875 0.43515625 0.03125 0.03671875
1 0.30625 0.43125 0.0421875 0.0515625
1 0.265625 0.46640625 0.040625 0.0609375
1 0.228125 0.49921875 0.0453125 0.0609375
1 0.3515625 0.4625 0.059375 0.06640625
1 0.30625 0.4953125 0.05625 0.06640625
1 0.3953125 0.4953125 0.0484375 0.05703125
1 0.3515625 0.52265625 0.0578125 0.06796875
1 0.30625 0.5578125 0.040625 0.0515625
1 0.2671875 0.578125 0.0484375 0.06796875
1 0.3953125 0.559375 0.0578125 0.06953125
1 0.346875 0.5890625 0.05625 0.0734375
1 0.3078125 0.61640625 0.046875 0.071875
1 0.475 0.56171875 0.0375 0.0421875
1 0.4359375 0.5875 0.0546875 0.06953125
1 0.390625 0.6125 0.05 0.0609375
1 0.4359375 0.64609375 0.0484375 0.0625
1 0.3875 0.67734375 0.0609375 0.07890625
1 0.521875 0.5875 0.04375 0.05703125
1 0.4796875 0.6109375 0.046875 0.0640625
1 0.5171875 0.6515625 0.0578125 0.053125
1 0.5171875 0.7046875 0.0484375 0.04921875
1 0.471875 0.67734375 0.05 0.06640625
1 0.440625 0.70625 0.0578125 0.0609375
1 0.4375 0.75625 0.0515625 0.0515625
1 0.5109375 0.75234375 0.05 0.05859375
1 0.6390625 0.61796875 0.034375 0.040625
1 0.596875 0.64921875 0.0515625 0.0546875
1 0.5625 0.675 0.040625 0.0515625
1 0.3421875 0.69921875 0.0375 0.04765625
1 0.3046875 0.684375 0.0375 0.0546875
1 0.3046875 0.72265625 0.046875 0.04375
1 0.346875 0.75078125 0.0578125 0.0546875
1 0.3484375 0.80546875 0.05 0.05859375
1 0.3078125 0.83671875 0.0484375 0.06640625
1 0.35 0.8640625 0.05 0.06796875
1 0.4375 0.8109375 0.05625 0.05703125
1 0.3890625 0.8421875 0.05 0.0609375
1 0.475 0.840625 0.0546875 0.0546875
1 0.46875 0.90078125 0.046875 0.053125
1 0.4296875 0.928125 0.046875 0.0625
1 0.4296875 0.97578125 0.053125 0.04765625
1 0.471875 0.959375 0.0484375 0.053125
1 0.5078125 0.928125 0.046875 0.0546875
1 0.47109375 0.99375 0.0359375 0.0125
1 0.5875 0.928125 0.0609375 0.06640625
1 0.5859375 0.98046875 0.053125 0.03828125
1 0.5953125 0.87890625 0.0578125 0.053125
1 0.59375 0.8296875 0.040625 0.04765625
1 0.5515625 0.78359375 0.0484375 0.04765625
1 0.596875 0.703125 0.0484375 0.05703125
1 0.596875 0.759375 0.05625 0.053125
1 0.6375 0.67734375 0.046875 0.0609375
1 0.6375 0.7359375 0.053125 0.0625
1 0.6796875 0.64765625 0.053125 0.05859375
1 0.6828125 0.703125 0.046875 0.04921875
1 0.7234375 0.73046875 0.0328125 0.04375
1 0.6828125 0.76171875 0.0578125 0.06640625
1 0.6796875 0.8203125 0.0484375 0.04375
1 0.6421875 0.840625 0.040625 0.0515625
1 0.721875 0.84765625 0.05 0.05703125
1 0.675 0.875 0.05625 0.0625
1 0.6796875 0.9359375 0.059375 0.05703125
1 0.678125 0.978125 0.0640625 0.04375
1 0.7609375 0.9359375 0.0484375 0.0640625
1 0.7265625 0.62421875 0.046875 0.06953125
1 0.809375 0.62578125 0.0546875 0.04921875
1 0.7640625 0.6515625 0.0484375 0.06640625
1 0.93125 0.6546875 0.053125 0.053125
1 0.890625 0.68046875 0.0453125 0.03828125
1 0.846875 0.6625 0.046875 0.053125
1 0.803125 0.684375 0.05 0.0609375
1 0.85 0.70859375 0.053125 0.04609375
1 0.80625 0.74140625 0.0453125 0.0515625
1 0.765625 0.75078125 0.05 0.04765625
1 0.8453125 0.759375 0.0453125 0.04609375
1 0.803125 0.7875 0.0453125 0.0515625
1 0.8046875 0.84765625 0.0546875 0.0640625
1 0.928125 0.81796875 0.0515625 0.0515625
1 0.928125 0.88046875 0.0546875 0.0625
1 0.9265625 0.94140625 0.0390625 0.0421875
1 0.884375 0.8421875 0.0390625 0.04609375
1 0.8828125 0.91015625 0.046875 0.05859375
1 0.84375 0.946875 0.0484375 0.053125
1 0.846875 0.88046875 0.046875 0.075
1 0.01640625 0.9875 0.0296875 0.025