1 0.98125 0.009375 0.0375 0.01640625
1 0.9796875 0.04765625 0.040625 0.0625
1 0.9828125 0.10859375 0.034375 0.05703125
1 0.98125 0.16484375 0.0375 0.05859375
1 0.98125 0.22421875 0.0359375 0.0546875
1 0.8625 0.209375 0.0515625 0.0640625
1 0.9015625 0.29375 0.053125 0.0609375
1 0.946875 0.2515625 0.0453125 0.04921875
1 0.9421875 0.19453125 0.0515625 0.0609375
1 0.8625 0.146875 0.0484375 0.0609375
1 0.8984375 0.10859375 0.0546875 0.06640625
1 0.95 0.3171875 0.0515625 0.06640625
1 0.9828125 0.2828125 0.0328125 0.0640625
1 0.946875 0.37578125 0.0484375 0.05703125
1 0.9828125 0.346875 0.034375 0.0546875
1 0.9828125 0.40390625 0.034375 0.0546875
1 0.815625 0.28828125 0.04375 0.04921875
1 0.00625 0.94296875 0.0125 0.06796875
1 0.009375 0.87734375 0.0171875 0.05703125
1 0.009375 0.81796875 0.01875 0.05859375
1 0.00625 0.75390625 0.0109375 0.0625
1 0.0078125 0.7046875 0.015625 0.04765625
1 0.0078125 0.64375 0.0140625 0.0640625
1 0.0046875 0.4625 0.0078125 0.05859375
1 0.00625 0.4015625 0.0125 0.0546875
1 0.0203125 0.0203125 0.040625 0.03828125
1 0.0234375 0.07890625 0.046875 0.05859375
1 0.025 0.1390625 0.04375 0.0546875
1 0.0234375 0.19453125 0.04375 0.05859375
1 0.0296875 0.31171875 0.0546875 0.0609375
1 0.0296875 0.3703125 0.0453125 0.05859375
1 0.03125 0.43828125 0.046875 0.0625
1 0.03125 0.50078125 0.05 0.0546875
1 0.0296875 0.55625 0.046875 0.0546875
1 0.0328125 0.61640625 0.04375 0.04921875
1 0.034375 0.675 0.0390625 0.0640625
1 0.0359375 0.73046875 0.0390625 0.053125
1 0.034375 0.78359375 0.0484375 0.04375
1 0.0328125 0.840625 0.0453125 0.0546875
1 0.0359375 0.90078125 0.0453125 0.0640625
1 0.0828125 0.93203125 0.05 0.0546875
1 0.1265625 0.91015625 0.0453125 0.0515625
1 0.0828125 0.86953125 0.0484375 0.04609375
1 0.1234375 0.83828125 0.040625 0.0546875
1 0.0796875 0.8125 0.046875 0.05859375
1 0.078125 0.746875 0.0546875 0.05703125
1 0.1203125 0.7796875 0.04375 0.053125
1 0.0734375 0.69140625 0.0421875 0.053125
1 0.1171875 0.7265625 0.046875 0.04921875
1 0.1171875 0.671875 0.0484375 0.053125
1 0.071875 0.63515625 0.046875 0.0546875
1 0.071875 0.57265625 0.0453125 0.0546875
1 0.078125 0.5140625 0.0484375 0.05859375
1 0.0734375 0.45859375 0.0515625 0.0515625
1 0.06875 0.39609375 0.040625 0.0515625
1 0.0703125 0.2828125 0.046875 0.06640625
1 0.109375 0.2515625 0.046875 0.0546875
1 0.0703125 0.221875 0.046875 0.053125
1 0.0734375 0.16171875 0.0484375 0.053125
1 0.0703125 0.103125 0.0515625 0.0546875
1 0.06875 0.04375 0.0515625 0.0546875
1 0.06875 0.00703125 0.05 0.0125
1 0.109375 0.02578125 0.046875 0.0515625
1 0.1078125 0.07734375 0.04375 0.053125
1 0.1125 0.13203125 0.04375 0.04921875
1 0.1125 0.190625 0.0453125 0.04921875
1 0.1125 0.31015625 0.0546875 0.0640625
1 0.1109375 0.3703125 0.05 0.05859375
1 0.115625 0.4296875 0.05 0.05859375
1 0.1171875 0.48828125 0.0484375 0.0609375
1 0.11875 0.55078125 0.046875 0.0546875
1 0.11875 0.609375 0.0546875 0.05703125
1 0.16875 0.9359375 0.0484375 0.05703125
1 0.12109375 0.9953125 0.0578125 0.009375
1 0.1671875 0.87734375 0.05 0.0515625
1 0.1671875 0.81796875 0.053125 0.0515625
1 0.165625 0.76484375 0.0375 0.04609375
1 0.1671875 0.703125 0.0453125 0.053125
1 0.1640625 0.640625 0.05 0.0546875
1 0.1625 0.578125 0.040625 0.04765625
1 0.1578125 0.52109375 0.0484375 0.0515625
1 0.1625 0.4546875 0.05 0.06953125
1 0.1609375 0.39453125 0.05 0.04609375
1 0.15625 0.3375 0.0546875 0.0546875
1 0.1578125 0.28046875 0.0484375 0.05703125
1 0.15625 0.21484375 0.046875 0.05703125
1 0.159375 0.159375 0.04375 0.04765625
1 0.1546875 0.1046875 0.0421875 0.0515625
1 0.1546875 0.04375 0.0453125 0.053125
1 0.153125 0.00546875 0.0484375 0.0109375
1 0.1984375 0.0203125 0.0515625 0.03828125
1 0.1984375 0.06953125 0.053125 0.0546875
1 0.2 0.125 0.0515625 0.0546875
1 0.1984375 0.18359375 0.0484375 0.05703125
1 0.203125 0.24375 0.053125 0.0546875
1 0.20625 0.303125 0.0515625 0.0625
1 0.2046875 0.36171875 0.046875 0.0515625
1 0.2046875 0.42421875 0.0453125 0.0609375
1 0.203125 0.484375 0.0546875 0.0609375
1 0.203125 0.546875 0.0484375 0.0609375
1 0.203125 0.60703125 0.053125 0.0625
1 0.2046875 0.66953125 0.0421875 0.0546875
1 0.2078125 0.7265625 0.05 0.0625
1 0.2078125 0.7796875 0.05 0.0609375
1 0.2078125 0.84609375 0.05 0.0625
1 0.2125 0.90625 0.04375 0.0640625
1 0.2359375 0.00390625 0.046875 0.00703125
1 0.240625 0.03671875 0.040625 0.04375
1 0.240625 0.09921875 0.0375 0.0546875
1 0.24375 0.159375 0.04375 0.06953125
1 0.246875 0.2734375 0.0453125 0.0609375
1 0.246875 0.33046875 0.04375 0.0546875
1 0.2890625 0.3046875 0.05 0.05703125
1 0.2875 0.2421875 0.053125 0.0609375
1 0.2890625 0.36328125 0.04375 0.05859375
1 0.24375 0.39453125 0.04375 0.053125
1 0.246875 0.4515625 0.0453125 0.05703125
1 0.25 0.51171875 0.05 0.05703125
1 0.25 0.57578125 0.0484375 0.0515625
1 0.246875 0.6328125 0.040625 0.04921875
1 0.95 0.13046875 0.0453125 0.053125
1 0.9453125 0.075 0.0484375 0.0609375
1 0.940625 0.0203125 0.0515625 0.040625
1 0.9015625 0.04609375 0.053125 0.05703125
1 0.8578125 0.06953125 0.0390625 0.053125
1 0.89609375 0.00703125 0.0484375 0.0140625
1 0.2890625 0.01640625 0.0515625 0.0328125
1 0.2828125 0.06953125 0.0515625 0.05703125
1 0.325 0.00390625 0.0484375 0.00703125
1 0.2859375 0.125 0.0453125 0.0546875
1 0.2875 0.178125 0.0484375 0.05703125
1 0.33125 0.09921875 0.04375 0.0546875
1 0.3328125 0.15234375 0.04375 0.05703125
1 0.6375 0.0125 0.0453125 0.02421875
1 0.6859375 0.02421875 0.04375 0.04765625
1 0.728125 0.0125 0.0390625 0.02421875
1 0.7703125 0.02734375 0.0515625 0.053125
1 0.8171875 0.04375 0.0484375 0.05859375
1 0.8171875 0.1046875 0.046875 0.06640625
1 0.7703125 0.0859375 0.05 0.06640625
1 0.76875 0.15078125 0.04375 0.06640625
1 0.815625 0.1703125 0.0421875 0.053125
1 0.778125 0.2109375 0.0421875 0.0515625
1 0.725 0.05859375 0.0453125 0.04921875
1 0.4984375 0.0015625 0.046875 0.003125
1 0.5484375 0.01640625 0.04375 0.0328125
1 0.5875 0.0296875 0.05 0.04765625
1 0.6390625 0.05859375 0.05 0.053125
1 0.371875 0.01640625 0.0484375 0.0328125
1 0.36875 0.06640625 0.05625 0.0625
1 0.375 0.125 0.05625 0.0625
1 0.3734375 0.1796875 0.0421875 0.04609375
1 0.334375 0.21484375 0.0484375 0.0609375
1 0.41875 0.03125 0.046875 0.0625
1 0.4609375 0.01640625 0.04375 0.0328125
1 0.5046875 0.0421875 0.0484375 0.053125
1 0.5484375 0.0625 0.0421875 0.04921875
1 0.5875 0.09375 0.046875 0.0625
1 0.6375 0.115625 0.053125 0.0546875
1 0.684375 0.084375 0.0453125 0.05859375
1 0.725 0.1171875 0.046875 0.05859375
1 0.4609375 0.071875 0.0453125 0.0546875
1 0.4234375 0.0953125 0.0484375 0.0515625
1 0.50625 0.096875 0.04375 0.04375
1 0.546875 0.115625 0.0421875 0.04609375
1 0.5984375 0.146875 0.0421875 0.0515625
1 0.640625 0.1703125 0.040625 0.053125
1 0.684375 0.20546875 0.046875 0.0546875
1 0.6859375 0.1375 0.0390625 0.04765625
1 0.725 0.17421875 0.04375 0.0515625
1 0.771875 0.25703125 0.0390625 0.04609375
1 0.459375 0.128125 0.0375 0.03671875
1 0.4203125 0.146875 0.0390625 0.053125
1 0.334375 0.2734375 0.0546875 0.04765625
1 0.371875 0.30625 0.046875 0.0421875
1 0.3734375 0.23828125 0.05 0.0609375
1 0.4203125 0.2109375 0.05 0.05703125
1 0.4609375 0.18203125 0.0546875 0.0609375
1 0.5046875 0.15625 0.0421875 0.04921875
1 0.546875 0.17265625 0.0453125 0.05703125
1 0.5953125 0.2 0.0484375 0.04765625
1 0.640625 0.23125 0.0453125 0.0546875
1 0.459375 0.24609375 0.0421875 0.04765625
1 0.41875 0.26953125 0.040625 0.04609375
1 0.459375 0.30078125 0.046875 0.0515625
1 0.421875 0.33203125 0.0375 0.04375
1 0.5046875 0.2734375 0.040625 0.05703125
1 0.55 0.23515625 0.040625 0.04375
1 0.5953125 0.2640625 0.0421875 0.0515625
1 0.5515625 0.29921875 0.046875 0.0421875
1 0.6828125 0.2609375 0.04375 0.053125
1 0.725 0.28828125 0.04375 0.04765625
1 0.76875 0.315625 0.040625 0.0546875
1 0.8140625 0.346875 0.046875 0.04921875
1 0.903125 0.4 0.04375 0.04609375
1 0.8625 0.4296875 0.0390625 0.04375
1 0.9015625 0.453125 0.046875 0.0640625
1 0.81875 0.40703125 0.0421875 0.04765625
1 0.6421875 0.29921875 0.0484375 0.04765625
1 0.6828125 0.3265625 0.04375 0.04921875
1 0.7265625 0.35078125 0.046875 0.04921875
1 0.771875 0.38203125 0.046875 0.05703125
1 0.946875 0.440625 0.0390625 0.04921875
1 0.98125 0.4609375 0.0359375 0.0625
1 0.9484375 0.49140625 0.0484375 0.05859375
1 0.984375 0.52109375 0.0296875 0.06796875
1 0.815625 0.46796875 0.0546875 0.04921875
1 0.8625 0.48984375 0.046875 0.05859375
1 0.86875 0.5484375 0.0328125 0.04375
1 0.8203125 0.528125 0.0453125 0.04609375
1 0.909375 0.5796875 0.0421875 0.0640625
1 0.94375 0.546875 0.05 0.0546875
1 0.9828125 0.58203125 0.0328125 0.05859375
1 0.95 0.60546875 0.04375 0.0625
1 0.9859375 0.63828125 0.0265625 0.053125
1 0.9890625 0.6953125 0.021875 0.0640625
1 0.990625 0.75078125 0.01875 0.0421875
1 0.9890625 0.80546875 0.021875 0.0625
1 0.9890625 0.8734375 0.021875 0.0421875
1 0.959375 0.91171875 0.0484375 0.04921875
1 0.95625 0.8515625 0.0453125 0.0515625
1 0.9546875 0.7875 0.0421875 0.05859375
1 0.9546875 0.7265625 0.0421875 0.04921875
1 0.953125 0.66640625 0.0515625 0.0546875
1 0.24765625 0.98203125 0.0453125 0.0359375
1 0.33671875 0.98046875 0.0515625 0.03828125
1 0.384375 0.98984375 0.053125 0.0203125
1 0.43125 0.97890625 0.04375 0.0421875
1 0.47265625 0.98984375 0.0484375 0.0203125
1 0.55859375 0.98984375 0.0453125 0.0203125
1 0.6890625 0.97421875 0.0375 0.04609375
1 0.73203125 0.9875 0.0484375 0.025
1 0.778125 0.97421875 0.028125 0.03671875
1 0.8625 0.9703125 0.040625 0.04765625
1 0.90859375 0.9859375 0.0359375 0.02734375
1 0.9890625 0.984375 0.021875 0.03125
1 0.3734375 0.36328125 0.040625 0.04609375
1 0.3375 0.390625 0.053125 0.04765625
1 0.290625 0.42421875 0.0515625 0.05859375
1 0.4203125 0.390625 0.0453125 0.053125
1 0.465625 0.36328125 0.05 0.04765625
1 0.5109375 0.33046875 0.0625 0.0546875
1 0.5546875 0.35234375 0.0421875 0.0546875
1 0.596875 0.3265625 0.0390625 0.04609375
1 0.6 0.3875 0.04375 0.05859375
1 0.6375 0.35625 0.04375 0.04921875
1 0.6890625 0.3875 0.0484375 0.0546875
1 0.728125 0.40703125 0.034375 0.0515625
1 0.771875 0.44375 0.0484375 0.05703125
1 0.771875 0.49921875 0.0375 0.053125
1 0.5125 0.39296875 0.053125 0.0640625
1 0.55625 0.4125 0.0421875 0.0515625
1 0.596875 0.440625 0.0375 0.0546875
1 0.64375 0.41640625 0.04375 0.05859375
1 0.6390625 0.471875 0.046875 0.0546875
1 0.6859375 0.440625 0.040625 0.04921875
1 0.7296875 0.46640625 0.040625 0.053125
1 0.6875 0.503125 0.0453125 0.0625
1 0.73125 0.5265625 0.0421875 0.05859375
1 0.7734375 0.55625 0.0421875 0.0546875
1 0.4609375 0.421875 0.04375 0.0515625
1 0.3796875 0.42421875 0.0390625 0.03671875
1 0.33125 0.4546875 0.0359375 0.0546875
1 0.296875 0.484375 0.046875 0.0546875
1 0.29375 0.5453125 0.0484375 0.0515625
1 0.3359375 0.51015625 0.0421875 0.0546875
1 0.3765625 0.47890625 0.05 0.0625
1 0.421875 0.44609375 0.0515625 0.05703125
1 0.509375 0.4546875 0.0453125 0.04921875
1 0.5515625 0.47734375 0.0484375 0.0515625
1 0.59375 0.5046875 0.04375 0.05703125
1 0.640625 0.53359375 0.05 0.0546875
1 0.6875 0.56328125 0.040625 0.053125
1 0.684375 0.61640625 0.0421875 0.0515625
1 0.4640625 0.4828125 0.046875 0.0546875
1 0.4203125 0.50859375 0.0453125 0.0546875
1 0.378125 0.54296875 0.0515625 0.04765625
1 0.3375 0.5703125 0.046875 0.05703125
1 0.378125 0.6 0.0453125 0.04375
1 0.421875 0.578125 0.0484375 0.0546875
1 0.4640625 0.5453125 0.04375 0.04921875
1 0.5125 0.51015625 0.05 0.0546875
1 0.5515625 0.53359375 0.0390625 0.0609375
1 0.5953125 0.56171875 0.04375 0.053125
1 0.6453125 0.59296875 0.0453125 0.053125
1 0.6453125 0.65859375 0.04375 0.05703125
1 0.2953125 0.6015625 0.046875 0.0546875
1 0.3375 0.63125 0.0453125 0.04609375
1 0.2921875 0.6609375 0.053125 0.0546875
1 0.5125 0.5703125 0.0453125 0.0546875
1 0.4640625 0.6 0.0453125 0.0515625
1 0.553125 0.59609375 0.0390625 0.04765625
1 0.5984375 0.62421875 0.05 0.0515625
1 0.509375 0.62734375 0.0453125 0.05859375
1 0.5484375 0.65859375 0.0453125 0.04765625
1 0.3796875 0.6625 0.0453125 0.04375
1 0.425 0.68984375 0.04375 0.04921875
1 0.465625 0.6546875 0.046875 0.05859375
1 0.734375 0.59296875 0.0484375 0.0546875
1 0.775 0.6125 0.0390625 0.0515625
1 0.73125 0.6515625 0.05 0.05859375
1 0.81875 0.58359375 0.040625 0.04921875
1 0.815625 0.6421875 0.04375 0.04375
1 0.7765625 0.671875 0.04375 0.04921875
1 0.6 0.6859375 0.04375 0.04765625
1 0.5125 0.68984375 0.0421875 0.04765625
1 0.5546875 0.7140625 0.0421875 0.04765625
1 0.4703125 0.72109375 0.0453125 0.04921875
1 0.378125 0.715625 0.0453125 0.0515625
1 0.4234375 0.74296875 0.0546875 0.04921875
1 0.5125 0.7453125 0.040625 0.0546875
1 0.553125 0.77421875 0.046875 0.0515625
1 0.6015625 0.74296875 0.0484375 0.05703125
1 0.64375 0.71015625 0.0453125 0.05703125
1 0.6890625 0.68046875 0.046875 0.04765625
1 0.7296875 0.70625 0.0453125 0.04375
1 0.690625 0.7375 0.04375 0.04765625
1 0.7796875 0.728125 0.046875 0.05859375
1 0.81875 0.703125 0.046875 0.05703125
1 0.7328125 0.7578125 0.0421875 0.05703125
1 0.646875 0.7671875 0.0421875 0.04765625
1 0.603125 0.7984375 0.0421875 0.04921875
1 0.46875 0.778125 0.0578125 0.053125
1 0.8640625 0.60546875 0.05 0.0640625
1 0.90625 0.63671875 0.0453125 0.0515625
1 0.8671875 0.671875 0.05 0.0546875
1 0.90625 0.696875 0.0421875 0.0515625
1 0.8609375 0.728125 0.0421875 0.05859375
1 0.9046875 0.75390625 0.0484375 0.05703125
1 0.9046875 0.81484375 0.0484375 0.0625
1 0.9078125 0.87734375 0.0484375 0.0609375
1 0.86875 0.91015625 0.0375 0.053125
1 0.865625 0.84765625 0.0453125 0.06640625
1 0.8625 0.78515625 0.046875 0.05703125
1 0.821875 0.76171875 0.0515625 0.053125
1 0.7796875 0.7890625 0.0578125 0.0609375
1 0.6875 0.79609375 0.04375 0.0515625
1 0.73125 0.82421875 0.046875 0.0546875
1 0.778125 0.84921875 0.0453125 0.04921875
1 0.821875 0.81796875 0.0453125 0.0515625
1 0.8234375 0.87890625 0.0515625 0.05703125
1 0.778125 0.91015625 0.0453125 0.04921875
1 0.7375 0.8828125 0.046875 0.05859375
1 0.6953125 0.9140625 0.0484375 0.05703125
1 0.690625 0.853125 0.05 0.05703125
1 0.64375 0.82421875 0.046875 0.05703125
1 0.646875 0.8859375 0.0453125 0.04921875
1 0.6015625 0.85703125 0.0453125 0.053125
1 0.603125 0.915625 0.0421875 0.04921875
1 0.553125 0.8296875 0.04375 0.0515625
1 0.5609375 0.88984375 0.0453125 0.0546875
1 0.2546875 0.93203125 0.0453125 0.0546875
1 0.2515625 0.68984375 0.0453125 0.0640625
1 0.2515625 0.75078125 0.04375 0.053125
1 0.253125 0.8109375 0.04375 0.06640625
1 0.29375 0.7171875 0.0546875 0.05703125
1 0.2953125 0.77421875 0.05625 0.0625
1 0.2921875 0.83515625 0.05 0.05703125
1 0.2921875 0.8953125 0.0515625 0.05703125
1 0.34375 0.68828125 0.05 0.0546875
1 0.3390625 0.7453125 0.0515625 0.0515625
1 0.3375 0.80703125 0.0453125 0.0546875
1 0.340625 0.8640625 0.0484375 0.04921875
1 0.340625 0.9265625 0.05 0.06953125
1 0.3859375 0.94140625 0.0484375 0.04921875
1 0.4265625 0.92265625 0.0390625 0.05703125
1 0.4734375 0.94140625 0.0453125 0.0640625
1 0.515625 0.92109375 0.0375 0.0421875
1 0.5125 0.80390625 0.0421875 0.04375
1 0.51875 0.8625 0.04375 0.0625
1 0.471875 0.88828125 0.0484375 0.04375
1 0.384375 0.8859375 0.046875 0.0546875
1 0.384375 0.83515625 0.046875 0.053125
1 0.384375 0.77578125 0.0484375 0.0546875
1 0.428125 0.80546875 0.0484375 0.06640625
1 0.4296875 0.8625 0.0484375 0.05859375
1 0.475 0.83671875 0.053125 0.0640625