1 0.61328125 0.5296875 0.2265625 0.25703125
1 0.771875 0.2296875 0.26796875 0.31875
1 0.58359375 0.02734375 0.225 0.0546875
1 0.33671875 0.578125 0.2734375 0.31640625
1 0.28203125 0.16484375 0.22109375 0.25703125
1 0.890625 0.0359375 0.21875 0.071875
1 0.0828125 0.93671875 0.165625 0.1265625
1 0.96328125 0.4734375 0.0734375 0.25078125
1 0.95859375 0.23125 0.0828125 0.221875
1 0.984375 0.071875 0.03046875 0.14375
1 0.06953125 0.59296875 0.13828125 0.20703125
1 0.0484375 0.77421875 0.096875 0.19375
1 0.0578125 0.17421875 0.11484375 0.234375
1 0.75546875 0.9875 0.1796875 0.025
1 0.13671875 0.27421875 0.190625 0.2171875
1 0.17109375 0.46171875 0.18515625 0.24296875