1 0.8578125 0.2390625 0.20625 0.23046875
1 0.83828125 0.93984375 0.2015625 0.1203125
1 0.578125 0.6140625 0.16875 0.19375
1 0.46875 0.334375 0.19453125 0.2078125
1 0.94453125 0.046875 0.1109375 0.09375
1 0.57265625 0.07265625 0.15625 0.14453125
1 0.57890625 0.940625 0.2171875 0.11875
1 0.184375 0.29765625 0.1875 0.20625
1 0.071875 0.80703125 0.14375 0.21015625
1 0.9421875 0.99609375 0.115625 0.0078125
1 0.28828125 0.4265625 0.203125 0.2140625
1 0.07578125 0.5859375 0.15078125 0.1921875
1 0.06328125 0.42109375 0.1265625 0.17734375
1 0.42109375 0.97734375 0.171875 0.04453125
1 0.43984375 0.03984375 0.20625 0.0796875
1 0.1859375 0.52890625 0.13203125 0.2140625
1 0.0109375 0.29609375 0.021875 0.1609375
1 0.96171875 0.909375 0.0765625 0.15703125