1 0.66796875 0.965625 0.11328125 0.06796875
1 0.8984375 0.95703125 0.121875 0.0859375
1 0.9796875 0.9046875 0.040625 0.16328125
1 0.9796875 0.734375 0.040625 0.18671875
1 0.8984375 0.64296875 0.1265625 0.19765625
1 0.78671875 0.91953125 0.1359375 0.1609375
1 0.6640625 0.83828125 0.1265625 0.18828125
1 0.78359375 0.759375 0.125 0.19296875
1 0.775 0.5796875 0.1234375 0.190625
1 0.67421875 0.66796875 0.11796875 0.18671875
1 0.97109375 0.56328125 0.0578125 0.2046875
1 0.8921875 0.4796875 0.13515625 0.18828125
1 0.55234375 0.9125 0.13515625 0.175
1 0.4375 0.96484375 0.121875 0.0703125
1 0.325 0.93046875 0.1203125 0.13828125
1 0.2046875 0.9671875 0.1421875 0.065625
1 0.1015625 0.9328125 0.125 0.134375
1 0.09609375 0.7796875 0.146875 0.2
1 0.21953125 0.8546875 0.13828125 0.190625
1 0.55234375 0.76796875 0.1296875 0.18671875
1 0.4359375 0.859375 0.11640625 0.16796875
1 0.31953125 0.7796875 0.1265625 0.19296875
1 0.4421875 0.68203125 0.1234375 0.22265625
1 0.559375 0.5796875 0.1296875 0.18828125
1 0.31953125 0.58203125 0.13203125 0.184375
1 0.21640625 0.68828125 0.11640625 0.16171875
1 0.1 0.6 0.13828125 0.18828125
1 0.2125 0.51171875 0.1296875 0.20234375
1 0.6671875 0.5 0.128125 0.17265625
1 0.97109375 0.38984375 0.0578125 0.1703125
1 0.7734375 0.40703125 0.13203125 0.165625
1 0.55234375 0.41328125 0.13984375 0.159375
1 0.4359375 0.484375 0.13203125 0.16796875
1 0.3328125 0.41328125 0.13828125 0.2
1 0.209375 0.34296875 0.1234375 0.165625
1 0.0875 0.42734375 0.1265625 0.1703125
1 0.65859375 0.32265625 0.1640625 0.1796875
1 0.90390625 0.32265625 0.13203125 0.19296875
1 0.9703125 0.215625 0.059375 0.1953125
1 0.9671875 0.0671875 0.065625 0.134375
1 0.8828125 0.03203125 0.1203125 0.06328125
1 0.88515625 0.13828125 0.13515625 0.165625
1 0.78125 0.075 0.146875 0.15
1 0.78046875 0.234375 0.13359375 0.16171875
1 0.6515625 0.034375 0.13671875 0.06796875
1 0.65703125 0.14765625 0.1234375 0.1796875
1 0.54765625 0.08203125 0.11484375 0.16328125
1 0.55078125 0.23828125 0.10625 0.184375
1 0.43359375 0.0203125 0.1265625 0.040625
1 0.4328125 0.134375 0.11796875 0.19765625
1 0.31875 0.084375 0.13671875 0.16796875
1 0.4359375 0.3203125 0.11015625 0.175
1 0.3171875 0.240625 0.13203125 0.17734375
1 0.2046875 0.15703125 0.11796875 0.19765625
1 0.08828125 0.08125 0.1140625 0.1625
1 0.09453125 0.26171875 0.11484375 0.1953125
1 0.02109375 0.04375 0.0421875 0.0875
1 0.01953125 0.16796875 0.0390625 0.17265625
1 0.01953125 0.3421875 0.0390625 0.1796875
1 0.01484375 0.51640625 0.0296875 0.1765625
1 0.01953125 0.6875 0.0390625 0.184375
1 0.025 0.97421875 0.05 0.0515625
1 0.02265625 0.8703125 0.0453125 0.18203125