1 0.22109375 0.25703125 0.13359375 0.1921875
1 0.346875 0.06015625 0.134375 0.1203125
1 0.375 0.19453125 0.1265625 0.13359375
1 0.35859375 0.3515625 0.12890625 0.203125
1 0.22890625 0.45390625 0.1390625 0.1921875
1 0.1125 0.53359375 0.16640625 0.20703125
1 0.2359375 0.77578125 0.15 0.1984375
1 0.1234375 0.7046875 0.13359375 0.14609375
1 0.0421875 0.76328125 0.08359375 0.1671875
1 0.046875 0.928125 0.09375 0.14375
1 0.3578125 0.96015625 0.15859375 0.0796875
1 0.46953125 0.43515625 0.15859375 0.19453125
1 0.60390625 0.36015625 0.1515625 0.21328125
1 0.71953125 0.26171875 0.11796875 0.1734375
1 0.73203125 0.4328125 0.14453125 0.190625
1 0.71953125 0.74453125 0.1515625 0.1796875
1 0.72890625 0.91953125 0.15703125 0.1609375
1 0.8484375 0.3265625 0.14609375 0.16953125
1 0.84609375 0.50390625 0.13359375 0.1671875
1 0.93515625 0.0828125 0.1296875 0.165625
1 0.93515625 0.26640625 0.1296875 0.1859375
1 0.95546875 0.434375 0.0890625 0.15703125
1 0.83984375 0.95703125 0.1125 0.0859375
1 0.9453125 0.91953125 0.10859375 0.1609375