1 0.9859375 0.0171875 0.02734375 0.034375
1 0.896875 0.01171875 0.04375 0.0234375
1 0.8625 0.0109375 0.0375 0.021875
1 0.834375 0.0046875 0.034375 0.009375
1 0.49375 0.0140625 0.04609375 0.028125
1 0.8015625 0.01328125 0.0359375 0.0265625
1 0.96015625 0.03203125 0.034375 0.05078125
1 0.9328125 0.05078125 0.04140625 0.04453125
1 0.96015625 0.0765625 0.04140625 0.04609375
1 0.9 0.21171875 0.04453125 0.0546875
1 0.95703125 0.125 0.04453125 0.05078125
1 0.928125 0.09453125 0.03984375 0.05078125
1 0.90234375 0.12265625 0.05 0.06484375
1 0.9 0.07265625 0.0484375 0.04609375
1 0.9875 0.1421875 0.025 0.040625
1 0.98515625 0.1828125 0.02890625 0.05078125
1 0.95859375 0.165625 0.04140625 0.0484375
1 0.95859375 0.21171875 0.04453125 0.05078125
1 0.984375 0.228125 0.03125 0.0484375
1 0.83828125 0.1609375 0.04609375 0.06015625
1 0.80390625 0.18515625 0.04140625 0.04453125
1 0.77109375 0.20390625 0.0328125 0.0421875
1 0.8078125 0.23203125 0.05 0.04609375
1 0.80390625 0.2765625 0.04609375 0.04453125
1 0.934375 0.27421875 0.04453125 0.0625
1 0.8953125 0.29453125 0.0359375 0.05078125
1 0.86796875 0.27421875 0.03984375 0.05078125
1 0.740625 0.1390625 0.03125 0.04609375
1 0.8625 0.10078125 0.03984375 0.0546875
1 0.86796875 0.05625 0.04296875 0.05078125
1 0.83515625 0.03203125 0.034375 0.040625
1 0.83359375 0.07421875 0.0375 0.05078125
1 0.80234375 0.0484375 0.04296875 0.05078125
1 0.775 0.0765625 0.04453125 0.0546875
1 0.7421875 0.01484375 0.04375 0.0296875
1 0.740625 0.05234375 0.0328125 0.04609375
1 0.71171875 0.1171875 0.04296875 0.0484375
1 0.71171875 0.0765625 0.0375 0.04453125
1 0.7125 0.028125 0.0328125 0.05625
1 0.6859375 0.04453125 0.04296875 0.04609375
1 0.64921875 0.021875 0.0484375 0.04375
1 0.5875 0.0265625 0.0359375 0.03828125
1 0.553125 0.04609375 0.0375 0.05078125
1 0.61484375 0.04609375 0.0359375 0.040625
1 0.6515625 0.06875 0.04609375 0.05234375
1 0.6171875 0.090625 0.04453125 0.05625
1 0.68046875 0.090625 0.04609375 0.05625
1 0.6515625 0.12109375 0.04609375 0.0546875
1 0.584375 0.06875 0.04453125 0.0625
1 0.5546875 0.13671875 0.04140625 0.05859375
1 0.68359375 0.17734375 0.034375 0.04453125
1 0.71796875 0.2015625 0.04296875 0.05078125
1 0.64609375 0.19921875 0.0359375 0.0484375
1 0.68203125 0.22578125 0.04296875 0.0546875
1 0.6171875 0.1796875 0.0359375 0.05234375
1 0.584375 0.2015625 0.04140625 0.0625
1 0.37265625 0.0359375 0.0328125 0.0359375
1 0.33984375 0.0625 0.0328125 0.0421875
1 0.465625 0.06015625 0.034375 0.0421875
1 0.434375 0.08046875 0.04140625 0.04453125
1 0.49296875 0.08671875 0.04296875 0.0421875
1 0.49453125 0.12890625 0.04609375 0.04609375
1 0.51875 0.19765625 0.0328125 0.04609375
1 0.49140625 0.17734375 0.0484375 0.0546875
1 0.46015625 0.146875 0.0328125 0.0484375
1 0.4328125 0.13125 0.0484375 0.06015625
1 0.4328125 0.17109375 0.034375 0.040625
1 0.4 0.19375 0.04296875 0.0546875
1 0.46015625 0.1953125 0.0359375 0.040625
1 0.43125 0.21953125 0.04296875 0.05234375
1 0.46015625 0.23828125 0.03984375 0.04609375
1 0.4296875 0.26640625 0.03984375 0.0484375
1 0.45859375 0.28203125 0.03984375 0.05234375
1 0.39375 0.24375 0.0375 0.05234375
1 0.30390625 0.1734375 0.03984375 0.040625
1 0.3421875 0.23984375 0.04140625 0.04609375
1 0.275 0.01796875 0.04140625 0.0359375
1 0.24375 0.00703125 0.034375 0.0140625
1 0.21484375 0.0171875 0.0375 0.034375
1 0.20625 0.06015625 0.0328125 0.034375
1 0.1890625 0.0828125 0.0515625 0.0421875
1 0.1234375 0.084375 0.0484375 0.04609375
1 0.14765625 0.05625 0.04296875 0.04609375
1 0.1546875 0.01953125 0.04453125 0.03828125
1 0.09453125 0.06015625 0.04453125 0.05078125
1 0.121875 0.009375 0.03125 0.01796875
1 0.09140625 0.0203125 0.04140625 0.040625
1 0.0078125 0.03515625 0.015625 0.034375
1 0.03125 0.0546875 0.04140625 0.05078125
1 0.02578125 0.0984375 0.0359375 0.04453125
1 0.00625 0.07890625 0.01171875 0.05625
1 0.18046875 0.12734375 0.0359375 0.0359375
1 0.14765625 0.1515625 0.04453125 0.05859375
1 0.09140625 0.14296875 0.04140625 0.04453125
1 0.24609375 0.1734375 0.05859375 0.06640625
1 0.3984375 0.2859375 0.0359375 0.0421875
1 0.40234375 0.32421875 0.0515625 0.04609375
1 0.3625 0.30078125 0.04453125 0.05625
1 0.33125 0.32421875 0.04140625 0.0546875
1 0.30234375 0.30234375 0.04609375 0.05078125
1 0.2421875 0.26015625 0.0546875 0.06484375
1 0.21328125 0.19375 0.0375 0.04609375
1 0.209375 0.23359375 0.04140625 0.0546875
1 0.18203125 0.25390625 0.0359375 0.05078125
1 0.1515625 0.28046875 0.03984375 0.05625
1 0.121875 0.30234375 0.0359375 0.04609375
1 0.0859375 0.31875 0.04296875 0.05625
1 0.21328125 0.31640625 0.04296875 0.04453125
1 0.25625 0.3390625 0.05859375 0.05078125
1 0.328125 0.36875 0.02890625 0.04609375
1 0.2078125 0.3609375 0.034375 0.04453125
1 0.14921875 0.3609375 0.0359375 0.0546875
1 0.11875 0.34296875 0.04609375 0.05078125
1 0.11875 0.38125 0.04296875 0.040625
1 0.1203125 0.4234375 0.04609375 0.0546875
1 0.14765625 0.44921875 0.04296875 0.04453125
1 0.2421875 0.38515625 0.04296875 0.0484375
1 0.25234375 0.41953125 0.04140625 0.03828125
1 0.3265625 0.409375 0.04609375 0.03828125
1 0.39375 0.40703125 0.034375 0.040625
1 0.27109375 0.4453125 0.03984375 0.05078125
1 0.2046875 0.44921875 0.04453125 0.0546875
1 0.21171875 0.49609375 0.04609375 0.05625
1 0.26484375 0.4921875 0.04609375 0.05078125
1 0.06015625 0.42109375 0.03125 0.034375
1 0.4328125 0.3828125 0.04609375 0.06640625
1 0.3640625 0.46953125 0.03984375 0.04609375
1 0.33359375 0.43984375 0.0171875 0.02421875
1 0.3265625 0.49375 0.0359375 0.0484375
1 0.3984375 0.53828125 0.03984375 0.05078125
1 0.36796875 0.55234375 0.03984375 0.0484375
1 0.29921875 0.5140625 0.0359375 0.04609375
1 0.30234375 0.5546875 0.04296875 0.0421875
1 0.14765625 0.534375 0.034375 0.04609375
1 0.175 0.60078125 0.04453125 0.05234375
1 0.2078125 0.61875 0.0484375 0.05625
1 0.26796875 0.57890625 0.04296875 0.0546875
1 0.29921875 0.596875 0.03984375 0.05078125
1 0.2734375 0.61875 0.04453125 0.0546875
1 0.3640625 0.60078125 0.05 0.05078125
1 0.328125 0.62265625 0.04609375 0.06484375
1 0.2953125 0.646875 0.0375 0.0484375
1 0.45546875 0.44765625 0.0359375 0.04453125
1 0.45703125 0.49609375 0.04296875 0.05859375
1 0.46015625 0.37109375 0.04140625 0.05234375
1 0.48984375 0.42578125 0.04140625 0.05234375
1 0.49296875 0.3828125 0.04140625 0.04453125
1 0.4859375 0.3484375 0.03125 0.0359375
1 0.5171875 0.33046875 0.03984375 0.0421875
1 0.5203125 0.36875 0.02578125 0.034375
1 0.59296875 0.36875 0.0375 0.03828125
1 0.55703125 0.30859375 0.053125 0.05234375
1 0.5203125 0.2859375 0.04609375 0.05234375
1 0.5515625 0.3546875 0.04609375 0.05625
1 0.6515625 0.24609375 0.03984375 0.04609375
1 0.61484375 0.26640625 0.04140625 0.0546875
1 0.6515625 0.2859375 0.04296875 0.040625
1 0.71328125 0.284375 0.04453125 0.05078125
1 0.740625 0.3125 0.04140625 0.04453125
1 0.67890625 0.31015625 0.03125 0.04453125
1 0.64921875 0.33046875 0.03984375 0.04609375
1 0.68046875 0.35078125 0.0359375 0.03828125
1 0.64765625 0.3671875 0.0359375 0.034375
1 0.64609375 0.409375 0.04453125 0.05234375
1 0.70625 0.375 0.04453125 0.04609375
1 0.73515625 0.353125 0.0359375 0.03046875
1 0.984375 0.31328125 0.03125 0.0546875
1 0.95546875 0.3328125 0.0359375 0.03203125
1 0.984375 0.3515625 0.03125 0.034375
1 0.95546875 0.375 0.03984375 0.040625
1 0.928125 0.3546875 0.034375 0.04609375
1 0.9859375 0.3953125 0.02734375 0.05234375
1 0.8984375 0.33671875 0.034375 0.03046875
1 0.02734375 0.23203125 0.034375 0.040625
1 0.009375 0.165625 0.01875 0.0484375
1 0.02578125 0.31953125 0.0515625 0.0625
1 0.053125 0.38515625 0.0328125 0.028125
1 0.02734375 0.403125 0.0359375 0.04453125
1 0.0171875 0.36328125 0.0328125 0.040625
1 0.00546875 0.3796875 0.01015625 0.04609375
1 0.05703125 0.465625 0.0375 0.05234375
1 0.02734375 0.48828125 0.0328125 0.04453125
1 0.01015625 0.465625 0.0203125 0.06015625
1 0.05 0.5078125 0.02265625 0.034375
1 0.0515625 0.55234375 0.04140625 0.0546875
1 0.00703125 0.5109375 0.0140625 0.03828125
1 0.0078125 0.55234375 0.015625 0.0484375
1 0.11328125 0.596875 0.03984375 0.04609375
1 0.00390625 0.59453125 0.0078125 0.0484375
1 0.38984375 0.66953125 0.053125 0.05859375
1 0.3609375 0.7359375 0.034375 0.0359375
1 0.38828125 0.83671875 0.04296875 0.0546875
1 0.346875 0.9109375 0.02734375 0.03203125
1 0.33125 0.8390625 0.04453125 0.0546875
1 0.296875 0.86328125 0.04609375 0.05234375
1 0.30234375 0.778125 0.0484375 0.05234375
1 0.26484375 0.7921875 0.03984375 0.04609375
1 0.2625 0.834375 0.05 0.06015625
1 0.23359375 0.81484375 0.0375 0.05078125
1 0.23515625 0.85859375 0.0328125 0.0421875
1 0.20625 0.840625 0.0359375 0.0484375
1 0.1703125 0.85859375 0.04140625 0.05625
1 0.30078125 0.73359375 0.04453125 0.0625
1 0.27109375 0.665625 0.03984375 0.05234375
1 0.275 0.7140625 0.04453125 0.06015625
1 0.240625 0.65546875 0.04296875 0.04453125
1 0.2390625 0.69375 0.04140625 0.0421875
1 0.2421875 0.7296875 0.03984375 0.05078125
1 0.2046875 0.7078125 0.04140625 0.06640625
1 0.171875 0.728125 0.0375 0.05078125
1 0.14609375 0.665625 0.0484375 0.0546875
1 0.084375 0.7078125 0.05703125 0.0625
1 0.0515625 0.7703125 0.034375 0.04609375
1 0.11015625 0.8125 0.04140625 0.05078125
1 0.07890625 0.82890625 0.03984375 0.05625
1 0.04453125 0.8546875 0.0359375 0.05234375
1 0.11171875 0.89921875 0.04140625 0.0359375
1 0.0171875 0.82890625 0.03125 0.04453125
1 0.05703125 0.5984375 0.0359375 0.04609375
1 0.053125 0.64296875 0.0484375 0.06484375
1 0.0203125 0.659375 0.03984375 0.05625
1 0.02890625 0.7078125 0.0515625 0.04453125
1 0.02265625 0.746875 0.04453125 0.05859375
1 0.0515625 0.8953125 0.02265625 0.0265625
1 0.1375 0.70546875 0.0359375 0.0484375
1 0.83359375 0.3390625 0.04453125 0.05078125
1 0.865625 0.35859375 0.04140625 0.05234375
1 0.8078125 0.353125 0.0359375 0.0484375
1 0.77109375 0.37734375 0.04609375 0.04453125
1 0.96015625 0.41328125 0.03984375 0.0484375
1 0.95703125 0.4640625 0.0515625 0.0625
1 0.92265625 0.43984375 0.0359375 0.0546875
1 0.896875 0.4109375 0.0375 0.04453125
1 0.828125 0.415625 0.0375 0.0484375
1 0.76640625 0.415625 0.04296875 0.0484375
1 0.775 0.45546875 0.04453125 0.04453125
1 0.64609375 0.459375 0.0375 0.05234375
1 0.61484375 0.478125 0.0375 0.0421875
1 0.55 0.46953125 0.04296875 0.0546875
1 0.5171875 0.49765625 0.03984375 0.0625
1 0.5515625 0.51796875 0.03984375 0.0421875
1 0.58046875 0.5421875 0.02734375 0.03203125
1 0.553125 0.55625 0.04140625 0.05078125
1 0.51875 0.58046875 0.0359375 0.0546875
1 0.8625 0.4375 0.0484375 0.0484375
1 0.89140625 0.459375 0.0484375 0.05859375
1 0.8296875 0.45546875 0.04609375 0.04609375
1 0.796875 0.4734375 0.03125 0.03828125
1 0.828125 0.49765625 0.04453125 0.05625
1 0.796875 0.52421875 0.034375 0.05859375
1 0.95859375 0.54453125 0.0359375 0.034375
1 0.9984375 0.59453125 0.003125 0.04453125
1 0.92265625 0.528125 0.0375 0.04453125
1 0.89375 0.55078125 0.034375 0.04609375
1 0.8640625 0.5625 0.03984375 0.04609375
1 0.83125 0.5484375 0.03984375 0.04609375
1 0.95859375 0.60078125 0.04140625 0.05078125
1 0.88828125 0.59296875 0.04453125 0.0484375
1 0.7046875 0.5 0.04296875 0.05078125
1 0.7390625 0.51796875 0.04296875 0.05078125
1 0.740625 0.5625 0.04140625 0.05078125
1 0.76796875 0.5890625 0.034375 0.04453125
1 0.89140625 0.63515625 0.04609375 0.0484375
1 0.828125 0.63515625 0.053125 0.0625
1 0.85390625 0.65703125 0.03984375 0.05234375
1 0.78828125 0.646875 0.04140625 0.0484375
1 0.76640625 0.67578125 0.0375 0.0359375
1 0.81953125 0.68359375 0.04140625 0.0484375
1 0.7921875 0.69921875 0.0375 0.0546875
1 0.71171875 0.625 0.0359375 0.0484375
1 0.64609375 0.58671875 0.03984375 0.05078125
1 0.60859375 0.60859375 0.0375 0.05625
1 0.57734375 0.62890625 0.0375 0.05234375
1 0.60859375 0.6515625 0.04140625 0.0484375
1 0.67734375 0.65546875 0.04609375 0.06015625
1 0.640625 0.6734375 0.0375 0.05078125
1 0.60625 0.69765625 0.03984375 0.05234375
1 0.48828125 0.64921875 0.04140625 0.05234375
1 0.57578125 0.76171875 0.04140625 0.05234375
1 0.49296875 0.73203125 0.03984375 0.04453125
1 0.45390625 0.75390625 0.0484375 0.0546875
1 0.484375 0.78046875 0.0484375 0.0546875
1 0.4828125 0.82265625 0.02890625 0.0359375
1 0.640625 0.83671875 0.0359375 0.0421875
1 0.54296875 0.8546875 0.04140625 0.0484375
1 0.57578125 0.88515625 0.02890625 0.0359375
1 0.54453125 0.89921875 0.0375 0.0421875
1 0.51015625 0.88125 0.0359375 0.0421875
1 0.4828125 0.903125 0.02890625 0.0421875
1 0.45 0.88515625 0.03984375 0.0546875
1 0.7046875 0.7640625 0.04453125 0.05234375
1 0.640625 0.721875 0.0359375 0.04609375
1 0.92265625 0.7078125 0.0484375 0.05078125
1 0.88828125 0.71953125 0.03984375 0.05078125
1 0.85703125 0.709375 0.034375 0.05078125
1 0.7953125 0.78203125 0.04453125 0.04609375
1 0.725 0.80234375 0.04453125 0.05078125
1 0.70078125 0.88515625 0.0328125 0.04453125
1 0.73046875 0.90546875 0.034375 0.04453125
1 0.825 0.80234375 0.04609375 0.0484375
1 0.8265625 0.84296875 0.034375 0.03828125
1 0.85390625 0.87265625 0.03984375 0.040625
1 0.82265625 0.88515625 0.04140625 0.0625
1 0.85703125 0.909375 0.04296875 0.0484375
1 0.92265625 0.75390625 0.0515625 0.05625
1 0.88671875 0.76796875 0.04296875 0.04609375
1 0.88515625 0.80859375 0.03984375 0.04453125
1 0.92265625 0.79453125 0.0484375 0.0421875
1 0.95703125 0.81484375 0.03984375 0.05234375
1 0.99453125 0.68046875 0.01015625 0.04609375
1 0.9984375 0.7265625 0.003125 0.05078125
1 0.99453125 0.8078125 0.01015625 0.05078125
1 0.99296875 0.8546875 0.0140625 0.05234375
1 0.99453125 0.89921875 0.01015625 0.0484375
1 0.98125 0.90703125 0.034375 0.0484375
1 0.95 0.8890625 0.0328125 0.04609375
1 0.91953125 0.90703125 0.04140625 0.05234375
1 0.1875 0.165625 0.03984375 0.05078125
1 0.99140625 0.9796875 0.0171875 0.040625
1 0.91953125 0.95546875 0.04453125 0.05078125
1 0.85234375 0.9578125 0.04609375 0.04609375
1 0.884375 0.97421875 0.040625 0.0515625
1 0.97265625 0.9890625 0.034375 0.021875
1 0.9203125 0.9875 0.053125 0.025
1 0.79140625 0.98671875 0.04609375 0.0265625
1 0.671875 0.9515625 0.04296875 0.0546875
1 0.6390625 0.9765625 0.0375 0.04609375
1 0.60625 0.94921875 0.03984375 0.0484375
1 0.53984375 0.9515625 0.0328125 0.040625
1 0.48125 0.95546875 0.03984375 0.0421875
1 0.56953125 0.9765625 0.0359375 0.04609375
1 0.540625 0.984375 0.0375 0.03125
1 0.503125 0.99140625 0.040625 0.0171875
1 0.4828125 0.98203125 0.04140625 0.0359375
1 0.4515625 0.99375 0.04140625 0.01171875
1 0.575 0.99296875 0.05 0.0140625
1 0.4203125 0.9859375 0.0328125 0.028125
1 0.35390625 0.984375 0.0328125 0.03125
1 0.29140625 0.9859375 0.0328125 0.028125
1 0.38828125 0.99296875 0.0484375 0.0140625
1 0.16953125 0.9859375 0.02890625 0.028125
1 0.140625 0.9296875 0.02734375 0.028125
1 0.11171875 0.94765625 0.034375 0.0421875
1 0.07421875 0.96796875 0.0359375 0.05078125
1 0.11015625 0.9859375 0.03125 0.028125
1 0.0203125 0.9578125 0.034375 0.05234375