1 0.01328125 0.9078125 0.0265625 0.184375
1 0.0078125 0.54609375 0.015625 0.2234375
1 0.48359375 0.9921875 0.22578125 0.015625
1 0.01640625 0.15859375 0.03203125 0.26875
1 0.91484375 0.6546875 0.1703125 0.253125
1 0.37421875 0.1078125 0.21328125 0.21484375
1 0.63359375 0.47421875 0.23203125 0.22734375
1 0.47109375 0.74921875 0.22890625 0.21328125
1 0.084375 0.66875 0.16875 0.23125
1 0.0828125 0.96015625 0.165625 0.0796875
1 0.35390625 0.4625 0.1765625 0.21875
1 0.75234375 0.76875 0.18671875 0.2453125
1 0.634375 0.0984375 0.21171875 0.196875
1 0.9015625 0.2875 0.196875 0.24921875
1 0.65 0.971875 0.178125 0.05546875
1 0.0828125 0.85546875 0.165625 0.1671875
1 0.48671875 0.36875 0.14375 0.1953125
1 0.63203125 0.2828125 0.17421875 0.18515625
1 0.77109375 0.17109375 0.13046875 0.17734375
1 0.37421875 0.28515625 0.1 0.13125
1 0.978125 0.0578125 0.04375 0.115625
1 0.77734375 0.94609375 0.13359375 0.1078125
1 0.32734375 0.67734375 0.121875 0.1390625
1 0.50078125 0.91875 0.2109375 0.1625
1 0.6359375 0.8625 0.159375 0.18359375