1 0.696875 0.07265625 0.14609375 0.1453125
1 0.51796875 0.0609375 0.140625 0.12109375
1 0.60078125 0.1078125 0.13828125 0.16953125
1 0.3203125 0.0625 0.146875 0.125
1 0.425 0.11484375 0.11796875 0.15625
1 0.3125 0.18046875 0.13828125 0.1609375
1 0.509375 0.215625 0.13125 0.16484375
1 0.41796875 0.26015625 0.11640625 0.15
1 0.96796875 0.12890625 0.06328125 0.1390625
1 0.8875 0.18515625 0.12734375 0.16953125
1 0.8 0.27109375 0.1234375 0.140625
1 0.6890625 0.32578125 0.1328125 0.15859375
1 0.97109375 0.51015625 0.0578125 0.1390625
1 0.88359375 0.45625 0.12578125 0.13671875
1 0.80546875 0.40078125 0.11640625 0.140625
1 0.790625 0.50625 0.12734375 0.15
1 0.6875 0.45625 0.1140625 0.1390625
1 0.603125 0.4953125 0.11796875 0.134375
1 0.5109375 0.41875 0.11796875 0.134375
1 0.415625 0.365625 0.103125 0.1125
1 0.3125 0.29921875 0.11640625 0.10390625
1 0.30546875 0.41171875 0.11796875 0.128125
1 0.6796875 0.5703125 0.10078125 0.10546875
1 0.5015625 0.559375 0.11796875 0.15859375
1 0.4046875 0.48671875 0.11796875 0.12109375
1 0.9625 0.9234375 0.075 0.153125
1 0.87265625 0.96484375 0.1125 0.0703125
1 0.959375 0.659375 0.08046875 0.178125
1 0.88203125 0.72265625 0.0953125 0.12578125
1 0.79375 0.6453125 0.12890625 0.15390625
1 0.784375 0.790625 0.12578125 0.15625
1 0.68359375 0.71171875 0.1046875 0.13203125
1 0.61640625 0.77734375 0.10859375 0.1453125
1 0.49140625 0.97421875 0.0828125 0.0515625
1 0.51328125 0.8546875 0.12578125 0.1671875
1 0.603125 0.6296875 0.1125 0.1296875
1 0.5109375 0.7046875 0.11796875 0.13203125
1 0.40625 0.62109375 0.10703125 0.14296875
1 0.40625 0.77109375 0.1125 0.1453125
1 0.3125 0.69140625 0.10078125 0.134375
1 0.30546875 0.559375 0.1125 0.1390625
1 0.20625 0.640625 0.1421875 0.1890625
1 0.10703125 0.70703125 0.1125 0.11875
1 0.03671875 0.89609375 0.07265625 0.1671875
1 0.20390625 0.48046875 0.10078125 0.13203125
1 0.215625 0.365625 0.09765625 0.11640625
1 0.0953125 0.559375 0.13671875 0.15625
1 0.1046875 0.43203125 0.1421875 0.1390625
1 0.10703125 0.29296875 0.12578125 0.16328125
1 0.03828125 0.23125 0.0765625 0.13671875
1 0.040625 0.36796875 0.08046875 0.16328125