1 0.99140625 0.0921875 0.0171875 0.184375
1 0.56171875 0.0140625 0.209375 0.028125
1 0.98984375 0.78984375 0.0203125 0.2484375
1 0.14375 0.33359375 0.1921875 0.23359375
1 0.6625 0.8640625 0.196875 0.24765625
1 0.421875 0.5 0.21484375 0.209375
1 0.57265625 0.24609375 0.2109375 0.196875
1 0.9265625 0.31796875 0.146875 0.21328125
1 0.92734375 0.04375 0.1453125 0.0875
1 0.68203125 0.5125 0.1625 0.2015625
1 0.31328125 0.22734375 0.17265625 0.22734375
1 0.421875 0.859375 0.1953125 0.20703125
1 0.16640625 0.67109375 0.20078125 0.2296875
1 0.40859375 0.03125 0.1640625 0.0625
1 0.928125 0.14609375 0.14375 0.1546875
1 0.55859375 0.59765625 0.13359375 0.17890625
1 0.42421875 0.6765625 0.1609375 0.17109375
1 0.29609375 0.778125 0.11953125 0.1625
1 0.6625 0.675 0.09140625 0.121875
1 0.0625 0.915625 0.12421875 0.16875
1 0.28984375 0.05703125 0.12265625 0.1140625
1 0.70625 0.31328125 0.1125 0.128125
1 0.5453125 0.08125 0.19375 0.1625
1 0.4203125 0.1421875 0.146875 0.16875