1 0.246875 0.98125 0.1234375 0.0375
1 0.1375 0.93984375 0.1515625 0.1203125
1 0.74765625 0.9125 0.1296875 0.175
1 0.85390625 0.96484375 0.13125 0.0703125
1 0.859375 0.846875 0.12734375 0.1625
1 0.95546875 0.90625 0.0890625 0.15
1 0.271875 0.74375 0.13828125 0.1796875
1 0.05078125 0.7390625 0.10078125 0.17578125
1 0.05234375 0.5796875 0.1046875 0.190625
1 0.1609375 0.6734375 0.11640625 0.18203125
1 0.2828125 0.5921875 0.11640625 0.1515625
1 0.16640625 0.4953125 0.13828125 0.1625
1 0.61640625 0.65546875 0.14609375 0.19921875
1 0.86328125 0.684375 0.13828125 0.16640625
1 0.74375 0.60546875 0.1125 0.1578125
1 0.63125 0.515625 0.15703125 0.20625
1 0.746875 0.43203125 0.1421875 0.2015625
1 0.87109375 0.515625 0.12578125 0.1734375
1 0.95234375 0.434375 0.0953125 0.2234375
1 0.753125 0.24765625 0.11015625 0.1734375
1 0.61640625 0.32890625 0.1328125 0.1578125
1 0.1703125 0.3265625 0.13125 0.14453125
1 0.06953125 0.27109375 0.13828125 0.190625
1 0.0515625 0.109375 0.103125 0.184375
1 0.17578125 0.1578125 0.11953125 0.16875
1 0.17421875 0.04609375 0.13828125 0.0921875
1 0.2921875 0.09453125 0.09921875 0.17578125
1 0.38046875 0.13125 0.1125 0.14453125
1 0.403125 0.05859375 0.1375 0.1171875
1 0.50390625 0.2125 0.1046875 0.14453125
1 0.5453125 0.08984375 0.13671875 0.16015625
1 0.63984375 0.04609375 0.12890625 0.0921875
1 0.74921875 0.0984375 0.1234375 0.1421875
1 0.87890625 0.04921875 0.1328125 0.0984375
1 0.86171875 0.18828125 0.10859375 0.17734375
1 0.9625 0.096875 0.075 0.1625
1 0.61953125 0.1515625 0.11953125 0.1421875