1 0.9421875 0.04765625 0.115625 0.0953125
1 0.8328125 0.11015625 0.1046875 0.1265625
1 0.94375 0.15390625 0.1046875 0.125
1 0.8421875 0.2828125 0.0984375 0.1265625
1 0.94375 0.303125 0.10625 0.146875
1 0.9421875 0.4734375 0.1140625 0.1796875
1 0.9484375 0.778125 0.1015625 0.178125
1 0.853125 0.965625 0.11875 0.06875
1 0.946875 0.928125 0.10625 0.1375
1 0.09375 0.009375 0.109375 0.01796875
1 0.021875 0.03828125 0.04375 0.0765625
1 0.0265625 0.26796875 0.0515625 0.1703125
1 0.021875 0.1265625 0.0421875 0.12265625
1 0.090625 0.08828125 0.096875 0.1375
1 0.1953125 0.128125 0.1390625 0.17421875
1 0.2 0.29375 0.121875 0.1484375
1 0.2984375 0.35234375 0.1375 0.19296875
1 0.303125 0.05703125 0.1328125 0.1140625
1 0.4015625 0.021875 0.128125 0.04375
1 0.5140625 0.16328125 0.1375 0.1796875
1 0.4078125 0.2609375 0.125 0.1984375
1 0.4078125 0.08828125 0.10625 0.12109375
1 0.6359375 0.12109375 0.0921875 0.1484375
1 0.8578125 0.5578125 0.10625 0.15390625
1 0.7515625 0.48046875 0.1171875 0.1890625
1 0.634375 0.41640625 0.10625 0.16328125
1 0.53125 0.496875 0.146875 0.1578125
1 0.525 0.34140625 0.109375 0.1375
1 0.4015625 0.56484375 0.1265625 0.15234375
1 0.5359375 0.64765625 0.1328125 0.178125
1 0.4140625 0.73359375 0.1390625 0.17265625
1 0.53125 0.809375 0.121875 0.15234375
1 0.53984375 0.93828125 0.1265625 0.12265625
1 0.2015625 0.8625 0.1484375 0.1890625
1 0.31640625 0.9234375 0.1140625 0.153125
1 0.08984375 0.92890625 0.1109375 0.1421875
1 0.22109375 0.9765625 0.1171875 0.046875
1 0.6546875 0.97109375 0.078125 0.0578125
1 0.025 0.43515625 0.05 0.19453125
1 0.0796875 0.49140625 0.1171875 0.1703125
1 0.1875 0.55625 0.11875 0.1484375
1 0.0296875 0.71953125 0.0578125 0.16875
1 0.8484375 0.409375 0.1234375 0.1390625
1 0.528125 0.04609375 0.146875 0.09140625