1 0.396875 0.70625 0.1484375 0.17421875
1 0.196875 0.72109375 0.103125 0.1453125
1 0.0796875 0.62421875 0.13125 0.17578125
1 0.0875 0.91953125 0.1078125 0.1484375
1 0.2890625 0.91875 0.125 0.1625
1 0.4921875 0.8 0.1015625 0.1390625
1 0.5984375 0.69375 0.103125 0.1578125
1 0.7109375 0.62734375 0.1265625 0.1671875
1 0.815625 0.4203125 0.1140625 0.16484375
1 0.496875 0.33203125 0.1140625 0.1578125
1 0.3140625 0.3375 0.134375 0.159375
1 0.0125 0.421875 0.025 0.146875
1 0.615625 0.1171875 0.1296875 0.19453125
1 0.084375 0.34140625 0.1265625 0.16484375
1 0.2078125 0.2625 0.1234375 0.1703125
1 0.3203125 0.17578125 0.121875 0.15078125
1 0.2125 0.1046875 0.115625 0.16171875
1 0.1 0.17265625 0.11875 0.15234375
1 0.9796875 0.42421875 0.0390625 0.159375
1 0.915625 0.63515625 0.125 0.1484375
1 0.9828125 0.590625 0.034375 0.1578125
1 0.9921875 0.7359375 0.015625 0.1140625
1 0.91875 0.79296875 0.1171875 0.15078125
1 0.8109375 0.853125 0.1109375 0.16484375
1 0.7015625 0.92109375 0.115625 0.1578125
1 0.5875 0.95234375 0.1296875 0.0953125
1 0.9875 0.1359375 0.0234375 0.18515625
1 0.921875 0.07421875 0.146875 0.1484375
1 0.025 0.09921875 0.05 0.16328125
1 0.1 0.0390625 0.10625 0.078125
1 0.3984375 0.0359375 0.125 0.071875
1 0.496875 0.06484375 0.125 0.1296875
1 0.496875 0.62421875 0.1015625 0.128125
1 0.40625 0.55078125 0.1046875 0.1140625
1 0.01875 0.8609375 0.0375 0.15390625
1 0.0109375 0.70625 0.0203125 0.13359375
1 0.8078125 0.9671875 0.1296875 0.0640625
1 0.9828125 0.97578125 0.034375 0.04609375