1 0.98984375 0.86484375 0.0203125 0.17578125
1 0.99140625 0.68828125 0.01640625 0.1828125
1 0.93828125 0.240625 0.121875 0.15546875
1 0.9359375 0.415625 0.128125 0.19140625
1 0.93125 0.59296875 0.1375 0.1734375
1 0.9328125 0.76171875 0.134375 0.1734375
1 0.92890625 0.9234375 0.125 0.153125
1 0.8078125 0.98046875 0.128125 0.03828125
1 0.81328125 0.8671875 0.1296875 0.2046875
1 0.81328125 0.678125 0.11328125 0.178125
1 0.81796875 0.50234375 0.11484375 0.1578125
1 0.7046875 0.4140625 0.1265625 0.20078125
1 0.703125 0.59921875 0.11484375 0.16640625
1 0.6953125 0.775 0.121875 0.19609375
1 0.68125 0.92734375 0.146875 0.1453125
1 0.57421875 0.9671875 0.128125 0.065625
1 0.578125 0.8515625 0.11328125 0.1578125
1 0.58515625 0.678125 0.11640625 0.1890625
1 0.58828125 0.5 0.11328125 0.16640625
1 0.59296875 0.32890625 0.121875 0.1828125
1 0.47265625 0.9234375 0.14140625 0.153125
1 0.4734375 0.7609375 0.1265625 0.178125
1 0.4734375 0.5875 0.125 0.17578125
1 0.48671875 0.4125 0.11640625 0.16875
1 0.48203125 0.2296875 0.11796875 0.19609375
1 0.346875 0.9578125 0.13125 0.084375
1 0.34296875 0.846875 0.128125 0.17578125
1 0.35 0.67109375 0.125 0.1734375
1 0.3546875 0.4953125 0.1265625 0.178125
1 0.36015625 0.30625 0.1296875 0.1984375
1 0.7046875 0.2296875 0.11015625 0.1625
1 0.8234375 0.16015625 0.128125 0.1984375
1 0.1140625 0.9546875 0.13515625 0.08984375
1 0.0328125 0.9078125 0.06484375 0.18046875
1 0.22890625 0.90546875 0.13203125 0.1890625
1 0.23515625 0.74296875 0.125 0.16875
1 0.11640625 0.8265625 0.11640625 0.178125
1 0.03359375 0.72421875 0.06640625 0.18671875
1 0.121875 0.6484375 0.11796875 0.17578125
1 0.23828125 0.571875 0.1296875 0.16875
1 0.0328125 0.54609375 0.06484375 0.1640625
1 0.11796875 0.47734375 0.11484375 0.1640625
1 0.23671875 0.403125 0.13515625 0.17109375
1 0.0359375 0.37734375 0.071875 0.1640625
1 0.11796875 0.30625 0.10859375 0.17109375
1 0.23671875 0.225 0.1296875 0.18046875
1 0.03671875 0.20625 0.0734375 0.16875
1 0.121875 0.13046875 0.11640625 0.16875
1 0.36171875 0.1171875 0.128125 0.184375
1 0.98984375 0.0328125 0.0203125 0.065625
1 0.99140625 0.1453125 0.01640625 0.18671875
1 0.93515625 0.07421875 0.1296875 0.1484375
1 0.828125 0.0328125 0.13359375 0.065625
1 0.58671875 0.14453125 0.1234375 0.1890625
1 0.709375 0.07890625 0.13515625 0.1578125
1 0.57734375 0.028125 0.13515625 0.05625
1 0.4796875 0.07109375 0.11640625 0.1421875
1 0.36171875 0.0234375 0.1296875 0.046875
1 0.2453125 0.0609375 0.1265625 0.121875
1 0.0390625 0.05625 0.078125 0.1125
1 0.12578125 0.02578125 0.125 0.0515625