1 0.99453125 0.975 0.01015625 0.04609375
1 0.91484375 0.98125 0.0421875 0.0375
1 0.88046875 0.9796875 0.0375 0.034375
1 0.853125 0.98828125 0.034375 0.0234375
1 0.60234375 0.9921875 0.0328125 0.015625
1 0.54296875 0.98984375 0.0375 0.0203125
1 0.51484375 0.97890625 0.04609375 0.0421875
1 0.8203125 0.9796875 0.0359375 0.03984375
1 0.978125 0.95390625 0.034375 0.05
1 0.95078125 0.9359375 0.040625 0.04453125
1 0.978125 0.909375 0.040625 0.04609375
1 0.91796875 0.775 0.04453125 0.05390625
1 0.97421875 0.86171875 0.04453125 0.05
1 0.9453125 0.89140625 0.0390625 0.05
1 0.91953125 0.86328125 0.04921875 0.0640625
1 0.91796875 0.91328125 0.04765625 0.04609375
1 0.99609375 0.84453125 0.0078125 0.0390625
1 0.99375 0.80390625 0.01171875 0.05
1 0.97578125 0.82109375 0.040625 0.0484375
1 0.97578125 0.775 0.04453125 0.05
1 0.99296875 0.759375 0.01328125 0.0484375
1 0.85703125 0.825 0.04609375 0.06015625
1 0.82265625 0.8015625 0.040625 0.04453125
1 0.78984375 0.7828125 0.0328125 0.0421875
1 0.82578125 0.7546875 0.04921875 0.04609375
1 0.82265625 0.7109375 0.04609375 0.04453125
1 0.95234375 0.7125 0.04453125 0.0625
1 0.91328125 0.69296875 0.0359375 0.05
1 0.8859375 0.7125 0.0390625 0.05
1 0.759375 0.84765625 0.03046875 0.04609375
1 0.88046875 0.88515625 0.0390625 0.05390625
1 0.8859375 0.9296875 0.04296875 0.05
1 0.853125 0.95390625 0.034375 0.03984375
1 0.8515625 0.91171875 0.0375 0.05
1 0.82109375 0.9375 0.04296875 0.05
1 0.79375 0.909375 0.04453125 0.05390625
1 0.7609375 0.978125 0.04375 0.04375
1 0.759375 0.93359375 0.0328125 0.04609375
1 0.73046875 0.86953125 0.04296875 0.0484375
1 0.73046875 0.909375 0.0375 0.04453125
1 0.73203125 0.9578125 0.0328125 0.05859375
1 0.7046875 0.94140625 0.04296875 0.04609375
1 0.66875 0.9640625 0.04765625 0.04609375
1 0.6078125 0.96015625 0.0359375 0.03828125
1 0.5734375 0.93984375 0.0375 0.05
1 0.63515625 0.93984375 0.0359375 0.03984375
1 0.6703125 0.91796875 0.04609375 0.05234375
1 0.63671875 0.8953125 0.04453125 0.05625
1 0.7 0.8953125 0.04609375 0.05625
1 0.6703125 0.865625 0.04609375 0.05390625
1 0.60390625 0.91796875 0.04453125 0.0625
1 0.575 0.84921875 0.040625 0.05859375
1 0.703125 0.809375 0.034375 0.04453125
1 0.7375 0.78515625 0.04296875 0.05
1 0.665625 0.7875 0.0359375 0.0484375
1 0.7015625 0.7609375 0.04296875 0.05390625
1 0.63671875 0.80703125 0.0359375 0.05234375
1 0.60390625 0.78515625 0.040625 0.0625
1 0.39453125 0.95 0.0328125 0.0359375
1 0.36171875 0.9234375 0.0328125 0.0421875
1 0.48671875 0.92578125 0.034375 0.0421875
1 0.45546875 0.90546875 0.040625 0.04453125
1 0.51328125 0.89921875 0.04296875 0.0421875
1 0.515625 0.8578125 0.04609375 0.04609375
1 0.5390625 0.7890625 0.0328125 0.04609375
1 0.51171875 0.809375 0.04765625 0.05390625
1 0.48125 0.8390625 0.0328125 0.0484375
1 0.45390625 0.85546875 0.04765625 0.06015625
1 0.45390625 0.815625 0.034375 0.03984375
1 0.421875 0.79296875 0.04296875 0.05390625
1 0.48125 0.79140625 0.0359375 0.03984375
1 0.45234375 0.7671875 0.04296875 0.05234375
1 0.48125 0.74921875 0.0390625 0.04609375
1 0.45078125 0.72109375 0.0390625 0.0484375
1 0.4796875 0.7046875 0.0390625 0.05234375
1 0.41484375 0.74296875 0.0375 0.05234375
1 0.32578125 0.81328125 0.0390625 0.03984375
1 0.36328125 0.746875 0.040625 0.04609375
1 0.296875 0.971875 0.040625 0.04453125
1 0.26640625 0.9859375 0.034375 0.028125
1 0.2375 0.96953125 0.0375 0.0359375
1 0.23359375 0.9953125 0.0390625 0.009375
1 0.22890625 0.92578125 0.0328125 0.034375
1 0.21171875 0.90390625 0.0515625 0.0421875
1 0.146875 0.9015625 0.04765625 0.04609375
1 0.1703125 0.9296875 0.04296875 0.04609375
1 0.17734375 0.96953125 0.04453125 0.04609375
1 0.1765625 0.99296875 0.04296875 0.0140625
1 0.11796875 0.92578125 0.04453125 0.05
1 0.1453125 0.98359375 0.03046875 0.03203125
1 0.1140625 0.96953125 0.040625 0.05
1 0.084375 0.9890625 0.0328125 0.021875
1 0.00546875 0.9765625 0.01015625 0.03828125
1 0.0203125 0.95 0.0375 0.034375
1 0.0546875 0.93203125 0.040625 0.05
1 0.04921875 0.8875 0.0359375 0.04453125
1 0.01796875 0.9078125 0.0359375 0.05625
1 0.203125 0.859375 0.0359375 0.0359375
1 0.1703125 0.83515625 0.04453125 0.05859375
1 0.1140625 0.84375 0.040625 0.04453125
1 0.26796875 0.81328125 0.0578125 0.06640625
1 0.41953125 0.70078125 0.0359375 0.0421875
1 0.4234375 0.6625 0.0515625 0.04609375
1 0.38359375 0.68671875 0.04453125 0.05625
1 0.353125 0.6625 0.040625 0.05390625
1 0.32421875 0.684375 0.04609375 0.05
1 0.26484375 0.7265625 0.0546875 0.0640625
1 0.23515625 0.79296875 0.0375 0.04609375
1 0.23203125 0.753125 0.040625 0.05390625
1 0.2046875 0.7328125 0.0359375 0.05
1 0.17421875 0.70703125 0.0390625 0.05625
1 0.1453125 0.684375 0.0359375 0.04609375
1 0.109375 0.66875 0.04296875 0.05625
1 0.23515625 0.6703125 0.04296875 0.04453125
1 0.278125 0.6484375 0.0578125 0.05
1 0.35 0.61875 0.02890625 0.04609375
1 0.23046875 0.6265625 0.034375 0.04453125
1 0.17265625 0.6265625 0.0359375 0.05390625
1 0.14140625 0.64453125 0.04609375 0.05
1 0.14140625 0.60625 0.04296875 0.03984375
1 0.14296875 0.5640625 0.04609375 0.05390625
1 0.1703125 0.53828125 0.04296875 0.04453125
1 0.26484375 0.60234375 0.04296875 0.0484375
1 0.275 0.56796875 0.040625 0.03828125
1 0.3484375 0.578125 0.04609375 0.03828125
1 0.41484375 0.58046875 0.034375 0.03984375
1 0.29375 0.5421875 0.0390625 0.05
1 0.22734375 0.53828125 0.04453125 0.05390625
1 0.23359375 0.4921875 0.04609375 0.05625
1 0.28671875 0.49609375 0.04609375 0.05
1 0.08359375 0.56640625 0.03046875 0.034375
1 0.45390625 0.6046875 0.04609375 0.06640625
1 0.3859375 0.51796875 0.0390625 0.04609375
1 0.3546875 0.5484375 0.0171875 0.02421875
1 0.3484375 0.49375 0.0359375 0.0484375
1 0.41953125 0.45 0.0390625 0.05
1 0.3890625 0.4359375 0.0390625 0.0484375
1 0.32109375 0.47421875 0.0359375 0.04609375
1 0.32421875 0.43359375 0.04296875 0.0421875
1 0.1703125 0.45390625 0.034375 0.04609375
1 0.19765625 0.3875 0.04453125 0.05234375
1 0.23046875 0.36953125 0.04765625 0.05625
1 0.28984375 0.409375 0.04296875 0.05390625
1 0.32109375 0.39140625 0.0390625 0.05
1 0.2953125 0.36953125 0.04453125 0.05390625
1 0.3859375 0.3875 0.04921875 0.05
1 0.35 0.365625 0.04609375 0.0640625
1 0.3171875 0.34140625 0.0375 0.0484375
1 0.47578125 0.53984375 0.0359375 0.04453125
1 0.478125 0.4921875 0.04296875 0.05859375
1 0.48125 0.61640625 0.040625 0.05234375
1 0.51015625 0.5625 0.040625 0.05234375
1 0.51328125 0.6046875 0.040625 0.04453125
1 0.50703125 0.63828125 0.03046875 0.0359375
1 0.5375 0.65625 0.0390625 0.0421875
1 0.540625 0.61875 0.02578125 0.034375
1 0.6125 0.61875 0.0375 0.03828125
1 0.5765625 0.67890625 0.053125 0.05234375
1 0.540625 0.70078125 0.04609375 0.05234375
1 0.571875 0.6328125 0.04609375 0.05625
1 0.6703125 0.740625 0.0390625 0.04609375
1 0.63515625 0.72109375 0.040625 0.05390625
1 0.6703125 0.70078125 0.04296875 0.03984375
1 0.73203125 0.703125 0.04453125 0.05
1 0.759375 0.675 0.040625 0.04453125
1 0.69765625 0.6765625 0.03046875 0.04453125
1 0.66875 0.65625 0.0390625 0.04609375
1 0.7 0.63671875 0.0359375 0.03828125
1 0.6671875 0.6203125 0.0359375 0.034375
1 0.665625 0.578125 0.04453125 0.05234375
1 0.725 0.6125 0.04453125 0.04609375
1 0.75390625 0.634375 0.0359375 0.03046875
1 0.99296875 0.6734375 0.01328125 0.05390625
1 0.97265625 0.6546875 0.0359375 0.03203125
1 0.99296875 0.63515625 0.01328125 0.034375
1 0.97265625 0.6125 0.0390625 0.03984375
1 0.9453125 0.6328125 0.034375 0.04609375
1 0.99453125 0.5921875 0.01015625 0.05234375
1 0.91640625 0.65078125 0.034375 0.03046875
1 0.0515625 0.7546875 0.034375 0.03984375
1 0.021875 0.82109375 0.040625 0.0484375
1 0.04921875 0.66640625 0.053125 0.0625
1 0.015625 0.64921875 0.03046875 0.05859375
1 0.0765625 0.60234375 0.0328125 0.028125
1 0.0515625 0.584375 0.0359375 0.04453125
1 0.040625 0.62421875 0.0328125 0.03984375
1 0.01875 0.60625 0.0328125 0.04609375
1 0.08046875 0.521875 0.0375 0.05234375
1 0.0515625 0.5 0.0328125 0.04453125
1 0.021875 0.52265625 0.04375 0.0609375
1 0.0734375 0.4796875 0.021875 0.034375
1 0.075 0.4359375 0.040625 0.05390625
1 0.01875 0.47578125 0.0375 0.03828125
1 0.01953125 0.4359375 0.0390625 0.0484375
1 0.13671875 0.39140625 0.0390625 0.04609375
1 0.01640625 0.39375 0.0328125 0.0484375
1 0.4109375 0.31953125 0.053125 0.05859375
1 0.38203125 0.253125 0.034375 0.0359375
1 0.409375 0.15234375 0.04296875 0.05390625
1 0.36875 0.078125 0.02734375 0.03203125
1 0.353125 0.15078125 0.04453125 0.05390625
1 0.31875 0.1265625 0.04609375 0.05234375
1 0.32421875 0.2109375 0.04765625 0.05234375
1 0.28671875 0.196875 0.0390625 0.04609375
1 0.28515625 0.1546875 0.04921875 0.06015625
1 0.25625 0.175 0.0375 0.05
1 0.2578125 0.13046875 0.0328125 0.0421875
1 0.22890625 0.1484375 0.0359375 0.0484375
1 0.19296875 0.13046875 0.040625 0.05625
1 0.32265625 0.2546875 0.04453125 0.0625
1 0.29375 0.3234375 0.0390625 0.05234375
1 0.296875 0.275 0.04453125 0.06015625
1 0.2625 0.33359375 0.04296875 0.04453125
1 0.2609375 0.2953125 0.040625 0.0421875
1 0.26484375 0.259375 0.0390625 0.05
1 0.22734375 0.28125 0.040625 0.06640625
1 0.19453125 0.2609375 0.0375 0.05
1 0.16875 0.3234375 0.04765625 0.05390625
1 0.1078125 0.28125 0.05625 0.0625
1 0.075 0.21875 0.034375 0.04609375
1 0.1328125 0.1765625 0.040625 0.05
1 0.10234375 0.1609375 0.0390625 0.05625
1 0.06796875 0.134375 0.0359375 0.05234375
1 0.13515625 0.090625 0.040625 0.0359375
1 0.040625 0.1609375 0.03046875 0.04453125
1 0.08046875 0.38984375 0.0359375 0.04609375
1 0.0765625 0.3453125 0.04765625 0.0640625
1 0.04453125 0.3296875 0.0390625 0.05625
1 0.053125 0.28125 0.0515625 0.04453125
1 0.04609375 0.240625 0.04609375 0.05859375
1 0.00546875 0.19765625 0.01015625 0.05390625
1 0.009375 0.09765625 0.01875 0.02578125
1 0.075 0.09453125 0.021875 0.02578125
1 0.16015625 0.2828125 0.0359375 0.0484375
1 0.8515625 0.6484375 0.04453125 0.05
1 0.88359375 0.628125 0.040625 0.05234375
1 0.82578125 0.634375 0.0359375 0.0484375
1 0.78984375 0.61015625 0.04609375 0.04453125
1 0.978125 0.57421875 0.0390625 0.0484375
1 0.97421875 0.52421875 0.0515625 0.0625
1 0.940625 0.5484375 0.0359375 0.05390625
1 0.91484375 0.5765625 0.0375 0.04453125
1 0.84609375 0.57265625 0.0375 0.0484375
1 0.78515625 0.57265625 0.04296875 0.0484375
1 0.79375 0.53203125 0.04453125 0.04453125
1 0.665625 0.528125 0.0375 0.05234375
1 0.63515625 0.51015625 0.0375 0.0421875
1 0.5703125 0.51796875 0.04296875 0.05390625
1 0.5375 0.48984375 0.0390625 0.0625
1 0.571875 0.46953125 0.0390625 0.0421875
1 0.60078125 0.44609375 0.02734375 0.03203125
1 0.5734375 0.43203125 0.040625 0.05
1 0.5390625 0.4078125 0.0359375 0.05390625
1 0.88046875 0.55 0.04765625 0.0484375
1 0.909375 0.528125 0.04765625 0.05859375
1 0.8484375 0.53203125 0.04609375 0.04609375
1 0.815625 0.5140625 0.03046875 0.03828125
1 0.84609375 0.48984375 0.04453125 0.05625
1 0.815625 0.4640625 0.034375 0.05859375
1 0.97578125 0.44375 0.0359375 0.034375
1 0.940625 0.46015625 0.0375 0.04453125
1 0.9109375 0.4375 0.034375 0.04609375
1 0.88203125 0.42578125 0.0390625 0.04609375
1 0.85 0.43984375 0.0390625 0.04609375
1 0.97578125 0.3875 0.040625 0.05
1 0.90625 0.3953125 0.04453125 0.0484375
1 0.7234375 0.48828125 0.04296875 0.05
1 0.7578125 0.46953125 0.04296875 0.05
1 0.759375 0.42578125 0.040625 0.05
1 0.78671875 0.39921875 0.034375 0.04453125
1 0.909375 0.353125 0.04609375 0.0484375
1 0.84609375 0.353125 0.053125 0.0625
1 0.871875 0.33125 0.0390625 0.05234375
1 0.80703125 0.34140625 0.040625 0.0484375
1 0.78515625 0.31328125 0.0375 0.0359375
1 0.8375 0.30546875 0.040625 0.0484375
1 0.8109375 0.2890625 0.0375 0.05390625
1 0.73046875 0.36328125 0.0359375 0.0484375
1 0.665625 0.4015625 0.0390625 0.05
1 0.628125 0.3796875 0.0375 0.05625
1 0.59765625 0.359375 0.0375 0.05234375
1 0.628125 0.3375 0.040625 0.0484375
1 0.69609375 0.33359375 0.04609375 0.06015625
1 0.66015625 0.315625 0.0375 0.05
1 0.6265625 0.29140625 0.0390625 0.05234375
1 0.50859375 0.3390625 0.040625 0.05234375
1 0.5953125 0.2265625 0.040625 0.05234375
1 0.51328125 0.25703125 0.0390625 0.04453125
1 0.47421875 0.23515625 0.04765625 0.05390625
1 0.50546875 0.20859375 0.04765625 0.05390625
1 0.503125 0.16640625 0.02890625 0.0359375
1 0.66015625 0.15234375 0.0359375 0.0421875
1 0.56328125 0.134375 0.040625 0.0484375
1 0.5953125 0.1046875 0.02890625 0.0359375
1 0.56484375 0.090625 0.0375 0.0421875
1 0.53046875 0.10859375 0.0359375 0.0421875
1 0.503125 0.08671875 0.02890625 0.0421875
1 0.47109375 0.1046875 0.0390625 0.05390625
1 0.7234375 0.225 0.04453125 0.05234375
1 0.66015625 0.2671875 0.0359375 0.04609375
1 0.940625 0.28125 0.04765625 0.05
1 0.90625 0.26875 0.0390625 0.05
1 0.87578125 0.27890625 0.034375 0.05
1 0.8140625 0.20703125 0.04453125 0.04609375
1 0.74375 0.18671875 0.04453125 0.05
1 0.7203125 0.1046875 0.0328125 0.04453125
1 0.74921875 0.084375 0.034375 0.04453125
1 0.84296875 0.18671875 0.04609375 0.0484375
1 0.84453125 0.146875 0.034375 0.03828125
1 0.871875 0.11640625 0.0390625 0.03984375
1 0.84140625 0.1046875 0.040625 0.0625
1 0.87578125 0.08046875 0.04296875 0.0484375
1 0.940625 0.23515625 0.0515625 0.05625
1 0.9046875 0.22109375 0.04296875 0.04609375
1 0.90234375 0.18046875 0.0390625 0.04453125
1 0.940625 0.19453125 0.04765625 0.0421875
1 0.97421875 0.175 0.0390625 0.05234375
1 0.990625 0.08203125 0.01875 0.0484375
1 0.9671875 0.10078125 0.0328125 0.04609375
1 0.93671875 0.08203125 0.040625 0.05234375
1 0.21015625 0.82109375 0.0390625 0.05
1 0.93671875 0.034375 0.04453125 0.05
1 0.8703125 0.03203125 0.04609375 0.04609375
1 0.90234375 0.0203125 0.040625 0.03984375
1 0.9859375 0.00703125 0.028125 0.0109375
1 0.9375 0.00703125 0.053125 0.0140625
1 0.80859375 0.00859375 0.0453125 0.0171875
1 0.69140625 0.03828125 0.04296875 0.05390625
1 0.65859375 0.01796875 0.0375 0.0359375
1 0.6265625 0.03984375 0.0390625 0.0484375
1 0.559375 0.03828125 0.0328125 0.03984375
1 0.5015625 0.034375 0.0390625 0.0421875
1 0.58984375 0.01796875 0.0359375 0.0359375
1 0.56171875 0.01015625 0.0375 0.0203125
1 0.503125 0.01328125 0.040625 0.02578125
1 0.44140625 0.009375 0.0328125 0.01796875
1 0.3765625 0.01015625 0.0328125 0.0203125
1 0.31328125 0.009375 0.0328125 0.01796875
1 0.1921875 0.009375 0.02890625 0.01796875
1 0.1640625 0.06015625 0.02734375 0.028125
1 0.13515625 0.0421875 0.034375 0.0421875
1 0.09609375 0.02421875 0.0359375 0.0484375
1 0.1328125 0.009375 0.03046875 0.01796875
1 0.04453125 0.03203125 0.034375 0.05234375
1 0.0078125 0.06328125 0.015625 0.03046875
1 0.01171875 0.01015625 0.0234375 0.0203125