1 0.0234375 0.0421875 0.04609375 0.0765625
1 0.0234375 0.1046875 0.04609375 0.05625
1 0.0203125 0.159375 0.040625 0.059375
1 0.0234375 0.22109375 0.04609375 0.0546875
1 0.02578125 0.27734375 0.0515625 0.06640625
1 0.02265625 0.34765625 0.04453125 0.0625
1 0.01953125 0.4078125 0.0390625 0.059375
1 0.01796875 0.471875 0.0359375 0.06875
1 0.01796875 0.53515625 0.0359375 0.0625
1 0.01796875 0.60390625 0.0359375 0.0625
1 0.01796875 0.66328125 0.0359375 0.06484375
1 0.0203125 0.71796875 0.040625 0.0671875
1 0.01796875 0.784375 0.0359375 0.06015625
1 0.01640625 0.84453125 0.0328125 0.06484375
1 0.01796875 0.909375 0.0359375 0.06875
1 0.01796875 0.965625 0.0359375 0.06875
1 0.25390625 0.00234375 0.0546875 0.00390625
1 0.340625 0.01171875 0.0625 0.0234375
1 0.33984375 0.0484375 0.05703125 0.0625
1 0.296875 0.06875 0.04609375 0.06640625
1 0.24921875 0.10703125 0.0546875 0.05859375
1 0.1546875 0.146875 0.04453125 0.04609375
1 0.24921875 0.16953125 0.053125 0.07265625
1 0.24921875 0.221875 0.05859375 0.06484375
1 0.1578125 0.28046875 0.034375 0.040625
1 0.24765625 0.346875 0.05703125 0.0625
1 0.1578125 0.40703125 0.0484375 0.05625
1 0.1578125 0.53828125 0.0484375 0.06015625
1 0.1546875 0.67109375 0.05703125 0.07265625
1 0.14921875 0.74765625 0.065625 0.08671875
1 0.14453125 0.853125 0.06015625 0.07265625
1 0.14765625 0.915625 0.05703125 0.06875
1 0.14375 0.97265625 0.05703125 0.0546875
1 0.190625 0.9890625 0.0515625 0.021875
1 0.23203125 0.97578125 0.06171875 0.0484375
1 0.275 0.71171875 0.0515625 0.05625
1 0.24765625 0.75 0.04453125 0.06015625
1 0.19765625 0.76171875 0.0546875 0.06640625
1 0.23359375 0.79453125 0.06328125 0.07421875
1 0.190625 0.81875 0.05 0.06640625
1 0.2265625 0.8546875 0.0515625 0.0625
1 0.278125 0.88125 0.05859375 0.0765625
1 0.23359375 0.92109375 0.05 0.06484375
1 0.28359375 0.9515625 0.065625 0.08046875
1 0.9765625 0.009375 0.04609375 0.01796875
1 0.6546875 0.32890625 0.0515625 0.06640625
1 0.6171875 0.35859375 0.065625 0.07265625
1 0.61328125 0.42578125 0.0546875 0.05859375
1 0.61328125 0.48828125 0.06171875 0.06875
1 0.56171875 0.5140625 0.0671875 0.0765625
1 0.79453125 0.01015625 0.05703125 0.0203125
1 0.83671875 0.028125 0.0515625 0.05625
1 0.88125 0.01015625 0.0515625 0.0203125
1 0.89140625 0.04609375 0.0671875 0.06484375
1 0.928125 0.0890625 0.06328125 0.07265625
1 0.965625 0.13671875 0.06015625 0.06484375
1 0.99453125 0.15234375 0.01015625 0.05859375
1 0.88515625 0.10078125 0.053125 0.07265625
1 0.8953125 0.165625 0.065625 0.0625
1 0.97578125 0.23359375 0.0484375 0.06875
1 0.93984375 0.19921875 0.0546875 0.07265625
1 0.8421875 0.13671875 0.0484375 0.0546875
1 0.796875 0.1046875 0.0484375 0.05625
1 0.75078125 0.1390625 0.0515625 0.05234375
1 0.70625 0.1109375 0.053125 0.05234375
1 0.6578125 0.13671875 0.05 0.05078125
1 0.6546875 0.19140625 0.0515625 0.06015625
1 0.61328125 0.17109375 0.04453125 0.05078125
1 0.56875 0.1390625 0.0546875 0.06875
1 0.74609375 0.02421875 0.05859375 0.0484375
1 0.7078125 0.05234375 0.0546875 0.0765625
1 0.7015625 0.003125 0.05 0.00625
1 0.66640625 0.028125 0.065625 0.05625
1 0.6171875 0.040625 0.06015625 0.08046875
1 0.5671875 0.0203125 0.06171875 0.040625
1 0.4765625 0.0234375 0.06015625 0.04609375
1 0.5203125 0.0421875 0.0484375 0.06640625
1 0.5671875 0.0765625 0.06171875 0.07421875
1 0.5203125 0.1046875 0.0515625 0.0625
1 0.47578125 0.13125 0.053125 0.0625
1 0.4296875 0.159375 0.05 0.05625
1 0.38671875 0.19375 0.0515625 0.06640625
1 0.33828125 0.15703125 0.05703125 0.06015625
1 0.33515625 0.21953125 0.06015625 0.07421875
1 0.8421875 0.19765625 0.05 0.04609375
1 0.88125 0.23359375 0.06328125 0.06875
1 0.7953125 0.2296875 0.0515625 0.05625
1 0.83671875 0.2640625 0.053125 0.06875
1 0.93125 0.2640625 0.06328125 0.0625
1 0.88515625 0.29453125 0.05859375 0.06484375
1 0.83671875 0.32421875 0.053125 0.0625
1 0.9328125 0.32890625 0.05 0.05625
1 0.88515625 0.3546875 0.0546875 0.05625
1 0.8421875 0.39140625 0.053125 0.0625
1 0.79375 0.3609375 0.0484375 0.05859375
1 0.74765625 0.32265625 0.04609375 0.0546875
1 0.69765625 0.353125 0.05 0.0625
1 0.74375 0.3890625 0.06015625 0.07421875
1 0.7921875 0.4234375 0.05703125 0.07421875
1 0.97578125 0.365625 0.0484375 0.0546875
1 0.93125 0.396875 0.06171875 0.05625
1 0.93125 0.459375 0.0484375 0.0625
1 0.8796875 0.4234375 0.05703125 0.0625
1 0.83828125 0.4578125 0.04453125 0.05859375
1 0.88671875 0.48828125 0.05 0.0625
1 0.7921875 0.48984375 0.0546875 0.06015625
1 0.74609375 0.459375 0.04453125 0.0625
1 0.69765625 0.48828125 0.05703125 0.07265625
1 0.978125 0.49609375 0.04375 0.0359375
1 0.97578125 0.55859375 0.0484375 0.0703125
1 0.9296875 0.590625 0.0484375 0.0484375
1 0.93984375 0.653125 0.0375 0.0484375
1 0.88515625 0.55625 0.065625 0.07421875
1 0.83671875 0.521875 0.053125 0.06875
1 0.790625 0.54609375 0.06015625 0.06875
1 0.7421875 0.5203125 0.05859375 0.06875
1 0.83125 0.5890625 0.0546875 0.0625
1 0.8796875 0.6171875 0.05859375 0.06484375
1 0.740625 0.584375 0.05703125 0.06484375
1 0.78671875 0.61328125 0.0546875 0.06015625
1 0.7421875 0.646875 0.05859375 0.06875
1 0.56015625 0.3203125 0.053125 0.06640625
1 0.51875 0.35078125 0.04453125 0.05625
1 0.5203125 0.415625 0.04609375 0.06875
1 0.47578125 0.38125 0.0546875 0.0625
1 0.47109375 0.44765625 0.05859375 0.05859375
1 0.42421875 0.41328125 0.053125 0.07421875
1 0.83359375 0.653125 0.0484375 0.0546875
1 0.33671875 0.2859375 0.05859375 0.06484375
1 0.47578125 0.19375 0.0546875 0.06484375
1 0.4296875 0.221875 0.053125 0.07890625
1 0.47734375 0.2578125 0.06015625 0.06484375
1 0.47734375 0.32265625 0.0515625 0.07265625
1 0.42578125 0.29453125 0.04453125 0.0703125
1 0.3796875 0.3203125 0.0484375 0.07265625
1 0.33515625 0.353125 0.04453125 0.0484375
1 0.33515625 0.415625 0.03984375 0.05078125
1 0.24609375 0.47578125 0.034375 0.040625
1 0.3296875 0.471875 0.04609375 0.05625
1 0.28515625 0.51015625 0.04453125 0.06640625
1 0.24375 0.54609375 0.05 0.06640625
1 0.3796875 0.50625 0.065625 0.07265625
1 0.3296875 0.5421875 0.06171875 0.07265625
1 0.428125 0.5421875 0.053125 0.0625
1 0.3796875 0.57265625 0.06328125 0.07421875
1 0.3296875 0.6109375 0.04453125 0.05625
1 0.28671875 0.6328125 0.053125 0.07421875
1 0.428125 0.61328125 0.06328125 0.0765625
1 0.37421875 0.6453125 0.06171875 0.08046875
1 0.33125 0.67578125 0.0515625 0.07890625
1 0.515625 0.61484375 0.04140625 0.04609375
1 0.47265625 0.64296875 0.06015625 0.0765625
1 0.42265625 0.67109375 0.0546875 0.06640625
1 0.47265625 0.7078125 0.053125 0.06875
1 0.41953125 0.7421875 0.0671875 0.08671875
1 0.5671875 0.64296875 0.0484375 0.0625
1 0.5203125 0.66953125 0.0515625 0.0703125
1 0.56171875 0.7140625 0.06328125 0.05859375
1 0.56171875 0.771875 0.053125 0.0546875
1 0.51171875 0.7421875 0.0546875 0.07265625
1 0.47734375 0.77421875 0.06328125 0.06640625
1 0.47421875 0.82890625 0.05703125 0.05625
1 0.5546875 0.82421875 0.0546875 0.06484375
1 0.69609375 0.67734375 0.0375 0.04453125
1 0.64921875 0.71171875 0.05703125 0.06015625
1 0.61171875 0.73984375 0.04453125 0.05625
1 0.36953125 0.76640625 0.04140625 0.05234375
1 0.328125 0.75 0.04140625 0.06015625
1 0.328125 0.7921875 0.0515625 0.0484375
1 0.37421875 0.82265625 0.06328125 0.06015625
1 0.3765625 0.8828125 0.0546875 0.06484375
1 0.33125 0.9171875 0.053125 0.07265625
1 0.378125 0.94765625 0.0546875 0.07421875
1 0.47421875 0.8890625 0.06171875 0.0625
1 0.42109375 0.9234375 0.0546875 0.06640625
1 0.515625 0.92109375 0.06015625 0.06015625
1 0.50859375 0.97890625 0.0515625 0.0421875
1 0.46484375 0.99140625 0.0515625 0.0171875
1 0.5515625 0.99375 0.0515625 0.01171875
1 0.63828125 0.990625 0.0671875 0.01796875
1 0.64765625 0.9640625 0.06328125 0.05859375
1 0.64609375 0.909375 0.04453125 0.05234375
1 0.6 0.85859375 0.053125 0.05234375
1 0.64921875 0.7703125 0.053125 0.0625
1 0.64921875 0.8328125 0.06171875 0.05859375
1 0.69453125 0.7421875 0.0515625 0.06640625
1 0.69453125 0.80625 0.05859375 0.06875
1 0.740625 0.709375 0.05859375 0.06484375
1 0.74375 0.7703125 0.0515625 0.0546875
1 0.78828125 0.80078125 0.0359375 0.0484375
1 0.74375 0.834375 0.06328125 0.07265625
1 0.740625 0.89921875 0.053125 0.0484375
1 0.69921875 0.92109375 0.04453125 0.05625
1 0.78671875 0.9296875 0.0546875 0.0625
1 0.73515625 0.959375 0.06171875 0.06875
1 0.7921875 0.68359375 0.0515625 0.0765625
1 0.8828125 0.68515625 0.06015625 0.0546875
1 0.83359375 0.7140625 0.053125 0.07265625
1 0.99375 0.71640625 0.01171875 0.05859375
1 0.97265625 0.74609375 0.05 0.0421875
1 0.92421875 0.72578125 0.0515625 0.05859375
1 0.8765625 0.75 0.0546875 0.06640625
1 0.928125 0.7765625 0.05859375 0.05078125
1 0.8796875 0.8125 0.05 0.05625
1 0.83515625 0.82265625 0.0546875 0.05234375
1 0.92265625 0.8328125 0.05 0.05078125
1 0.8765625 0.86328125 0.05 0.05625
1 0.878125 0.9296875 0.06015625 0.0703125
1 0.9921875 0.896875 0.015625 0.05625
1 0.99140625 0.965625 0.0171875 0.06875
1 0.965625 0.9234375 0.04296875 0.05078125
1 0.9640625 0.9828125 0.0515625 0.034375
1 0.92421875 0.96171875 0.0515625 0.0765625