1 0.0578125 0.67890625 0.11484375 0.2171875
1 0.1671875 0.9453125 0.15078125 0.10859375
1 0.30390625 0.89375 0.140625 0.2078125
1 0.17109375 0.80703125 0.13828125 0.2125
1 0.1796875 0.60859375 0.13671875 0.21015625
1 0.29296875 0.7078125 0.13125 0.20546875
1 0.06328125 0.49765625 0.12578125 0.2078125
1 0.425 0.940625 0.14921875 0.11796875
1 0.678125 0.96015625 0.1328125 0.0796875
1 0.9265625 0.9625 0.13671875 0.075
1 0.92421875 0.82734375 0.15078125 0.21953125
1 0.79375 0.90234375 0.153125 0.1953125
1 0.4265625 0.81640625 0.14375 0.20546875
1 0.55546875 0.91171875 0.1296875 0.1765625
1 0.68359375 0.828125 0.140625 0.2125
1 0.5484375 0.721875 0.13671875 0.24609375
1 0.41875 0.60859375 0.14375 0.2078125
1 0.68359375 0.6109375 0.1453125 0.203125
1 0.796875 0.7296875 0.1296875 0.17890625
1 0.92421875 0.63046875 0.15078125 0.2078125
1 0.8 0.53359375 0.14375 0.221875
1 0.2984375 0.521875 0.1421875 0.190625
1 0.18359375 0.41796875 0.1453125 0.18359375
1 0.428125 0.42734375 0.1546875 0.1765625
1 0.55546875 0.50234375 0.1453125 0.1859375
1 0.66875 0.42734375 0.153125 0.21953125
1 0.80546875 0.34765625 0.13515625 0.18359375
1 0.934375 0.43984375 0.13125 0.18828125
1 0.309375 0.328125 0.1796875 0.1984375
1 0.0546875 0.32578125 0.109375 0.2125
1 0.06484375 0.01953125 0.1296875 0.03828125
1 0.06640625 0.121875 0.1328125 0.18125
1 0.17421875 0.06875 0.16171875 0.1375
1 0.17421875 0.2296875 0.14765625 0.1765625
1 0.3171875 0.02265625 0.15 0.0453125
1 0.3109375 0.1328125 0.13671875 0.1984375
1 0.43125 0.07578125 0.125 0.1515625
1 0.428125 0.234375 0.11875 0.203125
1 0.559375 0.11796875 0.13125 0.2171875
1 0.684375 0.078125 0.15 0.15625
1 0.55546875 0.3234375 0.1203125 0.19296875
1 0.68515625 0.23671875 0.1453125 0.1953125
1 0.8109375 0.1421875 0.13125 0.2171875
1 0.9359375 0.0734375 0.125 0.146875
1 0.93203125 0.25859375 0.12734375 0.21484375
1 0.99296875 0.9140625 0.0140625 0.171875