1 0.1953125 0.040625 0.175 0.07890625
1 0.0203125 0.1375 0.0390625 0.2015625
1 0.0140625 0.4625 0.028125 0.1875
1 0.4203125 0.04921875 0.1890625 0.096875
1 0.021875 0.78515625 0.0421875 0.22421875
1 0.796875 0.37265625 0.1734375 0.2109375
1 0.328125 0.8515625 0.178125 0.22421875
1 0.5453125 0.52265625 0.19375 0.1890625
1 0.409375 0.29375 0.190625 0.178125
1 0.078125 0.359375 0.15625 0.19296875
1 0.07734375 0.075 0.1546875 0.15
1 0.3109375 0.53359375 0.146875 0.18203125
1 0.64375 0.27734375 0.15625 0.20546875
1 0.5453125 0.84765625 0.1765625 0.1875
1 0.7765625 0.67734375 0.18125 0.20703125
1 0.559375 0.0640625 0.1484375 0.128125
1 0.084375 0.20390625 0.1390625 0.1390625
1 0.421875 0.6109375 0.1203125 0.16171875
1 0.54375 0.6828125 0.1453125 0.15390625
1 0.659375 0.77421875 0.1078125 0.146875
1 0.328125 0.68046875 0.0828125 0.11015625
1 0.896875 0.9109375 0.165625 0.178125
1 0.665625 0.10859375 0.1109375 0.13359375
1 0.2890625 0.35390625 0.1015625 0.115625
1 0.434375 0.1375 0.175 0.16171875
1 0.546875 0.2 0.1328125 0.15234375
1 0.96875 0.14140625 0.0625 0.2828125
1 0.9765625 0.69375 0.0453125 0.2125