1 0.015625 0.9671875 0.03046875 0.065625
1 0.04609375 0.940625 0.0609375 0.06171875
1 0.04296875 0.98515625 0.04609375 0.0296875
1 0.09453125 0.9640625 0.05234375 0.05546875
1 0.184375 0.9484375 0.059375 0.071875
1 0.1328125 0.98515625 0.04921875 0.0296875
1 0.3171875 0.94609375 0.04765625 0.0640625
1 0.3640625 0.9578125 0.04921875 0.06171875
1 0.26953125 0.96796875 0.04765625 0.05
1 0.31953125 0.9890625 0.06953125 0.021875
1 0.40546875 0.98515625 0.05390625 0.0296875
1 0.45234375 0.9578125 0.0640625 0.06953125
1 0.50703125 0.95390625 0.05390625 0.065625
1 0.58828125 0.9578125 0.05078125 0.059375
1 0.54140625 0.9734375 0.0515625 0.053125
1 0.4984375 0.9890625 0.04765625 0.021875
1 0.68125 0.95234375 0.0421875 0.0640625
1 0.63359375 0.97421875 0.04765625 0.0515625
1 0.73046875 0.975 0.05078125 0.05
1 0.77265625 0.9625 0.04609375 0.06171875
1 0.8140625 0.978125 0.04921875 0.04375
1 0.86328125 0.9703125 0.04921875 0.059375
1 0.0171875 0.840625 0.03359375 0.07578125
1 0.09296875 0.8484375 0.04765625 0.059375
1 0.04375 0.87421875 0.0578125 0.059375
1 0.05078125 0.8125 0.05234375 0.06171875
1 0.1390625 0.81640625 0.0578125 0.0734375
1 0.959375 0.96796875 0.04921875 0.059375
1 0.9109375 0.978125 0.04921875 0.04375
1 0.9890625 0.98046875 0.021875 0.0390625
1 0.86640625 0.90078125 0.04765625 0.05390625
1 0.95625 0.90078125 0.04375 0.04765625
1 0.95078125 0.840625 0.05390625 0.05390625
1 0.98984375 0.8734375 0.0203125 0.06171875
1 0.9578125 0.7765625 0.05625 0.065625
1 0.90703125 0.87421875 0.04609375 0.059375
1 0.77109375 0.8921875 0.05390625 0.059375
1 0.7234375 0.85625 0.04765625 0.0578125
1 0.8171875 0.86875 0.05625 0.0578125
1 0.76953125 0.834375 0.04921875 0.059375
1 0.81875 0.803125 0.0625 0.071875
1 0.86640625 0.775 0.05078125 0.0578125
1 0.91015625 0.8109375 0.0578125 0.06171875
1 0.8640625 0.83671875 0.05234375 0.06171875
1 0.91015625 0.7453125 0.0625 0.0640625
1 0.72890625 0.79453125 0.05390625 0.05390625
1 0.77109375 0.76875 0.05078125 0.0578125
1 0.821875 0.73671875 0.05234375 0.06171875
1 0.8640625 0.703125 0.0421875 0.0640625
1 0.95625 0.71484375 0.04375 0.05
1 0.98828125 0.74609375 0.0234375 0.06171875
1 0.81875 0.675 0.04375 0.04765625
1 0.72890625 0.7328125 0.04765625 0.06953125
1 0.684375 0.7015625 0.04921875 0.06796875
1 0.684375 0.76875 0.04765625 0.059375
1 0.6390625 0.80078125 0.05234375 0.059375
1 0.77421875 0.70703125 0.04375 0.06171875
1 0.915625 0.67734375 0.04921875 0.06796875
1 0.95625 0.65703125 0.04765625 0.065625
1 0.9890625 0.6875 0.021875 0.05546875
1 0.99140625 0.62578125 0.0171875 0.0640625
1 0.8640625 0.59140625 0.0421875 0.05390625
1 0.91015625 0.5640625 0.05078125 0.059375
1 0.9578125 0.59375 0.05234375 0.06953125
1 0.959375 0.5296875 0.04609375 0.05546875
1 0.99140625 0.56640625 0.0171875 0.06171875
1 0.99296875 0.503125 0.01328125 0.0578125
1 0.8640625 0.46796875 0.05234375 0.06796875
1 0.915625 0.4359375 0.05234375 0.05546875
1 0.91328125 0.5 0.05390625 0.059375
1 0.9609375 0.4640625 0.04765625 0.071875
1 0.91328125 0.3765625 0.05078125 0.05390625
1 0.959375 0.346875 0.05390625 0.06953125
1 0.8234375 0.36640625 0.05625 0.0578125
1 0.8234375 0.3109375 0.0578125 0.0578125
1 0.87265625 0.29453125 0.05625 0.0640625
1 0.9234375 0.26328125 0.059375 0.06171875
1 0.9921875 0.2578125 0.015625 0.05390625
1 0.99140625 0.38046875 0.0171875 0.06796875
1 0.990625 0.44296875 0.01875 0.0578125
1 0.99375 0.31796875 0.01171875 0.05
1 0.96953125 0.22890625 0.04765625 0.0640625
1 0.99375 0.14453125 0.01171875 0.0578125
1 0.9640625 0.10546875 0.04375 0.059375
1 0.99375 0.0828125 0.01171875 0.0578125
1 0.9921875 0.0234375 0.0125 0.046875
1 0.18671875 0.840625 0.04921875 0.04609375
1 0.184375 0.78671875 0.05078125 0.059375
1 0.23359375 0.81875 0.0578125 0.06796875
1 0.18828125 0.72109375 0.059375 0.0640625
1 0.09453125 0.71875 0.0578125 0.06171875
1 0.1390625 0.74921875 0.04921875 0.06796875
1 0.01875 0.7203125 0.0375 0.065625
1 0.04375 0.6890625 0.05625 0.0734375
1 0.04765625 0.62734375 0.05390625 0.0640625
1 0.09453125 0.66171875 0.05625 0.065625
1 0.1421875 0.63359375 0.05390625 0.065625
1 0.096875 0.60546875 0.04765625 0.05546875
1 0.0140625 0.60078125 0.028125 0.0578125
1 0.01796875 0.046875 0.0359375 0.05
1 0.01875 0.10546875 0.0375 0.05546875
1 0.01796875 0.17109375 0.0359375 0.0640625
1 0.01796875 0.2359375 0.0359375 0.05
1 0.01875 0.2921875 0.0375 0.0578125
1 0.0203125 0.35234375 0.040625 0.059375
1 0.0203125 0.41640625 0.040625 0.059375
1 0.01875 0.47421875 0.0375 0.05546875
1 0.02109375 0.5359375 0.0421875 0.0640625
1 0.0984375 0.5359375 0.04921875 0.06171875
1 0.05078125 0.565625 0.04609375 0.06171875
1 0.04921875 0.49765625 0.040625 0.04765625
1 0.05390625 0.44453125 0.04765625 0.05390625
1 0.0578125 0.384375 0.04921875 0.05546875
1 0.0578125 0.325 0.04375 0.0578125
1 0.059375 0.26328125 0.05625 0.06953125
1 0.059375 0.19921875 0.05390625 0.06796875
1 0.059375 0.07578125 0.05234375 0.059375
1 0.059375 0.01875 0.04765625 0.0375
1 0.10859375 0.04375 0.04765625 0.059375
1 0.10703125 0.1078125 0.05625 0.059375
1 0.10859375 0.16953125 0.05625 0.05546875
1 0.103125 0.23515625 0.05078125 0.059375
1 0.10546875 0.296875 0.05078125 0.059375
1 0.103125 0.3546875 0.04921875 0.05390625
1 0.0984375 0.4140625 0.04921875 0.059375
1 0.0984375 0.478125 0.05078125 0.059375
1 0.14609375 0.565625 0.05390625 0.06796875
1 0.1421875 0.50390625 0.0375 0.04375
1 0.140625 0.44609375 0.05234375 0.0734375
1 0.14765625 0.384375 0.05390625 0.05546875
1 0.15078125 0.32890625 0.04609375 0.0515625
1 0.15078125 0.26484375 0.04921875 0.0640625
1 0.15234375 0.20703125 0.04765625 0.065625
1 0.15390625 0.14375 0.0578125 0.065625
1 0.15390625 0.07578125 0.04375 0.05546875
1 0.1484375 0.02578125 0.04921875 0.0515625
1 0.19375 0.00625 0.04921875 0.01171875
1 0.1984375 0.05 0.0390625 0.05546875
1 0.19453125 0.11328125 0.04765625 0.06171875
1 0.19453125 0.175 0.0375 0.0515625
1 0.196875 0.24140625 0.04375 0.06171875
1 0.19453125 0.303125 0.0390625 0.05546875
1 0.19296875 0.3703125 0.040625 0.06796875
1 0.19296875 0.41640625 0.04765625 0.0515625
1 0.18828125 0.471875 0.04921875 0.06171875
1 0.19140625 0.5359375 0.04765625 0.06171875
1 0.18984375 0.59921875 0.04765625 0.0578125
1 0.18828125 0.659375 0.04609375 0.05546875
1 0.2375 0.6953125 0.0421875 0.0640625
1 0.2359375 0.75859375 0.04609375 0.0515625
1 0.23203125 0.6390625 0.03203125 0.0375
1 0.2359375 0.5796875 0.04765625 0.0640625
1 0.23046875 0.51796875 0.04609375 0.05
1 0.2359375 0.4484375 0.05078125 0.06796875
1 0.2359375 0.3921875 0.040625 0.05
1 0.2359375 0.33828125 0.05078125 0.0578125
1 0.2390625 0.275 0.04921875 0.06171875
1 0.2390625 0.2109375 0.04765625 0.06796875
1 0.240625 0.14375 0.05625 0.0640625
1 0.2375 0.02734375 0.05 0.0546875
1 0.27265625 0.85625 0.05625 0.065625
1 0.3171875 0.82109375 0.0609375 0.065625
1 0.3203125 0.7609375 0.0609375 0.0578125
1 0.2796875 0.73125 0.05234375 0.065625
1 0.3203125 0.7015625 0.05234375 0.065625
1 0.28125 0.60546875 0.05234375 0.071875
1 0.321875 0.63515625 0.05390625 0.06171875
1 0.32578125 0.571875 0.04609375 0.0578125
1 0.2828125 0.484375 0.05625 0.0640625
1 0.32734375 0.5140625 0.0578125 0.06171875
1 0.28125 0.4265625 0.05625 0.06171875
1 0.28125 0.3625 0.04921875 0.059375
1 0.284375 0.30078125 0.04609375 0.0515625
1 0.28125 0.25078125 0.04609375 0.04609375
1 0.28125 0.1734375 0.0421875 0.065625
1 0.28125 0.109375 0.04375 0.0578125
1 0.284375 0.05 0.05078125 0.06171875
1 0.2828125 0.009375 0.046875 0.01875
1 0.33046875 0.45 0.04609375 0.0578125
1 0.33203125 0.3921875 0.05390625 0.0578125
1 0.1390625 0.934375 0.03203125 0.0421875
1 0.22578125 0.98515625 0.040625 0.0296875
1 0.5 0.88828125 0.04375 0.05546875
1 0.3625 0.85625 0.0421875 0.05
1 0.41015625 0.83046875 0.05625 0.059375
1 0.4578125 0.8625 0.04921875 0.05546875
1 0.54921875 0.8546875 0.04921875 0.059375
1 0.58828125 0.88828125 0.040625 0.04765625
1 0.6390625 0.8609375 0.05078125 0.05546875
1 0.68671875 0.8265625 0.040625 0.04765625
1 0.3640625 0.790625 0.04765625 0.05
1 0.41015625 0.7671875 0.05234375 0.05390625
1 0.4578125 0.796875 0.05078125 0.0578125
1 0.5 0.81484375 0.04375 0.05390625
1 0.37109375 0.73125 0.04921875 0.0578125
1 0.41171875 0.7015625 0.04609375 0.05
1 0.36953125 0.6671875 0.05078125 0.0578125
1 0.37109375 0.60546875 0.04921875 0.06171875
1 0.41171875 0.63515625 0.04609375 0.0578125
1 0.4578125 0.73125 0.0359375 0.0375
1 0.4625 0.6734375 0.0421875 0.0515625
1 0.5015625 0.70546875 0.04765625 0.05390625
1 0.55078125 0.74140625 0.04375 0.05390625
1 0.59140625 0.83046875 0.04375 0.0640625
1 0.59140625 0.775 0.04921875 0.0515625
1 0.58828125 0.71328125 0.05234375 0.065625
1 0.6359375 0.73515625 0.05234375 0.065625
1 0.54921875 0.67109375 0.04375 0.05546875
1 0.59296875 0.64375 0.04375 0.05390625
1 0.778125 0.59375 0.03046875 0.03984375
1 0.4640625 0.60546875 0.0421875 0.0640625
1 0.55234375 0.609375 0.04921875 0.0640625
1 0.58828125 0.58203125 0.0421875 0.0515625
1 0.64609375 0.55546875 0.040625 0.05
1 0.68828125 0.5296875 0.04921875 0.05546875
1 0.7359375 0.5515625 0.05078125 0.0578125
1 0.503125 0.57734375 0.05234375 0.059375
1 0.37265625 0.55 0.04921875 0.0640625
1 0.41328125 0.56953125 0.04765625 0.05
1 0.41328125 0.51171875 0.05625 0.0640625
1 0.36953125 0.471875 0.0421875 0.05390625
1 0.415625 0.45625 0.05078125 0.0640625
1 0.3765625 0.4203125 0.04765625 0.0515625
1 0.55078125 0.55 0.04921875 0.05390625
1 0.596875 0.51953125 0.05625 0.06796875
1 0.46953125 0.53359375 0.04375 0.05546875
1 0.51171875 0.51171875 0.05078125 0.05546875
1 0.55078125 0.4859375 0.0390625 0.04765625
1 0.415625 0.3984375 0.040625 0.04765625
1 0.3796875 0.35859375 0.04765625 0.04765625
1 0.32890625 0.3328125 0.04375 0.0515625
1 0.4640625 0.484375 0.04921875 0.05
1 0.50546875 0.45234375 0.0375 0.05390625
1 0.46796875 0.42421875 0.05078125 0.06796875
1 0.59453125 0.45390625 0.04765625 0.05546875
1 0.64375 0.49375 0.04375 0.05546875
1 0.68828125 0.4578125 0.04765625 0.06796875
1 0.7390625 0.48828125 0.04921875 0.06171875
1 0.7359375 0.4265625 0.04921875 0.0578125
1 0.7375 0.36640625 0.040625 0.06171875
1 0.54921875 0.42265625 0.05234375 0.0640625
1 0.59140625 0.39453125 0.04765625 0.059375
1 0.6421875 0.4359375 0.04375 0.0578125
1 0.64609375 0.3625 0.03046875 0.04375
1 0.68984375 0.34296875 0.04921875 0.065625
1 0.47109375 0.35625 0.04609375 0.0515625
1 0.41875 0.3328125 0.04609375 0.0515625
1 0.32734375 0.27890625 0.04921875 0.0515625
1 0.32734375 0.21484375 0.04921875 0.0578125
1 0.32734375 0.159375 0.04375 0.0515625
1 0.37421875 0.2390625 0.0375 0.0515625
1 0.415625 0.27109375 0.05234375 0.0578125
1 0.51015625 0.32890625 0.0375 0.0515625
1 0.46953125 0.303125 0.04921875 0.065625
1 0.46796875 0.23671875 0.05078125 0.05390625
1 0.51171875 0.26875 0.0390625 0.04375
1 0.55390625 0.3625 0.0390625 0.05390625
1 0.596875 0.33671875 0.04609375 0.05390625
1 0.55390625 0.2984375 0.04765625 0.05546875
1 0.59453125 0.275 0.03203125 0.0421875
1 0.64375 0.30859375 0.0421875 0.05390625
1 0.86640625 0.34453125 0.0375 0.04765625
1 0.69140625 0.28125 0.04375 0.05546875
1 0.7421875 0.2546875 0.04765625 0.0515625
1 0.778125 0.27890625 0.05078125 0.059375
1 0.8234375 0.25859375 0.04609375 0.06171875
1 0.86796875 0.2390625 0.04765625 0.06171875
1 0.921875 0.19921875 0.05390625 0.06171875
1 0.921875 0.1375 0.05234375 0.06171875
1 0.921875 0.07578125 0.04765625 0.065625
1 0.32890625 0.0953125 0.04609375 0.06171875
1 0.37109375 0.121875 0.04609375 0.04375
1 0.41875 0.15703125 0.04765625 0.05390625
1 0.47109375 0.18125 0.05390625 0.0578125
1 0.51328125 0.2109375 0.04609375 0.059375
1 0.55390625 0.2453125 0.04921875 0.059375
1 0.5984375 0.2171875 0.04609375 0.03984375
1 0.64375 0.25078125 0.040625 0.0578125
1 0.69296875 0.21875 0.05234375 0.04765625
1 0.74375 0.19296875 0.0375 0.06171875
1 0.7828125 0.225 0.04765625 0.05546875
1 0.7796875 0.16171875 0.04921875 0.0640625
1 0.82734375 0.196875 0.0421875 0.0578125
1 0.86953125 0.1734375 0.04765625 0.05390625
1 0.82734375 0.1375 0.0390625 0.04765625
1 0.87109375 0.115625 0.05078125 0.071875
1 0.925 0.0234375 0.05 0.046875
1 0.9640625 0.00625 0.04375 0.01171875
1 0.55625 0.18359375 0.0421875 0.05390625
1 0.64375 0.1890625 0.04609375 0.0640625
1 0.68984375 0.16328125 0.0421875 0.05
1 0.740625 0.13125 0.0421875 0.05
1 0.78125 0.09765625 0.05390625 0.0515625
1 0.82578125 0.06171875 0.040625 0.0578125
1 0.86796875 0.04609375 0.0578125 0.0640625
1 0.86953125 0.009375 0.0484375 0.01875
1 0.828125 0.01796875 0.04609375 0.0359375
1 0.7828125 0.0421875 0.05390625 0.065625
1 0.6 0.153125 0.04375 0.05390625
1 0.51171875 0.14921875 0.04765625 0.0515625
1 0.5578125 0.1171875 0.04765625 0.071875
1 0.6421875 0.1234375 0.04765625 0.06171875
1 0.69140625 0.1015625 0.04921875 0.06796875
1 0.7375 0.06796875 0.04921875 0.06796875
1 0.7421875 0.01796875 0.04765625 0.0359375
1 0.64921875 0.06796875 0.04375 0.0515625
1 0.46640625 0.1234375 0.04609375 0.059375
1 0.3765625 0.059375 0.05078125 0.059375
1 0.3765625 0.01640625 0.059375 0.0328125
1 0.4203125 0.09140625 0.05390625 0.04609375
1 0.42265625 0.0328125 0.05234375 0.065625
1 0.4765625 0.06796875 0.04765625 0.06171875
1 0.51328125 0.0859375 0.04609375 0.06171875
1 0.55625 0.059375 0.04375 0.05
1 0.60234375 0.028125 0.04921875 0.05546875
1 0.515625 0.02421875 0.04375 0.04765625
1 0.471875 0.01640625 0.046875 0.0328125
1 0.69140625 0.0359375 0.04609375 0.0578125