1 0.55859375 0.99140625 0.0734375 0.0171875
1 0.96796875 0.9859375 0.0640625 0.025
1 0.01640625 0.940625 0.0328125 0.08671875
1 0.0515625 0.88984375 0.08203125 0.0921875
1 0.12421875 0.9359375 0.08359375 0.09453125
1 0.128125 0.84765625 0.071875 0.08046875
1 0.19453125 0.89140625 0.0734375 0.10078125
1 0.26953125 0.9359375 0.078125 0.0984375
1 0.34140625 0.88359375 0.075 0.10078125
1 0.41640625 0.93203125 0.08203125 0.10625
1 0.48671875 0.94765625 0.071875 0.09609375
1 0.0125 0.840625 0.025 0.090625
1 0.06484375 0.79296875 0.08203125 0.11015625
1 0.0109375 0.746875 0.021875 0.10859375
1 0.04609375 0.6890625 0.06484375 0.084375
1 0.1328125 0.74921875 0.08203125 0.0921875
1 0.19609375 0.79296875 0.078125 0.10234375
1 0.27109375 0.73671875 0.071875 0.090625
1 0.3328125 0.7890625 0.0765625 0.084375
1 0.40078125 0.8296875 0.0765625 0.10078125
1 0.4796875 0.8671875 0.08203125 0.0984375
1 0.55625 0.921875 0.08515625 0.090625
1 0.63125 0.94140625 0.08515625 0.0984375
1 0.69765625 0.91796875 0.0546875 0.05859375
1 0.015625 0.63984375 0.03046875 0.09453125
1 0.01171875 0.5515625 0.0234375 0.1
1 0.01328125 0.45625 0.0265625 0.103125
1 0.053125 0.5140625 0.075 0.09609375
1 0.0546875 0.60234375 0.078125 0.08671875
1 0.11796875 0.6609375 0.08203125 0.0921875
1 0.19453125 0.6984375 0.08359375 0.09609375
1 0.12265625 0.55859375 0.078125 0.09453125
1 0.19453125 0.60234375 0.08671875 0.11484375
1 0.26640625 0.646875 0.08203125 0.09453125
1 0.33984375 0.69296875 0.08515625 0.10859375
1 0.4046875 0.73125 0.08203125 0.09609375
1 0.47109375 0.77109375 0.0734375 0.0921875
1 0.553125 0.83125 0.075 0.0765625
1 0.6328125 0.859375 0.06796875 0.084375
1 0.6296875 0.76875 0.0765625 0.0984375
1 0.5546875 0.73515625 0.075 0.09609375
1 0.4796875 0.6765625 0.071875 0.08828125
1 0.4109375 0.6328125 0.0765625 0.09609375
1 0.33984375 0.5921875 0.0890625 0.09453125
1 0.275 0.5484375 0.08671875 0.1046875
1 0.1875 0.50390625 0.08359375 0.1046875
1 0.11953125 0.44765625 0.0921875 0.1046875
1 0.04609375 0.40546875 0.08515625 0.11015625
1 0.009375 0.3625 0.01875 0.09453125
1 0.00859375 0.26875 0.0171875 0.10078125
1 0.0546875 0.32109375 0.0890625 0.09609375
1 0.11796875 0.26328125 0.078125 0.0921875
1 0.12421875 0.34921875 0.08359375 0.09453125
1 0.1859375 0.40546875 0.078125 0.0921875
1 0.26484375 0.44765625 0.08515625 0.09453125
1 0.3328125 0.49765625 0.090625 0.10078125
1 0.41328125 0.55234375 0.0890625 0.090625
1 0.4828125 0.59453125 0.0890625 0.09609375
1 0.5515625 0.6328125 0.078125 0.09609375
1 0.62109375 0.590625 0.059375 0.0703125
1 0.6328125 0.675 0.08203125 0.09453125
1 0.5578125 0.53828125 0.0703125 0.084375
1 0.62265625 0.4859375 0.075 0.1046875
1 0.48828125 0.49609375 0.0765625 0.10625
1 0.41484375 0.4515625 0.08515625 0.10859375
1 0.47265625 0.4015625 0.06796875 0.06640625
1 0.334375 0.39921875 0.08046875 0.0984375
1 0.26484375 0.34765625 0.075 0.10625
1 0.19140625 0.315625 0.0890625 0.1046875
1 0.00546875 0.16640625 0.01015625 0.0921875
1 0.00703125 0.0734375 0.01328125 0.090625
1 0.01015625 0.009375 0.0203125 0.01796875
1 0.04296875 0.0375 0.08515625 0.07421875
1 0.04453125 0.11875 0.0890625 0.1125
1 0.0453125 0.22109375 0.090625 0.09609375
1 0.12109375 0.16875 0.09375 0.11640625
1 0.19140625 0.2125 0.0890625 0.10234375
1 0.1109375 0.0703125 0.08203125 0.08828125
1 0.109375 0.0140625 0.078125 0.028125
1 0.18125 0.02421875 0.078125 0.0484375
1 0.1890625 0.10078125 0.0953125 0.10859375
1 0.2625 0.25703125 0.09375 0.11484375
1 0.26484375 0.1625 0.0890625 0.10078125
1 0.2609375 0.0640625 0.0890625 0.10625
1 0.25703125 0.01015625 0.08359375 0.0203125
1 0.9703125 0.9125 0.059375 0.10234375
1 0.69765625 0.8171875 0.0765625 0.090625
1 0.7625 0.8671875 0.08203125 0.0921875
1 0.8359375 0.91171875 0.078125 0.078125
1 0.9078125 0.8578125 0.078125 0.08671875
1 0.96875 0.8046875 0.0625 0.1
1 0.69140625 0.73125 0.075 0.09453125
1 0.759375 0.76875 0.071875 0.08671875
1 0.83125 0.8171875 0.078125 0.1046875
1 0.90234375 0.76484375 0.08203125 0.10859375
1 0.965625 0.7078125 0.06796875 0.09453125
1 0.96875 0.62578125 0.0625 0.0984375
1 0.8375 0.72265625 0.071875 0.09609375
1 0.90078125 0.66875 0.06796875 0.09453125
1 0.834375 0.63828125 0.08515625 0.08828125
1 0.759375 0.6828125 0.075 0.090625
1 0.69453125 0.640625 0.075 0.08828125
1 0.6890625 0.44609375 0.0734375 0.090625
1 0.75390625 0.5 0.071875 0.09453125
1 0.69296875 0.5421875 0.078125 0.10078125
1 0.7609375 0.58828125 0.0921875 0.090625
1 0.834375 0.44140625 0.08515625 0.09453125
1 0.834375 0.53984375 0.08359375 0.10078125
1 0.90234375 0.5765625 0.075 0.0984375
1 0.971875 0.52890625 0.05625 0.0984375
1 0.91328125 0.4859375 0.0921875 0.09453125
1 0.9703125 0.43046875 0.059375 0.09453125
1 0.3375 0.3015625 0.0734375 0.09453125
1 0.334375 0.2109375 0.071875 0.09609375
1 0.3359375 0.1125 0.0765625 0.10859375
1 0.32578125 0.03046875 0.075 0.06015625
1 0.40234375 0.0640625 0.078125 0.084375
1 0.46953125 0.02421875 0.08203125 0.0484375
1 0.4109375 0.3515625 0.0765625 0.084375
1 0.4078125 0.25078125 0.08515625 0.11484375
1 0.40625 0.15859375 0.08203125 0.08671875
1 0.48125 0.11875 0.071875 0.09609375
1 0.478125 0.20703125 0.0765625 0.0921875
1 0.4796875 0.309375 0.0765625 0.0984375
1 0.54609375 0.36171875 0.08203125 0.1046875
1 0.61640625 0.39765625 0.0734375 0.084375
1 0.62109375 0.309375 0.075 0.090625
1 0.54453125 0.25703125 0.0765625 0.090625
1 0.54921875 0.1625 0.08359375 0.09453125
1 0.54921875 0.07265625 0.0734375 0.0984375
1 0.53984375 0.0109375 0.06640625 0.021875
1 0.61171875 0.028125 0.06640625 0.05625
1 0.68515625 0.01015625 0.08671875 0.0203125
1 0.61640625 0.11015625 0.075 0.08828125
1 0.6140625 0.2109375 0.08359375 0.09609375
1 0.6890625 0.359375 0.08359375 0.10078125
1 0.69453125 0.253125 0.08203125 0.084375
1 0.69453125 0.16875 0.078125 0.08828125
1 0.69140625 0.07265625 0.10234375 0.1046875
1 0.759375 0.4015625 0.0734375 0.08046875
1 0.76484375 0.2953125 0.0703125 0.0984375
1 0.82578125 0.33125 0.08046875 0.10234375
1 0.9046875 0.39140625 0.0890625 0.084375
1 0.9671875 0.33671875 0.06484375 0.09453125
1 0.7625 0.2046875 0.08046875 0.0921875
1 0.75390625 0.0984375 0.08359375 0.10859375
1 0.75859375 0.0203125 0.08046875 0.03984375
1 0.834375 0.2453125 0.078125 0.090625
1 0.90234375 0.28515625 0.08515625 0.09453125
1 0.96640625 0.24609375 0.06640625 0.090625
1 0.896875 0.021875 0.078125 0.04375
1 0.96328125 0.04453125 0.0734375 0.08828125
1 0.96875 0.1375 0.0625 0.109375
1 0.82578125 0.05234375 0.08046875 0.10234375
1 0.82734375 0.1484375 0.0765625 0.08828125
1 0.9046875 0.196875 0.08515625 0.078125
1 0.90234375 0.0921875 0.08515625 0.0984375