1 0.18125 0.0328125 0.0578125 0.0640625
1 0.1890625 0.20703125 0.0578125 0.0734375
1 0.0984375 0.20390625 0.059375 0.06953125
1 0.01875 0.20546875 0.0359375 0.0734375
1 0.04921875 0.0125 0.0546875 0.025
1 0.1078125 0.096875 0.0390625 0.03828125
1 0.1265625 0.01484375 0.053125 0.0296875
1 0.2734375 0.02421875 0.04375 0.04609375
1 0.359375 0.02734375 0.0515625 0.0546875
1 0.3109375 0.0125 0.0390625 0.02421875
1 0.2265625 0.009375 0.053125 0.01796875
1 0.4390625 0.06796875 0.046875 0.053125
1 0.4 0.115625 0.053125 0.05703125
1 0.44375 0.1375 0.046875 0.0546875
1 0.4921875 0.17265625 0.05 0.0640625
1 0.3578125 0.1984375 0.0578125 0.06640625
1 0.5265625 0.06953125 0.04375 0.040625
1 0.5359375 0.02421875 0.0578125 0.04765625
1 0.4828125 0.009375 0.065625 0.01640625
1 0.5796875 0.00703125 0.05625 0.0125
1 0.6609375 0.03671875 0.04375 0.04609375
1 0.6234375 0.115625 0.05 0.053125
1 0.615625 0.06640625 0.0375 0.04609375
1 0.7921875 0.0203125 0.053125 0.040625
1 0.790625 0.071875 0.053125 0.0546875
1 0.75 0.1140625 0.05625 0.071875
1 0.840625 0.10625 0.059375 0.071875
1 0.8375 0.16875 0.0640625 0.05703125
1 0.8328125 0.22578125 0.0546875 0.0640625
1 0.8390625 0.2953125 0.0671875 0.07890625
1 0.790625 0.13203125 0.05625 0.06796875
1 0.96875 0.01640625 0.059375 0.0328125
1 0.996875 0.03125 0.00625 0.0625
1 0.9765625 0.12265625 0.0453125 0.053125
1 0.9734375 0.18203125 0.053125 0.0546875
1 0.996875 0.15390625 0.0046875 0.0734375
1 0.975 0.23828125 0.05 0.05703125
1 0.9984375 0.271875 0.003125 0.0640625
1 0.971875 0.29921875 0.0546875 0.0609375
1 0.975 0.3484375 0.0484375 0.053125
1 0.9703125 0.4328125 0.05625 0.0625
1 0.9953125 0.3875 0.0078125 0.05703125
1 0.9765625 0.484375 0.046875 0.04921875
1 0.9765625 0.5359375 0.046875 0.0546875
1 0.9734375 0.59296875 0.0515625 0.0609375
1 0.975 0.65859375 0.0421875 0.05703125
1 0.9734375 0.71953125 0.046875 0.05859375
1 0.9765625 0.78359375 0.046875 0.0609375
1 0.9765625 0.84375 0.0453125 0.053125
1 0.978125 0.90078125 0.04375 0.0609375
1 0.978125 0.96171875 0.0421875 0.0609375
1 0.9984375 0.74140625 0.003125 0.04765625
1 0.9984375 0.6859375 0.003125 0.05703125
1 0.9984375 0.62734375 0.0015625 0.05703125
1 0.996875 0.56484375 0.0046875 0.05703125
1 0.996875 0.50859375 0.0046875 0.053125
1 0.9953125 0.44921875 0.0078125 0.0625
1 0.5671875 0.16171875 0.059375 0.0734375
1 0.61875 0.2 0.0484375 0.05859375
1 0.709375 0.1890625 0.04375 0.053125
1 0.75 0.22421875 0.0609375 0.06953125
1 0.4484375 0.20703125 0.046875 0.04609375
1 0.61875 0.3171875 0.05 0.0546875
1 0.6609375 0.28828125 0.046875 0.0515625
1 0.75 0.2828125 0.053125 0.05703125
1 0.746875 0.3453125 0.05625 0.0640625
1 0.7953125 0.37578125 0.0515625 0.06796875
1 0.4515625 0.2609375 0.0546875 0.06640625
1 0.490625 0.28828125 0.053125 0.0609375
1 0.403125 0.29375 0.0609375 0.06640625
1 0.3578125 0.32265625 0.0609375 0.06796875
1 0.4078125 0.359375 0.05625 0.0625
1 0.3625 0.3890625 0.0578125 0.05859375
1 0.365625 0.44921875 0.05625 0.0546875
1 0.453125 0.38515625 0.053125 0.05703125
1 0.4921875 0.3484375 0.05625 0.05859375
1 0.5359375 0.3796875 0.053125 0.06796875
1 0.4921875 0.41640625 0.0546875 0.0640625
1 0.4515625 0.4625 0.0640625 0.06953125
1 0.540625 0.44765625 0.0515625 0.0609375
1 0.5328125 0.50859375 0.0625 0.06640625
1 0.540625 0.61796875 0.05 0.0609375
1 0.7484375 0.4109375 0.0546875 0.0609375
1 0.7515625 0.4734375 0.0578125 0.06640625
1 0.7109375 0.50078125 0.0578125 0.06953125
1 0.75625 0.52265625 0.0453125 0.0515625
1 0.7109375 0.559375 0.0515625 0.0546875
1 0.7546875 0.58203125 0.053125 0.0640625
1 0.8 0.5578125 0.0484375 0.06953125
1 0.3125 0.29375 0.0515625 0.053125
1 0.3140625 0.35625 0.0546875 0.06640625
1 0.271875 0.38203125 0.0609375 0.06953125
1 0.2328125 0.41640625 0.05625 0.0625
1 0.2703125 0.43828125 0.0453125 0.053125
1 0.3140625 0.4734375 0.059375 0.0640625
1 0.2359375 0.48046875 0.0578125 0.06640625
1 0.0515625 0.23671875 0.05 0.0640625
1 0.0484375 0.296875 0.05 0.05859375
1 0.01875 0.325 0.0359375 0.06640625
1 0.021875 0.39609375 0.0421875 0.0625
1 0.09375 0.271875 0.04375 0.05703125
1 0.1453125 0.28984375 0.053125 0.06796875
1 0.09375 0.33046875 0.059375 0.0625
1 0.2265625 0.2953125 0.0453125 0.05703125
1 0.1859375 0.325 0.04375 0.0546875
1 0.184375 0.38359375 0.0546875 0.06640625
1 0.1421875 0.41640625 0.053125 0.0625
1 0.1859375 0.44921875 0.053125 0.0609375
1 0.190625 0.51015625 0.0515625 0.0640625
1 0.234375 0.54296875 0.053125 0.0625
1 0.015625 0.453125 0.03125 0.0515625
1 0.05625 0.4859375 0.046875 0.05859375
1 0.01875 0.5171875 0.0375 0.06953125
1 0.05625 0.54296875 0.0515625 0.06796875
1 0.809375 0.62734375 0.0484375 0.06640625
1 0.7578125 0.64609375 0.05 0.0625
1 0.7203125 0.66640625 0.04375 0.0515625
1 0.8046875 0.68046875 0.05 0.06640625
1 0.7546875 0.70859375 0.053125 0.06796875
1 0.709375 0.7375 0.0515625 0.0546875
1 0.7578125 0.76875 0.053125 0.06953125
1 0.80625 0.7375 0.0484375 0.05859375
1 0.8515625 0.82734375 0.0515625 0.06796875
1 0.7140625 0.8 0.05 0.06953125
1 0.665625 0.83515625 0.0546875 0.07890625
1 0.7140625 0.8609375 0.05625 0.06953125
1 0.759375 0.83515625 0.0515625 0.0609375
1 0.803125 0.8609375 0.0453125 0.06796875
1 0.76875 0.903125 0.05 0.0625
1 0.71875 0.92109375 0.0625 0.08046875
1 0.8015625 0.91953125 0.0484375 0.04921875
1 0.8515625 0.946875 0.05 0.0609375
1 0.8046875 0.96953125 0.05625 0.0609375
1 0.85625 0.98984375 0.04375 0.0203125
1 0.75703125 0.9875 0.0515625 0.025
1 0.7140625 0.975 0.05 0.04921875
1 0.6734375 0.99140625 0.059375 0.01640625
1 0.6328125 0.91953125 0.046875 0.0546875
1 0.14375 0.59609375 0.0578125 0.0625
1 0.1515625 0.65703125 0.0609375 0.0609375
1 0.075 0.63125 0.0390625 0.03515625
1 0.0625 0.6609375 0.0421875 0.053125
1 0.1015625 0.68828125 0.05625 0.06953125
1 0.021875 0.6859375 0.04375 0.0515625
1 0.0625 0.7171875 0.046875 0.04921875
1 0.0265625 0.98203125 0.053125 0.0359375
1 0.0265625 0.9375 0.0515625 0.05859375
1 0.021875 0.87890625 0.04375 0.0625
1 0.025 0.81640625 0.0484375 0.06640625
1 0.01875 0.75234375 0.0359375 0.06640625
1 0.065625 0.78359375 0.059375 0.075
1 0.1109375 0.7484375 0.0515625 0.0609375
1 0.1125 0.81640625 0.05 0.0625
1 0.0671875 0.903125 0.053125 0.071875
1 0.109375 0.93359375 0.05 0.06953125
1 0.1546875 0.90078125 0.0546875 0.05859375
1 0.1078125 0.97890625 0.059375 0.0421875
1 0.5453125 0.928125 0.0546875 0.06796875
1 0.3640625 0.55625 0.040625 0.0546875
1 0.453125 0.56171875 0.0484375 0.05703125
1 0.409375 0.5890625 0.0515625 0.0625
1 0.409375 0.6546875 0.053125 0.0640625
1 0.409375 0.715625 0.05625 0.0546875
1 0.19375 0.746875 0.0546875 0.0640625
1 0.2421875 0.72109375 0.05625 0.0625
1 0.3171875 0.71171875 0.0609375 0.05703125
1 0.28125 0.7453125 0.0453125 0.0546875
1 0.2421875 0.7796875 0.053125 0.053125
1 0.275 0.809375 0.04375 0.05703125
1 0.3203125 0.77578125 0.05625 0.0609375
1 0.3640625 0.7484375 0.046875 0.04375
1 0.3171875 0.83828125 0.0515625 0.053125
1 0.2765625 0.86953125 0.0515625 0.0609375
1 0.2390625 0.90859375 0.0578125 0.0515625
1 0.5828125 0.76328125 0.04375 0.0609375
1 0.584375 0.82734375 0.0515625 0.0640625
1 0.5390625 0.73359375 0.040625 0.04921875
1 0.5390625 0.8 0.0390625 0.07734375
1 0.5015625 0.7671875 0.0453125 0.0546875
1 0.5015625 0.82734375 0.04375 0.06640625
1 0.4625 0.80546875 0.0484375 0.053125
1 0.415625 0.83671875 0.0515625 0.06640625
1 0.365625 0.86640625 0.0546875 0.05703125
1 0.4140625 0.8953125 0.0515625 0.05703125
1 0.459375 0.871875 0.053125 0.0640625
1 0.3640625 0.92265625 0.0578125 0.0640625
1 0.4578125 0.93203125 0.0625 0.06953125
1 0.4109375 0.9640625 0.0625 0.071875
1 0.2390625 0.9578125 0.0578125 0.06640625
1 0.19453125 0.9859375 0.0671875 0.02734375
1 0.24140625 0.9953125 0.0546875 0.009375
1 0.284375 0.9859375 0.05625 0.02734375
1 0.3234375 0.96171875 0.05625 0.071875
1 0.36953125 0.98203125 0.0546875 0.0359375
1 0.4578125 0.984375 0.059375 0.03125