1 0.0609375 0.0703125 0.12109375 0.13984375
1 0.06171875 0.24921875 0.12265625 0.21015625
1 0.05703125 0.4796875 0.1140625 0.2
1 0.06015625 0.696875 0.11953125 0.2375
1 0.06953125 0.90859375 0.1390625 0.1828125
1 0.20390625 0.95859375 0.1984375 0.0828125
1 0.19765625 0.78828125 0.1578125 0.20625
1 0.19453125 0.57578125 0.1828125 0.19296875
1 0.1875 0.35625 0.15625 0.1890625
1 0.1890625 0.128125 0.17421875 0.20234375
1 0.3515625 0.0640625 0.1609375 0.128125
1 0.3625 0.2375 0.17265625 0.2078125
1 0.35859375 0.453125 0.17578125 0.19453125
1 0.365625 0.66953125 0.14609375 0.18671875
1 0.37578125 0.89296875 0.184375 0.21171875
1 0.3765625 0.9921875 0.14453125 0.015625
1 0.5203125 0.1203125 0.153125 0.19453125
1 0.51015625 0.32265625 0.159375 0.18671875
1 0.51484375 0.571875 0.1640625 0.2234375
1 0.51796875 0.79375 0.17109375 0.20625
1 0.52734375 0.95 0.17109375 0.09921875
1 0.66796875 0.0546875 0.17265625 0.10859375
1 0.67265625 0.2140625 0.19453125 0.21953125
1 0.678125 0.43203125 0.19609375 0.2234375
1 0.67109375 0.65546875 0.17578125 0.20234375
1 0.6875 0.88125 0.19921875 0.20625
1 0.85 0.93984375 0.14765625 0.1203125
1 0.84921875 0.7546875 0.159375 0.20234375
1 0.85234375 0.55234375 0.153125 0.17734375
1 0.85703125 0.32890625 0.15078125 0.1890625
1 0.8359375 0.10625 0.1359375 0.21171875
1 0.96171875 0.22890625 0.0765625 0.18515625
1 0.96015625 0.4375 0.0796875 0.17890625
1 0.96328125 0.65859375 0.0734375 0.16953125
1 0.96328125 0.86953125 0.0734375 0.20625
1 0.9546875 0.05390625 0.090625 0.1078125