1 0.0546875 0.01640625 0.075 0.0328125
1 0.1375 0.0421875 0.0796875 0.06953125
1 0.2046875 0.0828125 0.0796875 0.096875
1 0.0640625 0.0828125 0.08125 0.09921875
1 0.128125 0.1265625 0.084375 0.103125
1 0.0265625 0.221875 0.0515625 0.1265625
1 0.3328125 0.0828125 0.075 0.08046875
1 0.58125 0.06640625 0.0578125 0.08046875
1 0.33125 0.16328125 0.0625 0.0734375
1 0.45 0.16484375 0.0609375 0.06640625
1 0.39375 0.20390625 0.075 0.0953125
1 0.453125 0.2609375 0.078125 0.0859375
1 0.5796875 0.253125 0.06875 0.09140625
1 0.2703125 0.209375 0.08125 0.09375
1 0.1984375 0.25859375 0.090625 0.10078125
1 0.2703125 0.30078125 0.0734375 0.10078125
1 0.3375 0.2640625 0.090625 0.09921875
1 0.071875 0.36328125 0.05625 0.06640625
1 0.01875 0.40703125 0.0375 0.0859375
1 0.1296875 0.4015625 0.078125 0.10859375
1 0.0703125 0.453125 0.078125 0.09921875
1 0.2 0.359375 0.0921875 0.10078125
1 0.20625 0.4515625 0.09375 0.09921875
1 0.2765625 0.40390625 0.0859375 0.11953125
1 0.3328125 0.35078125 0.065625 0.0859375
1 0.3890625 0.38359375 0.059375 0.08984375
1 0.3375 0.44609375 0.0765625 0.07890625
1 0.4078125 0.49140625 0.0625 0.0859375
1 0.5890625 0.4421875 0.084375 0.103125
1 0.5921875 0.5390625 0.0921875 0.09375
1 0.4578125 0.5359375 0.05625 0.07734375
1 0.5203125 0.5703125 0.0828125 0.08046875
1 0.46875 0.6 0.0859375 0.0859375
1 0.5296875 0.64609375 0.0703125 0.09140625
1 0.5953125 0.69140625 0.06875 0.09921875
1 0.5921875 0.7796875 0.065625 0.08046875
1 0.478125 0.68984375 0.084375 0.09375
1 0.403125 0.728125 0.071875 0.09140625
1 0.46875 0.78359375 0.0765625 0.08984375
1 0.0203125 0.49375 0.040625 0.103125
1 0.0203125 0.578125 0.0390625 0.0953125
1 0.028125 0.6625 0.05625 0.103125
1 0.0703125 0.54296875 0.084375 0.10078125
1 0.0703125 0.62578125 0.0609375 0.0859375
1 0.13125 0.48984375 0.078125 0.08828125
1 0.1359375 0.58203125 0.090625 0.09375
1 0.1359375 0.66796875 0.0875 0.08046875
1 0.20625 0.54140625 0.0953125 0.11171875
1 0.33125 0.53359375 0.071875 0.08046875
1 0.2765625 0.56328125 0.071875 0.084375
1 0.34375 0.61796875 0.0796875 0.0859375
1 0.2734375 0.6546875 0.0984375 0.10625
1 0.265625 0.74296875 0.090625 0.0859375
1 0.3390625 0.79453125 0.090625 0.1140625
1 0.59140625 0.9640625 0.0796875 0.071875
1 0.5921875 0.87734375 0.08125 0.103125
1 0.3984375 0.82421875 0.0828125 0.08984375
1 0.471875 0.871875 0.090625 0.096875
1 0.5328125 0.925 0.0796875 0.1046875
1 0.46484375 0.95859375 0.0953125 0.0828125
1 0.0734375 0.790625 0.0828125 0.084375
1 0.1390625 0.746875 0.090625 0.08828125
1 0.203125 0.79296875 0.0875 0.096875
1 0.271875 0.840625 0.0859375 0.09140625
1 0.340625 0.96484375 0.075 0.06953125
1 0.4046875 0.98359375 0.078125 0.0328125
1 0.0765625 0.884375 0.0796875 0.08828125
1 0.01875 0.93046875 0.0375 0.10078125
1 0.07109375 0.96953125 0.0859375 0.0609375
1 0.15 0.93359375 0.0796875 0.11171875
1 0.146875 0.9890625 0.078125 0.021875
1 0.7984375 0.8609375 0.065625 0.07734375
1 0.8609375 0.9046875 0.0734375 0.0859375
1 0.8640625 0.821875 0.0703125 0.07890625
1 0.9265625 0.85703125 0.0703125 0.0828125
1 0.975 0.90078125 0.0484375 0.07890625
1 0.790625 0.778125 0.0703125 0.0828125
1 0.859375 0.7265625 0.0671875 0.08828125
1 0.9296875 0.76328125 0.075 0.103125
1 0.978125 0.809375 0.04375 0.0828125
1 0.7875 0.3359375 0.06875 0.084375
1 0.7890625 0.421875 0.071875 0.08046875
1 0.79375 0.51015625 0.078125 0.08828125
1 0.7953125 0.5984375 0.08125 0.08046875
1 0.79375 0.684375 0.08125 0.09921875
1 0.859375 0.46953125 0.0703125 0.08984375
1 0.8609375 0.55625 0.075 0.08984375
1 0.8625 0.64609375 0.0796875 0.09375
1 0.928125 0.671875 0.071875 0.07890625
1 0.975 0.72265625 0.0484375 0.09921875
1 0.925 0.42421875 0.0671875 0.08046875
1 0.93125 0.5046875 0.06875 0.08828125
1 0.9296875 0.58515625 0.0625 0.0828125
1 0.975 0.62578125 0.0484375 0.0859375
1 0.9765625 0.5453125 0.046875 0.09140625
1 0.975 0.45859375 0.0484375 0.09375
1 0.7875 0.2515625 0.078125 0.084375
1 0.8515625 0.28984375 0.06875 0.07890625
1 0.9203125 0.3375 0.084375 0.08984375
1 0.9734375 0.37265625 0.0515625 0.0859375
1 0.9765625 0.2859375 0.046875 0.09140625
1 0.7875 0.16328125 0.071875 0.084375
1 0.7828125 0.0734375 0.0734375 0.08828125
1 0.7796875 0.01484375 0.075 0.0296875
1 0.85625 0.03515625 0.08125 0.06953125
1 0.921875 0.05859375 0.0703125 0.08828125
1 0.8578125 0.1140625 0.0828125 0.084375
1 0.9203125 0.16171875 0.0734375 0.0953125
1 0.8546875 0.19609375 0.078125 0.08828125
1 0.9203125 0.24609375 0.09375 0.084375
1 0.9734375 0.19296875 0.0515625 0.084375
1 0.971875 0.10859375 0.0546875 0.0828125
1 0.9671875 0.0296875 0.0640625 0.05703125