1 0.975 0.08125 0.05 0.09375
1 0.91640625 0.04296875 0.0859375 0.08515625
1 0.9125 0.125 0.07265625 0.08125
1 0.84453125 0.08125 0.07421875 0.1015625
1 0.76953125 0.04296875 0.0796875 0.08515625
1 0.69609375 0.0890625 0.07578125 0.1015625
1 0.62109375 0.04765625 0.0828125 0.0953125
1 0.5484375 0.0359375 0.07265625 0.07109375
1 0.96796875 0.1828125 0.0640625 0.1109375
1 0.98046875 0.28671875 0.0390625 0.08515625
1 0.90703125 0.2265625 0.0828125 0.09296875
1 0.84296875 0.1828125 0.0796875 0.103125
1 0.7671875 0.23828125 0.07265625 0.09296875
1 0.7046875 0.184375 0.07734375 0.0875
1 0.63515625 0.14453125 0.07734375 0.1015625
1 0.55546875 0.10546875 0.0828125 0.09921875
1 0.4765625 0.0515625 0.0875 0.09140625
1 0.4015625 0.03984375 0.0859375 0.0796875
1 0.3328125 0.05390625 0.05546875 0.0578125
1 0.97578125 0.4625 0.0484375 0.096875
1 0.97265625 0.375 0.05390625 0.0875
1 0.92265625 0.315625 0.0828125 0.0953125
1 0.84453125 0.27578125 0.0859375 0.096875
1 0.9171875 0.41875 0.0796875 0.0953125
1 0.84453125 0.375 0.0875 0.1171875
1 0.771875 0.3296875 0.0828125 0.096875
1 0.69609375 0.28203125 0.0859375 0.1109375
1 0.6296875 0.24609375 0.0828125 0.09921875
1 0.5625 0.20234375 0.07421875 0.09296875
1 0.4796875 0.14296875 0.07578125 0.07734375
1 0.3984375 0.11328125 0.06953125 0.08515625
1 0.40390625 0.20625 0.07734375 0.09921875
1 0.478125 0.23984375 0.07578125 0.09921875
1 0.55546875 0.29921875 0.07265625 0.0890625
1 0.625 0.3453125 0.07734375 0.096875
1 0.69765625 0.38515625 0.09140625 0.0953125
1 0.76328125 0.43046875 0.08984375 0.10703125
1 0.8515625 0.47421875 0.0859375 0.10546875
1 0.9203125 0.5296875 0.09296875 0.10703125
1 0.9765625 0.571875 0.046875 0.1125
1 0.9703125 0.659375 0.059375 0.096875
1 0.92265625 0.71796875 0.0796875 0.09296875
1 0.915625 0.63125 0.084375 0.0953125
1 0.853125 0.57578125 0.0796875 0.09296875
1 0.7734375 0.5296875 0.0875 0.0953125
1 0.7046875 0.48046875 0.09140625 0.103125
1 0.621875 0.42421875 0.08984375 0.09140625
1 0.55234375 0.3828125 0.08984375 0.09921875
1 0.4828125 0.34296875 0.0796875 0.096875
1 0.4125 0.38671875 0.0609375 0.07109375
1 0.4 0.3015625 0.0828125 0.096875
1 0.4765625 0.440625 0.07109375 0.0875
1 0.41015625 0.4921875 0.07578125 0.10703125
1 0.5453125 0.484375 0.07734375 0.10703125
1 0.6203125 0.52578125 0.0875 0.109375
1 0.5625 0.57734375 0.06953125 0.0671875
1 0.70078125 0.5796875 0.08125 0.1015625
1 0.7734375 0.6328125 0.07578125 0.10703125
1 0.84765625 0.66640625 0.08984375 0.10546875
1 0.978125 0.95390625 0.04375 0.0921875
1 0.97578125 0.865625 0.0484375 0.1125
1 0.975 0.7609375 0.05 0.096875
1 0.91875 0.815625 0.09609375 0.1171875
1 0.84765625 0.76796875 0.08984375 0.10546875
1 0.93046875 0.91484375 0.0828125 0.09140625
1 0.93125 0.978125 0.0796875 0.04375
1 0.85859375 0.96796875 0.0796875 0.06328125
1 0.85 0.8828125 0.09609375 0.1109375
1 0.7734375 0.72421875 0.09609375 0.1171875
1 0.7734375 0.82109375 0.08984375 0.103125
1 0.77734375 0.9203125 0.09140625 0.109375
1 0.78046875 0.98203125 0.084375 0.0359375
1 0.04375 0.059375 0.0859375 0.10546875
1 0.00703125 0.109375 0.01328125 0.11875
1 0.3328125 0.15703125 0.0796875 0.09140625
1 0.2671875 0.10546875 0.0828125 0.09296875
1 0.1921875 0.06171875 0.0796875 0.0796875
1 0.1203125 0.11484375 0.0796875 0.0875
1 0.04765625 0.16875 0.08125 0.1015625
1 0.009375 0.2140625 0.01875 0.11484375
1 0.009375 0.315625 0.01875 0.103125
1 0.33984375 0.24375 0.07734375 0.096875
1 0.271875 0.2046875 0.07265625 0.0875
1 0.19765625 0.15703125 0.0796875 0.10703125
1 0.125 0.20859375 0.0828125 0.109375
1 0.05546875 0.26796875 0.08125 0.0953125
1 0.04921875 0.3515625 0.0796875 0.09921875
1 0.009375 0.4078125 0.01875 0.1015625
1 0.190625 0.25234375 0.07265625 0.096875
1 0.1265625 0.3078125 0.06953125 0.0953125
1 0.19453125 0.3375 0.0875 0.0890625
1 0.2703125 0.29140625 0.07734375 0.09296875
1 0.3375 0.33515625 0.07578125 0.0890625
1 0.34296875 0.53203125 0.07421875 0.09140625
1 0.27734375 0.478125 0.07265625 0.0953125
1 0.33984375 0.434375 0.0796875 0.1015625
1 0.2703125 0.3890625 0.09296875 0.09140625
1 0.19453125 0.5375 0.0859375 0.096875
1 0.19453125 0.43671875 0.084375 0.1015625
1 0.125 0.40078125 0.07578125 0.09921875
1 0.0453125 0.4484375 0.07421875 0.09921875
1 0.11484375 0.49375 0.09296875 0.0953125
1 0.05078125 0.54765625 0.07265625 0.0953125
1 0.69921875 0.67890625 0.07421875 0.096875
1 0.70234375 0.771875 0.07421875 0.09921875
1 0.70078125 0.87109375 0.07734375 0.1109375
1 0.71171875 0.96171875 0.0765625 0.0765625
1 0.63359375 0.9203125 0.0796875 0.08515625
1 0.56484375 0.96796875 0.0828125 0.06328125
1 0.625 0.62890625 0.07734375 0.08515625
1 0.628125 0.73203125 0.0875 0.1171875
1 0.6296875 0.82578125 0.0828125 0.0875
1 0.55390625 0.8671875 0.07265625 0.096875
1 0.55546875 0.7734375 0.0796875 0.09296875
1 0.55390625 0.6703125 0.07734375 0.1015625
1 0.48828125 0.61875 0.0828125 0.10546875
1 0.415625 0.58359375 0.07421875 0.08515625
1 0.41015625 0.67265625 0.07578125 0.09296875
1 0.48984375 0.7265625 0.07734375 0.09140625
1 0.48515625 0.82109375 0.084375 0.0953125
1 0.48515625 0.9125 0.07421875 0.09921875
1 0.49296875 0.9796875 0.0671875 0.040625
1 0.41875 0.96328125 0.0671875 0.0734375
1 0.34453125 0.98203125 0.0875 0.0359375
1 0.4171875 0.87265625 0.07578125 0.0890625
1 0.41875 0.771875 0.0859375 0.09921875
1 0.34140625 0.62109375 0.084375 0.1015625
1 0.3359375 0.73046875 0.0828125 0.0875
1 0.3359375 0.815625 0.0796875 0.0890625
1 0.33984375 0.9125 0.103125 0.10546875
1 0.271875 0.57734375 0.07421875 0.08125
1 0.26484375 0.68671875 0.07109375 0.09921875
1 0.20234375 0.6484375 0.08125 0.103125
1 0.1234375 0.5890625 0.09140625 0.08515625
1 0.05234375 0.64296875 0.07734375 0.096875
1 0.0125 0.590625 0.025 0.09296875
1 0.0109375 0.69609375 0.021875 0.09921875
1 0.2671875 0.778125 0.08125 0.0953125
1 0.275 0.88671875 0.084375 0.109375
1 0.2703125 0.971875 0.08125 0.05546875
1 0.19453125 0.7359375 0.0796875 0.09140625
1 0.125 0.69609375 0.0859375 0.096875
1 0.05390625 0.7359375 0.07734375 0.09140625
1 0.0109375 0.7953125 0.021875 0.09921875
1 0.0125 0.89609375 0.025 0.11328125
1 0.01640625 0.9703125 0.03203125 0.059375
1 0.21015625 0.99609375 0.065625 0.0078125
1 0.13125 0.9703125 0.0796875 0.059375
1 0.059375 0.99609375 0.0875 0.0078125
1 0.05546875 0.9421875 0.0875 0.0953125
1 0.05078125 0.8453125 0.07734375 0.1109375
1 0.20234375 0.9328125 0.08125 0.10546875
1 0.20078125 0.83515625 0.07734375 0.0890625
1 0.1234375 0.7859375 0.0859375 0.0796875
1 0.125 0.890625 0.0859375 0.09921875