1 0.871875 0.92421875 0.19296875 0.15078125
1 0.878125 0.7421875 0.2078125 0.2171875
1 0.884375 0.52890625 0.1828125 0.203125
1 0.88125 0.30625 0.1734375 0.225
1 0.88203125 0.09609375 0.16640625 0.1921875
1 0.70859375 0.0328125 0.1796875 0.065625
1 0.69609375 0.2 0.21796875 0.234375
1 0.7125 0.43984375 0.16640625 0.2109375
1 0.71640625 0.64921875 0.146875 0.1703125
1 0.7046875 0.8625 0.15546875 0.20703125
1 0.565625 0.94453125 0.1515625 0.11015625
1 0.55625 0.7421875 0.15 0.1546875
1 0.54609375 0.54453125 0.15859375 0.209375
1 0.553125 0.30234375 0.16015625 0.19609375
1 0.553125 0.0890625 0.11875 0.15859375
1 0.384375 0.1765625 0.1734375 0.19765625
1 0.3875 0.42265625 0.16171875 0.2
1 0.39765625 0.65859375 0.15 0.19375
1 0.40390625 0.8625 0.15 0.17265625
1 0.24140625 0.91640625 0.1828125 0.16640625
1 0.240625 0.73046875 0.19765625 0.2328125
1 0.2375 0.50546875 0.178125 0.22109375
1 0.2328125 0.296875 0.19453125 0.19609375
1 0.23125 0.10078125 0.16484375 0.1859375
1 0.07890625 0.0390625 0.15546875 0.07734375
1 0.07578125 0.18515625 0.1515625 0.2109375
1 0.07109375 0.4265625 0.1421875 0.19375
1 0.071875 0.62890625 0.14375 0.17265625
1 0.084375 0.84765625 0.16796875 0.19609375
1 0.00703125 0.540625 0.0140625 0.2
1 0.0015625 0.109375 0.003125 0.18828125
1 0.97421875 0.025 0.05078125 0.05
1 0.9703125 0.16796875 0.059375 0.2265625
1 0.97734375 0.39765625 0.04453125 0.2328125
1 0.98046875 0.625 0.0390625 0.2
1 0.9890625 0.83203125 0.02109375 0.2109375