1 0.68828125 0.29296875 0.1765625 0.2015625
1 0.859375 0.56171875 0.18984375 0.2234375
1 0.85390625 0.88828125 0.1796875 0.19140625
1 0.40859375 0.0640625 0.18671875 0.12734375
1 0.2359375 0.0140625 0.17265625 0.028125
1 0.36796875 0.2234375 0.1625 0.196875
1 0.45390625 0.64140625 0.196875 0.22109375
1 0.60625 0.921875 0.1875 0.15625
1 0.70859375 0.65546875 0.178125 0.209375
1 0.95078125 0.296875 0.0984375 0.1875
1 0.95234375 0.028125 0.09453125 0.05546875
1 0.053125 0.1109375 0.10625 0.21875
1 0.040625 0.4640625 0.08125 0.203125
1 0.2359375 0.46015625 0.19296875 0.2015625
1 0.0375 0.81484375 0.07421875 0.24296875
1 0.7515625 0.03515625 0.15390625 0.06953125
1 0.95078125 0.82890625 0.0984375 0.26328125
1 0.2359375 0.6390625 0.21328125 0.24140625
1 0.221875 0.1078125 0.16953125 0.196875
1 0.7171875 0.13125 0.14921875 0.14921875
1 0.5 0.43203125 0.184375 0.209375
1 0.46640625 0.94296875 0.19296875 0.11328125
1 0.596875 0.746875 0.1359375 0.19140625
1 0.4 0.33671875 0.115625 0.11328125