1 0.0984375 0.9421875 0.17890625 0.11484375
1 0.12421875 0.77265625 0.15859375 0.18515625
1 0.11171875 0.5421875 0.21484375 0.24921875
1 0.11171875 0.29609375 0.2078125 0.2
1 0.1125 0.084375 0.175 0.16796875
1 0.26328125 0.1640625 0.2 0.21484375
1 0.28125 0.4171875 0.19140625 0.19765625
1 0.28515625 0.65078125 0.15546875 0.2
1 0.290625 0.8828125 0.16640625 0.1890625
1 0.459375 0.9421875 0.1640625 0.11484375
1 0.44609375 0.76796875 0.2109375 0.2171875
1 0.46015625 0.5421875 0.16953125 0.2109375
1 0.4640625 0.30859375 0.175 0.2
1 0.46171875 0.10546875 0.20546875 0.2109375
1 0.653125 0.1875 0.184375 0.18515625
1 0.64453125 0.4171875 0.175 0.2234375
1 0.64453125 0.6578125 0.1640625 0.2234375
1 0.63203125 0.89609375 0.16640625 0.2
1 0.796875 0.946875 0.2109375 0.10625
1 0.8125 0.77421875 0.16953125 0.1875
1 0.815625 0.5578125 0.18046875 0.23203125
1 0.825 0.30859375 0.1953125 0.2234375
1 0.8296875 0.09921875 0.18984375 0.19765625
1 0.953125 0.17890625 0.09375 0.20390625
1 0.94375 0.4125 0.11171875 0.22109375
1 0.9453125 0.6546875 0.109375 0.240625
1 0.94453125 0.88046875 0.1109375 0.2234375
1 0.64765625 0.0296875 0.18046875 0.059375
1 0.278125 0.028125 0.203125 0.05625
1 0.9546875 0.0296875 0.090625 0.059375