1 0.709375 0.1625 0.26015625 0.246875
1 0.9109375 0.28828125 0.178125 0.26171875
1 0.69375 0.46796875 0.31015625 0.2921875
1 0.9296875 0.59765625 0.140625 0.26484375
1 0.9171875 0.8765625 0.165625 0.246875
1 0.6796875 0.78125 0.25703125 0.25703125
1 0.48515625 0.9265625 0.2765625 0.146875
1 0.15625 0.8640625 0.25 0.2703125
1 0.43203125 0.6609375 0.23828125 0.24296875
1 0.40859375 0.30859375 0.24296875 0.26484375
1 0.1546875 0.48984375 0.246875 0.26875
1 0.1453125 0.18515625 0.28515625 0.30234375